red hot chili peppers, the black dahlia murder, goldfrapp, dropkick murphys, le tigre, schandmaul, edguy, jack johnson, eluveitie, the killers, judas priest, rob zombie, john mayer, the who, guano apes, the rolling stones
devendra banhart, boards of canada, cocorosie, aphex twin, animal collective, atmosphere, joanna newsom, air, portishead, massive attack, broken social scene, arcade fire, plaid, prefuse 73, m83, the flashbulb, pavement, goldfrapp, amon tobin, sage francis, four tet, max richter, autechre, radiohead, neutral milk hotel, beastie boys, aesop rock, mf doom, the books
tv on the radio, tool, kyuss, dj shadow, air, a tribe called quest, the cinematic orchestra, beck, bon iver, r?yksopp, bonobo, the decemberists, snow patrol, battles, the prodigy, pink floyd, rjd2, the flaming lips, michael jackson, mgmt, the rolling stones, late of the pier, flight of the conchords, simian mobile disco, muse, fleetwood mac, led zeppelin
dream theater, ac/dc, metallica, iron maiden, bob marley & the wailers, megadeth, children of bodom, trivium, nightwish, sublime, volbeat
lily allen, kanye west, sigur rós, pink floyd, stevie wonder, metallica, thievery corporation, iron maiden, the streets, muse, faith no more, manu chao, tenacious d, depeche mode, justin timberlake, green day, snow patrol, dream theater, u2, jay-z, type o negative, pearl jam, queen
soundgarden, stone temple pilots, buckethead, dream theater, alice in chains, type o negative, pink floyd, rush, king crimson, camel, ac/dc, tool, disturbed, oasis, jethro tull, porcupine tree, audioslave, aerosmith, pearl jam, the verve, rammstein, led zeppelin
arch enemy, strapping young lad, kreator, children of bodom, iron maiden, sabaton, helloween, mastodon, pantera, manowar, gojira, devildriver, slayer, hammerfall, hatebreed, in flames, meshuggah, finntroll, gamma ray
queen, the beatles, lynyrd skynyrd, neil young, the rolling stones, the who, led zeppelin, pink floyd, black sabbath, the police, t. rex, simon & garfunkel, eagles, jimi hendrix, jethro tull, bee gees, van halen, iron maiden, bob dylan, kiss, ac/dc, tenacious d, aerosmith, ennio morricone, scorpions, bruce springsteen, dire straits, guns n roses, inxs, rammstein
thom yorke, tom waits, the notwist, einstürzende neubauten, the flaming lips, billie holiday, the books
sonic youth, the fall, mogwai, the velvet underground, stereolab, my bloody valentine, the radio dept., the kinks
sonata arctica, infected mushroom, iron maiden, creedence clearwater revival, nightwish, mindless self indulgence, electric light orchestra, john williams, michael jackson, fleetwood mac, aphex twin
the kills, a perfect circle, crystal castles, beck, coldplay, kent, interpol, nine inch nails, sonic youth, beirut, gorillaz, mgmt, the radio dept., h?kan hellstr?m, the kooks, klaxons, fischerspooner, bob marley & the wailers, portishead, sex pistols, iron & wine, the shins, yo la tengo, the libertines, thom yorke, r?yksopp, animal collective, nouvelle vague, josé gonzález, bloc party, ladytron, placebo, le tigre, n*e*r*d, cut copy, daft punk, cocorosie, the wombats, múm, the postal service, franz ferdinand
of montreal, the magnetic fields, devo, talking heads, fall out boy, pinback, cocorosie, regina spektor, interpol, beck, the dandy warhols, the mountain goats, radiohead, ratatat, clap your hands say yeah, the strokes, pixies, frank zappa, david bowie, architecture in helsinki, the sounds, the beatles, tom waits, john frusciante, mgmt, beirut, blink-182, joy division
the jam, max?mo park, supergrass, simon & garfunkel, paul simon, blur, oasis, snow patrol, the who, r.e.m., arctic monkeys, babyshambles, kasabian, the libertines, kings of leon, pulp, radiohead, john lennon, the strokes, the stone roses, dirty pretty things, editors, paul mccartney, the cure, joy division, the fratellis, u2, david bowie, doves, the rolling stones, the prodigy, new order
ramones, the clash, franz ferdinand, jamiroquai, the rolling stones, the who, radiohead, the kinks, mando diao, the chemical brothers, buzzcocks, the pogues
the byrds, leonard cohen, the beatles, simon & garfunkel, queen, tom waits, the beach boys, neil young, johnny cash, the kinks, bruce springsteen, the rolling stones, john lennon, billy joel, jonas brothers
fleetwood mac, madonna, ladytron, hooverphonic, mariah carey, michael jackson, garbage, simple plan
toto, the doors, kent, the smiths, pink floyd, sex pistols, dropkick murphys, bob dylan, pearl jam, no doubt, morrissey, rage against the machine, various artists, m?tley crüe, cypress hill, the pogues, miles davis, the hives, the police, tool, blondie, jay-z, jimi hendrix, moby, dire straits, guns n roses
stereolab, hot chip, tortoise, r.e.m., david bowie, new order, hercules and love affair, kate bush, neil young, of montreal, animal collective, portishead, stevie wonder, prince, steely dan, pet shop boys, talking heads, the cure, depeche mode, miles davis
jamiroquai, tori amos, jazzanova, radiohead, st. germain, marvin gaye, moloko, nightmares on wax, the verve, nick cave and the bad seeds, de-phazz, blonde redhead, diana krall, massive attack, cocorosie, dave matthews band, the smiths, jamie cullum, joy division, porcupine tree, thievery corporation, róisín murphy
nick cave and the bad seeds, black flag, the gossip, édith piaf, misfits, deerhoof, tom waits, peaches, turbonegro, leonard cohen, antony and the johnsons, crystal castles, the black keys, minor threat, of montreal, devendra banhart, the zombies, rufus wainwright, the doors, the dresden dolls, gogol bordello, the kills, nouvelle vague
death cab for cutie, tegan and sara, kimya dawson, die ?rzte, jack johnson, coldplay, the kooks, the fray, mando diao, farin urlaub, a fine frenzy, die toten hosen, deichkind, razorlight, clueso, evanescence, linkin park, seeed, three days grace, cute is what we aim for, incubus, buena vista social club, counting crows, paolo nutini, the strokes, keane, belle and sebastian, adam green, story of the year, paramore, nouvelle vague, ok go, foo fighters
the beatles, u2, the decemberists, keane, blind guardian, vangelis, moby, enya, johann sebastian bach, kt tunstall, led zeppelin, blackfield, lifehouse, elvis presley, archive, enigma, nightwish, amy macdonald, robbie williams, queen, belle and sebastian, loreena mckennitt, the doors, damien rice, louis armstrong, a perfect circle, manu chao
radiohead, the kooks, coldplay, nine inch nails, hot chip, black rebel motorcycle club, lcd soundsystem, kasabian, n*e*r*d, editors, klaxons, bloc party, the cinematic orchestra, depeche mode, girl talk, lamb, cut copy, 2pac, iamx, the raconteurs, antony and the johnsons, trentem?ller, unkle, the presets, the killers, gorillaz, moloko, massive attack, mgmt, portishead, the cardigans, kylie minogue, patrick wolf
m.i.a., fugazi, johnny cash, clint mansell, elton john, the beatles, portishead, social distortion, rise against, depeche mode, lynyrd skynyrd, sigur rós
black eyed peas, maroon 5, john legend, elton john, mary j. blige, the ting tings, mika, abba, beyoncé, the beatles, adele, santana
britney spears, a-ha, joss stone, christina aguilera, hilary duff, katie melua, katy perry, norah jones, september, shakira, leona lewis
the go! team, feist, broken social scene, interpol, portishead, garbage, oasis, metric, stars, cat power, andrew bird, pixies, coldplay, kasabian, kings of convenience
dream theater, kreator, scorpions, alice in chains, iron maiden, satyricon, metallica, radiohead, trivium, def leppard, hypocrisy
soundtrack, groove coverage, avril lavigne, the rasmus, him, nightwish, as i lay dying, in extremo, evanescence
the knife, of montreal, john mayer, nada surf, fleetwood mac, josé gonzález, blink-182, say anything, the get up kids, camera obscura, sufjan stevens, kanye west, r?yksopp, dashboard confessional, stars, the weakerthans, kings of convenience, van morrison, band of horses, sia, panic at the disco, coldplay, justin timberlake, the hush sound, arctic monkeys, jeff buckley, alkaline trio, foo fighters, guided by voices, anna ternheim, death cab for cutie, saves the day, the killers, bon iver, fleet foxes, the magnetic fields, fall out boy
girl talk, roxette, kings of leon, my morning jacket, beck, grateful dead, beastie boys, arcade fire, wilco, the decemberists, fleetwood mac, a-ha, johnny cash, coldplay, cut copy, kelly clarkson, the beatles, camera obscura, cat power, gnarls barkley, the national, pavement, animal collective, belle and sebastian, ben folds, elvis costello, modest mouse, the go! team, kanye west, the shins, the flaming lips, radiohead, stars
the dandy warhols, the beatles, the stone roses, stevie wonder, devo, the rolling stones, new order, u2, the smiths, the who, talking heads, elvis presley, the white stripes, inxs, beck, fatboy slim, the cure, morrissey, r.e.m., pet shop boys, sugababes, the clash, prince, depeche mode, eels, badly drawn boy, led zeppelin, coldplay, dave matthews band, marvin gaye, basement jaxx, kasabian, they might be giants, cake
radiohead, bob dylan, bruce springsteen, girl talk, cut copy, the rolling stones, green day, the shins, red hot chili peppers, eddie vedder, counting crows, new order, the national, u2, paul simon, air, the who, coldplay, the brian jonestown massacre, the jesus and mary chain, the smiths, feist, tom petty and the heartbreakers, death cab for cutie, mgmt, incubus, buena vista social club, the smashing pumpkins, the roots, the cure, manic street preachers, the killers, okkervil river, r.e.m., moby, modest mouse, led zeppelin, band of horses, kanye west, alicia keys, outkast, my morning jacket, the offspring, silverchair
pj harvey, radiohead, zero 7, einstürzende neubauten, david bowie, air, t. rex, neil young, portishead, jefferson airplane, morcheeba, pink martini, devendra banhart, emilíana torrini, johnny cash, depeche mode, tom waits, john coltrane, sia, nick drake, blonde redhead, grateful dead, bob dylan, bj?rk, the velvet underground, antony and the johnsons, kate bush, nick cave and the bad seeds
as i lay dying, skillet, atreyu, bullet for my valentine, disturbed, parkway drive, killswitch engage, papa roach, the used, rammstein, david guetta, sum 41, trivium, deathstars, scar symmetry, the prodigy, rise against, eminem, children of bodom
the ataris, yann tiersen, the smashing pumpkins, carla bruni, the cure, joy division, placebo, patrick wolf, blink-182, 65daysofstatic, beirut, nirvana, blonde redhead, underoath, regina spektor, yeah yeah yeahs, bauhaus, mew, taking back sunday, sigur rós, god is an astronaut, metric, iron & wine, anna ternheim, the fray, the shins, ray lamontagne, radiohead, hellogoodbye, klaxons
kate nash, arctic monkeys, lykke li, adele, tegan and sara, the ting tings, the fratellis, paolo nutini, phoenix, kings of leon, beatsteaks, lily allen, max?mo park, hard-fi, the wombats, the pipettes, klaxons, the pigeon detectives, mando diao, incubus, duffy, razorlight, mgmt, billy talent, santogold, clueso, nada surf, the last shadow puppets
animal collective, fleet foxes, notorious b.i.g., devendra banhart, bon iver, venetian snares, bonnie prince billy, deerhoof, tokyo police club, explosions in the sky, múm, modest mouse, godspeed you! black emperor, stevie wonder, m83, the blood brothers
j dilla, common, burial, jedi mind tricks, daft punk, lil wayne, patrick wolf, notorious b.i.g.
john frusciante, morrissey, against me!, in flames, lamb of god, the smiths, flogging molly, the rolling stones, red hot chili peppers, the hellacopters, the roots, the black keys, dire straits, children of bodom
the libertines, the zombies, beirut, band of horses, arctic monkeys, adam green, the strokes
beatsteaks, clueso, the kooks, die ?rzte, plain white ts, robyn, b?hse onkelz, red hot chili peppers, 30 seconds to mars, justin timberlake, razorlight, billy talent, the subways, kanye west, [unknown], kings of leon, john legend, blink-182, deichkind, stone sour
ministry, turbonegro, paradise lost, katatonia, pj harvey, deftones, parkway drive, danny elfman, marilyn manson, amorphis, the dillinger escape plan, massive attack, opeth, sigur rós, strapping young lad, placebo, muse, apocalyptica, type o negative, sentenced, beastie boys, the birthday massacre, garbage, misfits, system of a down
apparat, drowning pool, armin van buuren, alexisonfire, chicane, 30 seconds to mars, ghostface, death cab for cutie, imogen heap, trentem?ller, placebo, underworld
loreena mckennitt, garbage, joni mitchell, amy macdonald, sufjan stevens, death cab for cutie, frou frou, a fine frenzy, a perfect circle, damien rice, dido
pixies, radiohead, spoon, belle and sebastian, the kinks, eels, beck, modest mouse, talking heads, the jimi hendrix experience, the roots, jack johnson, the white stripes, the clash, elliott smith, pink floyd, adam green, david bowie, stars, ramones, joy division, t. rex, pinback, pavement, bob dylan, peter bjorn and john, the dandy warhols, red hot chili peppers, my bloody valentine, nirvana, the jesus and mary chain, buzzcocks, lcd soundsystem, the new pornographers, sublime, sonic youth, sufjan stevens, beastie boys, creedence clearwater revival
ghostface, explosions in the sky, nas, deerhoof, a tribe called quest, sigur rós, mf doom, cocorosie, broken social scene, mogwai, sufjan stevens, the blood brothers, joanna newsom, m83, gang starr, mos def, the notwist, thursday, cursive, boards of canada, regina spektor, de la soul, isis, cat power, talib kweli, the faint, dashboard confessional, interpol
era, avril lavigne, linkin park, hilary duff, the cardigans, the fray, the corrs, lifehouse, paramore, the rasmus, goo goo dolls, snow patrol, the all-american rejects, 3 doors down, avenged sevenfold, staind, bon jovi, kt tunstall, u2, pink, coldplay, bryan adams, him, madonna, muse, the cranberries, tenacious d, t.a.t.u., simple plan, keane, aerosmith, hammerfall, green day
joy division, the smiths, animal collective, air, bon iver, spoon, sufjan stevens, radiohead, arcade fire, josé gonzález, belle and sebastian, cocorosie, bob dylan, my bloody valentine, the beatles, sigur rós, the cure, johnny cash, nouvelle vague, of montreal
groove armada, nightmares on wax, emilíana torrini, de-phazz, mr. scruff, tosca, koop
in extremo, nine inch nails, billy talent, panic! at the disco, the ataris, hoobastank, disturbed, kasabian, the used, dragonforce, muse, bloc party, the sounds, nickelback, sirenia, she wants revenge, nightwish, lagwagon, the strokes, him, korpiklaani
rise against, linkin park, benny benassi, paramore, atb, alexisonfire, scooter, caliban, clueso, breaking benjamin, flyleaf, 30 seconds to mars, daft punk, billy talent
andrew bird, beirut, eagles of death metal, the black keys, sufjan stevens, the white stripes, ani difranco, architecture in helsinki, final fantasy, the national, pj harvey, bat for lashes, feist, lamb, kate nash, camera obscura, joanna newsom, kings of convenience, nine inch nails, broken social scene, the dresden dolls, tv on the radio, arcade fire, clap your hands say yeah, of montreal, animal collective
finntroll, alice in chains, korpiklaani, fear factory, [unknown], rammstein, cannibal corpse, behemoth, immortal, pantera, bloodbath, the beach boys
finntroll, haggard, bloodbath, lacrimosa, satyricon, epica, ensiferum, the dresden dolls, eluveitie, john williams, apocalyptica, amorphis, korpiklaani, marilyn manson, arch enemy, hans zimmer, cannibal corpse, him, nile, misfits, sentenced
senses fail, bullet for my valentine, bowling for soup, millencolin, story of the year, good charlotte, anberlin, alkaline trio, simple plan, the offspring, goldfinger, green day, pennywise, sum 41, 3 doors down, p.o.d., coldplay, nirvana, nofx, blink-182, guns n roses, 44, sugarcult, hoobastank, disturbed, u2, 30 seconds to mars, bad religion
therion, muse, nightwish, dream theater, loreena mckennitt, era, in flames
p.o.d., chimaira, arch enemy, scar symmetry, slipknot, red hot chili peppers, soilwork, soulfly, lamb of god, judas priest, megadeth, trivium, devildriver, coldplay, sonic syndicate, gamma ray, helloween, sepultura, edguy, nightwish, koЯn, machine head, eagles, lordi
black eyed peas, dido, nelly furtado
queen, radiohead, the beatles, louis armstrong, electric light orchestra, vangelis, david bowie, led zeppelin, hans zimmer, ennio morricone, franz ferdinand, deep purple, akira yamaoka, apocalyptica, muse, bj?rk, charlie parker, clint mansell
coheed and cambria, infected mushroom, in flames, 36 crazyfists, underoath, staind, jedi mind tricks, caliban, muse, rise against, deftones, linkin park, system of a down, the used, fort minor, 30 seconds to mars, the mars volta, tool, kings of leon, all that remains, damian marley, breaking benjamin, blink-182, cypress hill, sonic syndicate, devildriver, papa roach, soilwork, limp bizkit, slipknot, ill ni?o, koЯn
anathema, porcupine tree, agalloch
loreena mckennitt, enya, peter gabriel, the beatles
radiohead, nine inch nails, tortoise, porcupine tree
vangelis, kraftwerk, the beach boys, enigma, sade
armin van buuren, nickelback, depeche mode, enigma, kosheen, atb, fort minor, infected mushroom, tarja turunen, backstreet boys, era, nelly furtado, sting, a-ha, 3 doors down, enrique iglesias, muse, apocalyptica, paul oakenfold, rihanna, scorpions, avril lavigne, epica, kylie minogue, the pussycat dolls
metric, the dandy warhols, ratatat, the postal service, death from above 1979, elbow, pink floyd, mogwai, bonobo, the brian jonestown massacre, portishead, bj?rk, lou reed, tosca, tricky, supergrass, the beatles, santogold, animal collective, yann tiersen, jet, parov stelar, sneaker pimps
the beatles, jimi hendrix, frank sinatra, bob marley & the wailers, bob marley
animal collective, philip glass, queens of the stone age, devendra banhart, the rolling stones, the brian jonestown massacre, t. rex, dinosaur jr., bob dylan, sonic youth, misfits, the beatles, the kinks, johnny cash, radiohead, pixies, the black keys, tom waits, ramones, joy division, patrick wolf, the cure, captain beefheart & his magic band, mirah, talking heads, iggy pop, the raveonettes, creedence clearwater revival, the flaming lips, armin van buuren, black rebel motorcycle club, modest mouse, the velvet underground, david bowie, the smashing pumpkins, nick cave and the bad seeds, marilyn manson, nirvana, antony and the johnsons, r.e.m.
digitalism, hot chip, justice, chromeo, crystal castles, cansei de ser sexy, lykke li, simian mobile disco, late of the pier, the kills, klaxons, santogold, boys noize, phoenix, mgmt, architecture in helsinki, m.i.a., the whitest boy alive, justin timberlake, daft punk, feist
guided by voices, andrew bird, the national, iron & wine
metallica, ramones, bob dylan, neil young, u2, the clash, judas priest, slipknot, pink floyd, the offspring, the beatles, h?kan hellstr?m, turbonegro, system of a down, misfits
ac/dc, slowdive, the smiths, minor threat, jimmy eat world, turbonegro, bad brains, foo fighters, the hives
t.i., john legend, stevie wonder, alicia keys, craig david, james morrison, chris brown, ne-yo, john mayer, chamillionaire, mariah carey, maroon 5, 50 cent, lil wayne, akon, gavin degraw, rihanna, usher
nickelback, green day, 2pac, pet shop boys, pendulum, dmx, eminem, soulfly, mobb deep, sepultura, deathstars, moonspell
atmosphere, wu-tang clan, notorious b.i.g., dj shadow, mf doom, a tribe called quest, the roots, massive attack, bonobo, aesop rock, nas, bob marley & the wailers, burial, gentleman, madlib, ratatat, j dilla, the jimi hendrix experience, gang starr, amon tobin, cunninlynguists, public enemy, ghostface, roots manuva, de la soul, jedi mind tricks, jurassic 5, rjd2, talib kweli, the cinematic orchestra, aphex twin, mobb deep, mos def, 2pac
frank zappa, cat power, johnny cash, simon & garfunkel, ennio morricone, the beatles, tom waits, serge gainsbourg, dead kennedys, the who, john lennon, elvis presley, portishead, venetian snares
flogging molly, rammstein, nine inch nails, boards of canada, johnny cash, emilie autumn, nouvelle vague, the offspring, the white stripes, rage against the machine, the prodigy, marilyn manson, tool, cypress hill, guano apes, shpongle, depeche mode, primus, electric six, muse, dropkick murphys, a perfect circle
blonde redhead, beirut, the sisters of mercy, gotan project, four tet, the velvet underground, clap your hands say yeah, boards of canada, the jesus and mary chain
cunninlynguists, ferry corsten, 2pac, gnarls barkley, atb, faithless, david guetta, koЯn, paul van dyk, talib kweli, dmx, the game, depeche mode, justin timberlake, calvin harris, system of a down, robbie williams, notorious b.i.g., snoop dogg, john legend, armin van buuren, dr. dre, jay-z, red hot chili peppers, limp bizkit, nickelback, groove armada, moby, the roots, t.i.
dream theater, nine inch nails, the prodigy, pink floyd, the rolling stones, pendulum, red hot chili peppers, miles davis, mot?rhead, rush, akon, the chemical brothers, snow patrol, santana, eminem, m83, mike oldfield, metallica, reel big fish, mindless self indulgence, foo fighters, basshunter, scooter
ramones, siouxsie and the banshees, m?tley crüe, iamx, joy division, cansei de ser sexy, blur, blondie, the kinks, lily allen, david bowie, mindless self indulgence, sex pistols
minus the bear, say anything, death cab for cutie, circa survive, the offspring, blink-182, bob marley, snoop dogg
ulver, tom waits, boards of canada, morphine, king crimson, moby, depeche mode, the future sound of london, agalloch, joy division
therion, moonspell, lacuna coil, nile, rammstein, the haunted, queens of the stone age, cannibal corpse, dimmu borgir, dark tranquillity, lacrimosa, nofx, the gathering, chris cornell, the black keys
opeth, amorphis, iced earth, scar symmetry, katatonia, megadeth, therion, in flames, ulver, anathema, moonspell, samael, dark tranquillity, paradise lost, kreator, pain of salvation, amon amarth, hypocrisy, tiamat, ayreon, gamma ray, iron maiden, the gathering, sodom, sonata arctica, pain, arch enemy, carcass, judas priest, kamelot
ladytron, depeche mode, vnv nation, linkin park, mindless self indulgence, the birthday massacre, combichrist, skinny puppy, rammstein, manowar, cut copy, soilwork, the cardigans
the national, cat power, pj harvey, joy division, david bowie, eels, bon iver, death cab for cutie, johnny cash, kings of leon, amy winehouse, the cure, ladytron, the notwist, fleet foxes, eddie vedder, tom waits, the last shadow puppets, beck, depeche mode, deus, band of horses, adam green, goldfrapp, elliott smith, beirut, the killers, the raveonettes, otis redding, r.e.m., editors, mgmt, blonde redhead
okkervil river, mogwai, venetian snares, autechre, battles, explosions in the sky, the jesus and mary chain, neutral milk hotel, mono, modest mouse, broken social scene, four tet, pixies, my bloody valentine, the national, the knife, of montreal, the velvet underground, sonic youth, pavement, slowdive, the album leaf, the stone roses, arcade fire, girl talk, radiohead, cat power, john frusciante, the flashbulb
adele, placebo, tricky, r?yksopp, amy winehouse, manu chao, kings of leon, mgmt, shout out louds, alanis morissette, morcheeba, vampire weekend, moloko, basement jaxx, lamb, faithless, hey, jamiroquai, goldfrapp, air, hooverphonic, portishead, nelly furtado, aerosmith, m83, pid?ama porno, pj harvey, erykah badu, michael jackson, the chemical brothers, damien rice, doves, elvis presley, franz ferdinand, akurat, phoenix, pink floyd, bat for lashes, bloc party, the offspring
ska-p, cradle of filth, tori amos, tiamat, roxette, shakira, sodom
bon iver, boards of canada, explosions in the sky, bright eyes, nick drake, godspeed you! black emperor, low, sigur rós, bonnie prince billy, the mountain goats, madlib, max richter
the beatles, led zeppelin, u2, jimi hendrix, david bowie, t. rex, the strokes, the white stripes, paul simon, the jimi hendrix experience, the raconteurs, the rolling stones, the clash, the who, the velvet underground, johnny cash, simon & garfunkel, the doors, beastie boys, the beach boys, queen, rush, van halen, ac/dc, pink floyd, abba, elton john, eric clapton, billy joel, bruce springsteen, tom petty and the heartbreakers, electric light orchestra, john lennon, prince, creedence clearwater revival
the beatles, aphex twin, john lennon, sonic youth, john frusciante, serge gainsbourg, prince, bob dylan, the beach boys
avenged sevenfold, nightwish, metallica, 30 seconds to mars, sabaton, anberlin, ensiferum, morcheeba, system of a down, staind, the killers, p.o.d., paramore, rammstein, kaiser chiefs, in flames, 3 doors down, koЯn, snow patrol, tarja turunen, hans zimmer, robbie williams, travis, muse, fear factory, keane, coldplay, switchfoot, band of horses, after forever, disturbed, epica, my dying bride, lady gaga, riverside
kings of convenience, oasis, r?yksopp, st. germain, morphine, rjd2, the libertines, portishead, cut copy, madonna, the beatles, the rapture, dj shadow, beirut, of montreal, air, the presets
rise against, anti-flag, papa roach, dope, bullet for my valentine, linkin park, rage against the machine, afi, breaking benjamin, nofx, the offspring, 50 cent, three days grace, bad religion, disturbed, slipknot, akon, ill ni?o, yellowcard, p.o.d., elton john, billy talent, dropkick murphys, johnny cash
blank & jones, o.s.t.r., armin van buuren, atb, scooter, ferry corsten
ill ni?o, heaven shall burn, as i lay dying, all that remains, in flames, parkway drive, avenged sevenfold, chimaira, bullet for my valentine, bob marley, cypress hill, slipknot, iced earth, soilwork, stone sour, trivium, audioslave, disturbed, tenacious d, children of bodom
queens of the stone age, pantera, nine inch nails, no doubt, down, guns n roses, the smashing pumpkins, iron maiden, guano apes, the offspring, metallica, fatboy slim, pearl jam, pink, alice in chains, marilyn manson, slipknot, eric clapton, iced earth, black sabbath, red hot chili peppers, u2, as i lay dying, godsmack, avril lavigne, led zeppelin, john williams, in flames, isis, stone sour
nightwish, michael jackson, shakira, era, toto, evanescence, madonna, the cranberries, creed, queen, roxette, billy joel, elton john, abba, dido, green day, phil collins, nirvana
ennio morricone, interpol, the beatles, the last shadow puppets, band of horses, cocorosie, beirut, kings of leon
black rebel motorcycle club, queens of the stone age, eagles of death metal, neil young, the dandy warhols, the kinks, depeche mode, led zeppelin, the velvet underground, turbonegro
the mountain goats, otis redding, bonnie prince billy, creedence clearwater revival, al green, mogwai, nina simone, frank sinatra, nirvana, cat power, modest mouse, édith piaf, cat stevens, interpol, philip glass, leonard cohen, neil young, band of horses, kanye west, the smiths, bright eyes, okkervil river, the national, morrissey
booka shade, arctic monkeys, buena vista social club, rammstein, the rolling stones, deichkind
minus the bear, chiodos, the shins, thursday, the fall of troy, rise against, underoath, comeback kid, city and colour, imogen heap, kelly clarkson, alexisonfire
devendra banhart, cocorosie, belle and sebastian, my morning jacket, the notwist, sufjan stevens, neutral milk hotel, vampire weekend, cansei de ser sexy, elliott smith, joanna newsom, the zombies, mgmt, the velvet underground, m. ward, bat for lashes, kings of convenience, animal collective, bonnie prince billy, fleet foxes, adam green, camera obscura, grizzly bear, joy division
damian marley, matisyahu, bob marley, snoop dogg, the prodigy, erykah badu, mgmt, 50 cent
fleet foxes, animal collective, mogwai, tortoise, pj harvey, band of horses, the national, low, grizzly bear, tom waits
girls aloud, lady gaga, mariah carey, hilary duff, kelly clarkson, madonna, taylor swift, the pussycat dolls, sugababes, enrique iglesias, backstreet boys, miley cyrus, avril lavigne, katy perry, rihanna, jordin sparks, the veronicas, lily allen, maria mena, christina aguilera, spice girls, chris brown, beyoncé, natasha bedingfield, leona lewis, linkin park, shakira
saves the day, alkaline trio, rise against, the bouncing souls, broken social scene, bad religion, pinback, modest mouse, death cab for cutie, kings of leon, the shins, ghostface, architecture in helsinki, bloc party, the national, the radio dept., bob dylan, misfits, the flaming lips, dinosaur jr., the postal service, thursday, ignite, elliott smith, afi, nofx, interpol, mgmt, the smiths, taking back sunday, bright eyes, peter bjorn and john, kings of convenience
dream theater, symphony x, children of bodom, queensr?che, marillion, antonio vivaldi
black rebel motorcycle club, the white stripes, amon tobin, ac/dc, the brian jonestown massacre, yeah yeah yeahs, andrew bird, ryan adams, arctic monkeys, misfits, arcade fire, cat power, mew, the new pornographers, girl talk, booka shade, trentem?ller, the kills
prince, michael jackson, common, erykah badu, the prodigy, four tet, stevie wonder, miles davis, red hot chili peppers, massive attack, jamiroquai, primal scream
busta rhymes, jay-z, scooter, atb, faithless, bob marley & the wailers, cypress hill, above & beyond, basement jaxx, daft punk, nickelback, groove coverage, moby, cascada, in flames, groove armada, paul van dyk
explosions in the sky, rilo kiley, jack johnson, the all-american rejects, my chemical romance, radiohead, the decemberists, evanescence, animal collective, death cab for cutie, fleet foxes, red.jumpsuit.apparatus, 3 doors down, jimmy eat world, coldplay, the faint, dashboard confessional, moby, johnny cash, 311, foo fighters, belle and sebastian, breaking benjamin, neutral milk hotel, the shins, justin timberlake, relient k, sarah mclachlan, sufjan stevens, the rasmus, the cure, afi, creedence clearwater revival, john williams, ok go, fiona apple
die toten hosen, die ?rzte, dropkick murphys, misfits, iced earth, trivium, megadeth, metallica, mot?rhead, amon amarth, behemoth, iron maiden, alice in chains, anthrax, moonspell, vader, sepultura, cradle of filth, nile, flogging molly, velvet revolver
koЯn, slipknot, soulfly, static-x, linkin park, ill ni?o, dope, lacuna coil, adema, godsmack, limp bizkit, mudvayne, stone sour, system of a down
coldplay, télépopmusik, madonna, zero 7, fiona apple, air, hot chip, r?yksopp, the postal service, kylie minogue, mgmt, gotan project, massive attack, lily allen
the all-american rejects, the smiths, elliott smith, bob dylan, manic street preachers, blink-182, metro station, new order, arctic monkeys, sufjan stevens, death cab for cutie, hot hot heat, joy division, the used, late of the pier, adam green, muse, the beatles, the strokes, the academy is..., boys like girls, the whitest boy alive, beastie boys, no doubt
radiohead, lcd soundsystem, sigur rós, yann tiersen, feist, justice, pink floyd, antony and the johnsons, digitalism, clap your hands say yeah, klaxons, arcade fire, babyshambles, josé gonzález, amon tobin, janis joplin, mgmt, the rolling stones, the hives, damien rice, boards of canada, rjd2, cansei de ser sexy, sage francis, simian mobile disco, the dandy warhols, the cinematic orchestra, the libertines, jay-z, amy winehouse
lil wayne, t.i., flo rida, jay-z, akon, britney spears, kanye west, beyoncé, metro station, the killers, kelly clarkson, chris brown, paramore, miley cyrus, cobra starship, m.i.a., the fray, lady gaga, rihanna, red.jumpsuit.apparatus, the used, daft punk, all time low, enrique iglesias
edguy, helloween, gamma ray, kamelot, avantasia, in flames, m?tley crüe, ozzy osbourne, joe satriani, rhapsody of fire, def leppard, iron maiden, judas priest, skid row, angra, blind guardian, sonata arctica, stratovarius, hammerfall, manowar, kiss, aerosmith, dio, iced earth, deep purple, queen, van halen
basshunter, iron maiden, scooter, daft punk, the smashing pumpkins, metallica, linkin park, red hot chili peppers, simple plan, tool, guns n roses, nightwish, the cure, [unknown], stratovarius, incubus, buckethead, cat stevens, lostprophets, sonata arctica, therion, green day, manowar, gorillaz, three days grace, foo fighters, system of a down, nine inch nails, pendulum, angra, anathema, koЯn, coldplay, creedence clearwater revival, the beatles, faithless, kamelot, phil collins, journey
within temptation, frank sinatra, danny elfman
howard shore, opeth, nine inch nails, depeche mode, john williams, johnny cash, bob dylan, queen, killswitch engage, bruce springsteen, hans zimmer, enya, the beatles, nirvana, era, a-ha, paradise lost, apocalyptica, blind guardian, rammstein, the sounds, outkast, ennio morricone, rage against the machine, michael jackson, r.e.m., marilyn manson
metallica, gotan project, avril lavigne, escape the fate, kelly clarkson, at the gates, drowning pool, massive attack, bullet for my valentine, craig david, nickelback, blink-182, snow patrol, hammerfall, black eyed peas, beyoncé, maria mena, missy elliott, all that remains, adema, infected mushroom, prince, soilwork, usher, r?yksopp, onerepublic, britney spears, the faint, neil young, green day, timbaland, r.e.m., hoobastank, nirvana, the 69 eyes
john williams, death cab for cutie, the white stripes, the killers, rage against the machine, franz ferdinand, linkin park, good charlotte, bloodhound gang, fall out boy, snow patrol, the shins, beastie boys, green day, nada surf, tenacious d, john mayer, the beatles, jason mraz, jack johnson, blink-182
ayreon, opeth, pain of salvation, battles, chromeo, buckethead, trivium
weezer, the white stripes, eagles of death metal, queens of the stone age, the dresden dolls, bob marley, yeah yeah yeahs, afi, coheed and cambria, modest mouse, pearl jam, the pipettes, dead kennedys, paramore, the beatles, the faint, dropkick murphys, nofx, tenacious d, lily allen, m.i.a., michael jackson, katy perry, him, slipknot, a perfect circle, the killers, foo fighters, me first and the gimme gimmes, michael bublé, flyleaf, ok go, panic at the disco, girl talk, jet, killswitch engage, fall out boy
the roots, common, atmosphere, zero 7, roots manuva, koop, beirut, kings of leon, the cinematic orchestra, parov stelar, de la soul, spoon, the cardigans, gotan project, sigur rós, the herbaliser, the smashing pumpkins, architecture in helsinki, lykke li, moby, vampire weekend, lupe fiasco, panic at the disco, modest mouse, arctic monkeys, télépopmusik, jazzanova, gogol bordello, sia, radiohead, n*e*r*d, josé gonzález
radiohead, death cab for cutie, ryan adams, primal scream, oasis, dinosaur jr., clap your hands say yeah, lcd soundsystem, animal collective
red hot chili peppers, [unknown], miles davis, gorillaz, the prodigy, queens of the stone age, venetian snares, buena vista social club, beirut, charlie parker, oasis, the beatles, tool, r?yksopp, morphine, stevie wonder
the distillers, happysad, rancid, misfits, [unknown], beirut, clint mansell, system of a down, dropkick murphys, sabaton
apparat, tv on the radio, vnv nation
lil wayne, jay-z, wu-tang clan, alicia keys, mos def, john legend, snoop dogg, arctic monkeys, lupe fiasco, the game, duffy, usher, t.i., ghostface, eminem, 50 cent, erykah badu
coldplay, radiohead, r.e.m., the killers, muse, bloc party, oasis, elvis costello, nirvana, the verve, snow patrol, elliott smith, the national, céline dion, van morrison, pulp, dashboard confessional, barenaked ladies, air, foo fighters, aimee mann, morrissey, matchbox twenty, 30 seconds to mars, death cab for cutie, travis, alanis morissette, a-ha, frank sinatra, the white stripes, good charlotte, the kooks, placebo, manic street preachers
damien rice, pj harvey, blonde redhead, the cinematic orchestra, death cab for cutie, jens lekman, the cure, kings of convenience, radiohead, sonic youth, the decemberists, the postal service, portishead, four tet, bj?rk, norah jones, oasis, andrew bird, bob dylan, bonnie prince billy, beirut, nouvelle vague, belle and sebastian, coldplay, archive, r.e.m., sufjan stevens, iron & wine, antony and the johnsons, dave matthews band, pearl jam, shout out louds
elvis presley, bryan adams, moby, air, lynyrd skynyrd, new order, the cranberries, manu chao, r.e.m., counting crows, aerosmith, nickelback, jefferson airplane, aretha franklin, oasis, creedence clearwater revival, depeche mode, david bowie, michael jackson
chet baker, the smashing pumpkins, interpol, neutral milk hotel, otis redding, the postal service, alice in chains, iron & wine, the get up kids, mogwai, okkervil river, devendra banhart, morrissey, converge, rufus wainwright, band of horses, saves the day, matisyahu
marilyn manson, rammstein, system of a down, rob zombie, dope, oomph!, pain, static-x, koЯn, mudvayne, tristania, limp bizkit, drowning pool, sirenia, slipknot, godsmack, the 69 eyes, deathstars, theatre of tragedy, lacuna coil, moonspell, paradise lost
jason mraz, akon, the beatles, beyoncé, bob marley & the wailers, chet baker, mariah carey, abba
at the drive-in, system of a down, the white stripes, the mars volta, muse, joy division, gogol bordello, arctic monkeys, stone sour, nickelback, guano apes, fugazi, r.e.m., god is an astronaut, bullet for my valentine, roxette, franz ferdinand, kaiser chiefs, pain
ennio morricone, ramones, misfits, descendents, the kinks, the beach boys, johnny cash, the rolling stones, bad religion, aimee mann, black flag, frank sinatra, buzzcocks, bob dylan, tom waits
wilco, radiohead, aphex twin, boards of canada, ben folds five, interpol, tori amos, within temptation, sigur rós, mariah carey, ben folds, beyoncé, the fray, céline dion, emilie autumn, rihanna, alanis morissette, thom yorke, tracy chapman, loreena mckennitt, pink floyd, coldplay, ani difranco, the killers, counting crows, matchbox twenty
air, portishead, blonde redhead, massive attack, daft punk, tricky, lamb, morcheeba, radiohead, garbage, clint mansell, thomas newman, red hot chili peppers, madonna, paolo nutini, marilyn manson, hooverphonic, the white stripes, the doors, múm, faith no more, bj?rk, akira yamaoka, the cure, n*e*r*d
the sounds, franz ferdinand, the knife, justice, fischerspooner, the killers, ladytron, lcd soundsystem, millencolin, the prodigy, aphex twin, the faint, bloodhound gang, kaiser chiefs, emilíana torrini, hot chip, daft punk, the strokes, good charlotte, peaches, r?yksopp, blur, le tigre, the new pornographers
arctic monkeys, the beatles, the killers, the kooks, the last shadow puppets, oasis, the doors, the strokes, jet, kaiser chiefs, nirvana, franz ferdinand, the libertines, muse, red hot chili peppers, the verve, bob dylan, coldplay, modest mouse
razorlight, my chemical romance, metro station, bring me the horizon, britney spears, fall out boy, paramore, marilyn manson, boys like girls, cute is what we aim for, arctic monkeys, avril lavigne, coldplay, pink, simple plan, the all-american rejects, green day, escape the fate, the used, billy talent, muse, all time low, alesana, radiohead, 3 doors down, babyshambles, taking back sunday, crystal castles, the academy is..., panic at the disco, mgmt, beyoncé, silverstein, amy winehouse, blink-182
josé gonzález, mika, sarah mclachlan, édith piaf, antonio vivaldi
britney spears, girls aloud, lady gaga, goldfrapp, moby, christina aguilera, beyoncé, jennifer lopez, abba, sugababes, janet jackson, hilary duff, spice girls, the ting tings, nelly furtado, r?yksopp, the pussycat dolls, duffy, katy perry
the beatles, kings of leon, death from above 1979, sonic youth, neutral milk hotel, pixies, metric, incubus, fiona apple, grizzly bear, arcade fire, mirah, sublime, pink floyd, thievery corporation, the shins, sufjan stevens, bloc party, nada surf, red hot chili peppers, the strokes, beck, radiohead, the decemberists, broken social scene, stars, death cab for cutie, my morning jacket, the velvet underground, the black keys, dave matthews band, feist
schandmaul, pink, incubus, rihanna, eluveitie, b?hse onkelz, 3 doors down, maria mena, blind guardian, kelly clarkson, sting, duffy, enya, bon jovi, timbaland, bloc party, ryan adams, subway to sally, korpiklaani, natasha bedingfield, sarah mclachlan, metallica, red hot chili peppers, rammstein, the cranberries
jens lekman, wilco, stars, ben folds, kanye west, n*e*r*d, weezer, lupe fiasco, girl talk, of montreal, al green, modest mouse, ben folds five, the decemberists, brand new, ryan adams, kings of leon, arcade fire, panic at the disco, arctic monkeys, regina spektor, bright eyes, the beatles, vampire weekend, jason mraz, spoon, mgmt, rufus wainwright, death cab for cutie, sufjan stevens
a-ha, michael jackson, the beatles, robbie williams, counting crows, nelly furtado, the chemical brothers, sigur rós, eminem
children of bodom, the birthday massacre, atreyu, u2, three days grace, velvet revolver, breaking benjamin, garbage, marilyn manson, rob zombie, seether, koЯn, nickelback, sublime, linkin park, alanis morissette, devildriver, incubus, adema, godsmack, from autumn to ashes, chevelle
enya, the cranberries, aerosmith, john mayer, dead can dance, red hot chili peppers, bob marley, coldplay, queen, the beatles
diana krall, system of a down, godsmack, kiss, anna ternheim, norah jones, audioslave, wolfgang amadeus mozart, bruce springsteen, the rolling stones, u2
wilco, bon iver, sufjan stevens, kings of convenience, joni mitchell, anna ternheim, miles davis, nina simone, ella fitzgerald, modest mouse, mogwai, devendra banhart, the whitest boy alive, jens lekman, josé gonzález, neil young, the beatles, explosions in the sky, andrew bird, leonard cohen, death cab for cutie, john coltrane, the books, aphex twin, radiohead, foals, kent
stars, peter bjorn and john, feist, band of horses, beck, kings of convenience, animal collective, kent, fleet foxes, mew, arcade fire, the shins, patrick wolf, of montreal, franz ferdinand, death cab for cutie, bj?rk, interpol, daft punk, air, cocorosie, travis, doves, múm
a perfect circle, tiamat, opeth, moonspell, katatonia, immortal, slayer, metallica, nile, the gathering, tristania, vader, akira yamaoka, theatre of tragedy, scorpions, in flames, marilyn manson, sirenia, nirvana, slipknot, tool
pinback, the black keys, amy winehouse, slayer, the raconteurs, gnarls barkley, down, death cab for cutie
atmosphere, sublime, jay-z, the mountain goats, ben folds, nirvana, blink-182, jimmy eat world, notorious b.i.g., eminem, taking back sunday
amon amarth, placebo, massive attack, apocalyptica, combichrist, samael, lacrimosa
michael jackson, a tribe called quest
nelly furtado, dimmu borgir, enrique iglesias, natasha bedingfield, pain, linkin park, p.o.d., sodom, hypocrisy, kelly clarkson, evanescence, eminem, cascada, cradle of filth, in flames, pink, system of a down, scooter, nightwish, papa roach, children of bodom, koЯn, fort minor, hammerfall, katy perry, amon amarth, timbaland, rihanna
animal collective, the magnetic fields, bj?rk, grizzly bear, sufjan stevens, morrissey, ratatat, pj harvey, antony and the johnsons, the smiths, the knife, hercules and love affair, neko case, m.i.a., final fantasy, rihanna, belle and sebastian, bon iver, hot chip, sigur rós, blonde redhead, jens lekman, santogold, kings of convenience, britney spears, bat for lashes, mgmt
paul van dyk, ti?sto, ferry corsten
ska-p, the dresden dolls, ramones, rancid, goldfinger, less than jake, the distillers
radiohead, soundtrack, eels, mogwai, the flaming lips, beck, massive attack, the raconteurs, badly drawn boy, sufjan stevens, bj?rk, explosions in the sky, bright eyes, snow patrol, the smiths, thom yorke, the album leaf, iron & wine, death cab for cutie, beirut, stereolab, air, coldplay, m83, plaid, r?yksopp, the libertines, depeche mode, fiona apple, pj harvey, damien rice, jeff buckley
static-x, deftones, disturbed, napalm death, sepultura, hatebreed, the offspring, machine head, cannibal corpse, mudvayne, therion, dethklok, bullet for my valentine, anthrax, arch enemy, nile, in flames, mot?rhead, amon amarth, norther, green day, soulfly
kmfdm, the dresden dolls, queens of the stone age, faith no more, static-x, einstürzende neubauten, akira yamaoka, fear factory, guano apes, tricky, god is an astronaut, samael, pj harvey, nine inch nails, portishead, garbage, primus, deus
the fray, keane, franz ferdinand
pj harvey, anna ternheim, muse, the rolling stones, the white stripes, the chemical brothers, cream, the byrds, manic street preachers, system of a down, the beatles, depeche mode, bad religion, moby, madonna, the hellacopters, turbonegro, september, opeth, new order, the gossip, rammstein
nirvana, coldplay, flying lotus, madlib, johnny cash, bob dylan, bloc party, the beatles, common, the killers, madvillain, joy division, crystal castles, amy winehouse, kanye west, ramones, eminem, mgmt, radiohead, mos def, interpol, u2, al green, yeah yeah yeahs, blur, gorillaz, mf doom, oasis
lamb of god, mindless self indulgence, sepultura, nofx, deftones, primus, iron maiden, placebo, nine inch nails, nirvana, bad religion, koЯn, aphex twin, metallica, queens of the stone age, slayer
[bob marley & the wailers]
zero 7, goldfrapp, kraftwerk, enigma, talking heads, the kinks
beyoncé, britney spears, sugababes, lily allen, a fine frenzy, fall out boy, alicia keys, alanis morissette, the all-american rejects, lady gaga, janet jackson, katy perry, justin timberlake, madonna, kylie minogue, robyn, good charlotte, keane, céline dion, september, amy macdonald, rihanna, enya, leona lewis, coldplay, duffy, scissor sisters, ok go, snow patrol, kt tunstall, kent, seal, john legend
the kills, nick cave and the bad seeds, elliott smith, bonnie prince billy, babyshambles, r.e.m., the velvet underground, the raconteurs, neil young, leonard cohen, bob dylan, pj harvey, the national, the doors, the raveonettes, al green, sonic youth, the clash, belle and sebastian
queen, ozzy osbourne, avantasia, nightwish, the killers, arctic monkeys, social distortion, blind guardian, jack johnson, hammerfall, colbie caillat, slipknot, kamelot, iced earth, placebo, rage against the machine, led zeppelin, rhapsody of fire, blink-182, sonata arctica, fall out boy, rise against, bad religion, three days grace, franz ferdinand, bon jovi, guns n roses, the kooks, eric clapton
tom waits, the rolling stones, neil young, john coltrane, johann sebastian bach, bob dylan, miles davis, ramones, frank zappa, lou reed, [unknown], johnny cash, caetano veloso, billie holiday, sonic youth, iggy pop, charlie parker, pj harvey, james brown, frank sinatra, frédéric chopin, the velvet underground, cat power, chet baker, the fall, david bowie
new found glory, death cab for cutie, nofx, sum 41, lagwagon, jimmy eat world, motion city soundtrack, underworld, rage against the machine, mae, black eyed peas, stars, sigur rós, cansei de ser sexy, the offspring, jason mraz, the all-american rejects, band of horses, green day
fugazi, animal collective, the books, the mars volta, explosions in the sky, madvillain, wu-tang clan, pink floyd, ghostface, squarepusher, tool, god is an astronaut, mogwai, james brown, mf doom, deerhoof
grateful dead, cat stevens, tom waits, leonard cohen, pink floyd, the beatles, nick drake, neil young, jethro tull, david bowie, porcupine tree, jack johnson, simon & garfunkel, the doors, the kinks, bob marley, tori amos, damien rice
johnny cash, sheryl crow, the beatles, u2, bob dylan, céline dion, enya
jedi mind tricks, mos def, j dilla, john legend, the herbaliser, mf doom, wu-tang clan, duffy, foo fighters, nina simone, jay-z
tom waits, system of a down, me first and the gimme gimmes, afi, ozzy osbourne, the all-american rejects, my chemical romance, calvin harris, sugarcult, paramore, simple plan, boys like girls, jazzanova, busta rhymes, fall out boy, dizzee rascal, jimmy eat world
primal scream, my bloody valentine, slowdive, the strokes, cocteau twins, coldplay, pulp, metric, m83, the doors, mew, morrissey, blonde redhead, blur, tegan and sara, mogwai, max richter, kate bush, the sounds
autechre, dj krush, bonobo, frank sinatra, apparat, amon tobin, sepultura, morcheeba, abba, madonna, cocorosie, plaid, santana, aphex twin, alicia keys, james brown, the herbaliser, linkin park, daft punk, armin van buuren, scissor sisters, the prodigy, enigma, the cinematic orchestra
shpongle, manu chao, camel, air, lamb, bob marley, placebo, infected mushroom, thievery corporation, de-phazz, morcheeba, the velvet underground, massive attack, jamiroquai, nouvelle vague, booka shade
john mayer, blink-182, paolo nutini, rilo kiley, the doors, chromeo, muse, the smiths, misfits, radiohead, the strokes, bob dylan, led zeppelin, the beatles, jimi hendrix, portishead, janis joplin, flyleaf, a fine frenzy, matisyahu, coheed and cambria, hellogoodbye, fiona apple, corinne bailey rae, mirah, lynyrd skynyrd, lily allen, underoath
amy winehouse, die ?rzte, linkin park, madonna, bloodhound gang, rihanna, black eyed peas, justin timberlake, gwen stefani, christina aguilera, blur, blank & jones, groove armada, mark ronson, oasis, david guetta, plain white ts, natasha bedingfield, atb, massive attack, katy perry, fatboy slim
enya, elvis presley, haggard, creedence clearwater revival, stratovarius, the beach boys, howard shore, jethro tull, scorpions, ensiferum, the byrds, rainbow, the who, metallica, the velvet underground, the rolling stones, hammerfall, johnny cash, john lennon, mike oldfield, belle and sebastian
radiohead, incubus, audioslave, the kooks, the police, the cure, caetano veloso, queens of the stone age, the strokes, arctic monkeys, coldplay, johann sebastian bach, mogwai, chico buarque, foo fighters, minus the bear, oasis, death cab for cutie, queen, rage against the machine, the killers, gotan project, metallica, porcupine tree, blackfield, the who, the postal service, jamiroquai, manu chao, ben harper
bob marley, dj krush, roots manuva, feist, the cinematic orchestra, hot chip, mos def
in flames, helloween, children of bodom, [unknown], gentleman, amon amarth, hans zimmer, pid?ama porno, deep purple, guano apes, r.e.m., godsmack, joe satriani, edguy, fatboy slim, pink floyd, placebo, faithless, koЯn, the cure
the libertines, norah jones, mgmt, band of horses, nouvelle vague, jason mraz, cat power, interpol, air, cut copy, radiohead, razorlight, coldplay, the smashing pumpkins, cansei de ser sexy, m83, the fratellis, belle and sebastian, joy division, the killers, bright eyes, feist, nine inch nails, the ting tings, klaxons, the kooks, the last shadow puppets, digitalism, max?mo park, the mars volta, placebo, muse
aesop rock, gym class heroes, kanye west, t.i., lupe fiasco, girl talk, the knife, atmosphere, daft punk, linkin park, sublime, crystal castles
the beatles, jack johnson, manu chao, eric clapton, caetano veloso, buena vista social club, bob marley, charlie parker, radiohead, the rolling stones, queen
iron & wine, the national, cat power, beirut, cocorosie, feist, bob dylan, radiohead, kanye west, nina simone, m. ward, broken social scene, arcade fire, neutral milk hotel, the decemberists, elliott smith, bonnie prince billy, death cab for cutie, josé gonzález, m.i.a., clap your hands say yeah, kings of convenience, sigur rós, billie holiday, the magnetic fields, massive attack, otis redding, justin timberlake, stars, aimee mann, blonde redhead, the postal service, ani difranco, andrew bird, pj harvey, frédéric chopin, santogold, st. germain
the who, metallica, red hot chili peppers, the cure, pearl jam, megadeth, joy division, helloween, bj?rk, lou reed, the beatles, sonic youth, new order, nine inch nails, incubus, moby, anthrax, the brian jonestown massacre, oasis, morrissey, nirvana, the smiths, feeder, mgmt, linkin park, afi, aphex twin, iron maiden, the velvet underground, bloc party, in flames, dinosaur jr., slipknot, boards of canada, the offspring
britney spears, madonna, justin timberlake, cascada, september, lady gaga, timbaland, kelly clarkson, muse, kylie minogue, rihanna, beyoncé, david guetta, the pussycat dolls, nelly furtado, fergie, gwen stefani, snow patrol, calvin harris, fall out boy, metro station, sigur rós, ratatat, nickelback, keane, girls aloud, kanye west, natasha bedingfield, the knife, ladytron, jordin sparks, ti?sto, gnarls barkley, no doubt, panic at the disco, pink, the killers
nightwish, kent, dir en grey, slipknot, sonata arctica, kamelot, him, red hot chili peppers, ensiferum, children of bodom, kiss, coldplay, michael jackson, kate bush, ac/dc, the cure, rammstein, koЯn, the who, vangelis, enya, avantasia, ti?sto
lagwagon, the distillers, ska-p, misfits, avril lavigne, rise against, pennywise, the bouncing souls, bj?rk, system of a down, dido, alkaline trio, reel big fish, descendents, against me!, dead kennedys, sum 41, afi
akurat, the crystal method, the prodigy, guano apes, apocalyptica, audioslave, nirvana, die ?rzte, in extremo, coldplay, bob marley, red hot chili peppers, soundtrack
cute is what we aim for, fall out boy, paramore, taking back sunday, chiodos, panic at the disco, my chemical romance, plain white ts, boys like girls, bring me the horizon, saosin, bright eyes, alesana, hellogoodbye, the shins, underoath, nirvana, red.jumpsuit.apparatus, something corporate, the beatles, motion city soundtrack, the postal service
nirvana, underoath, converge, parkway drive, from autumn to ashes, killswitch engage, as i lay dying, lamb of god, flogging molly, the offspring, queens of the stone age, moonspell, explosions in the sky, god is an astronaut, bring me the horizon, the dillinger escape plan
mot?rhead, sentenced, sodom, comeback kid, rise against, alkaline trio, daft punk, she wants revenge, katatonia, paradise lost, hatebreed, nouvelle vague, van halen, dredg, the haunted, nile, in flames, ignite, lagwagon, dream theater, soilwork
sufjan stevens, the beatles, the knife, the decemberists, radiohead, joanna newsom, regina spektor, of montreal, final fantasy, the arcade fire, billie holiday, the white stripes, neutral milk hotel, justice, patrick wolf, the smiths, okkervil river, thom yorke, nirvana, clap your hands say yeah, kings of leon, bob dylan, bloc party, stevie wonder, manu chao, architecture in helsinki, josé gonzález, belle and sebastian, peter bjorn and john, beirut, david bowie, death cab for cutie, death from above 1979, hot chip, coldplay, battles, broken social scene, deerhoof, joni mitchell
thursday, fugazi, converge
pink floyd, mike oldfield, ac/dc, vangelis, david bowie, king crimson, creedence clearwater revival, jethro tull, james brown, the doors, joy division, led zeppelin, dire straits, eric clapton, pearl jam, elvis presley, the police, thin lizzy, the zombies, genesis, mot?rhead, the jimi hendrix experience, michael jackson, foo fighters, cream, marillion, ray charles, eagles of death metal, queen, santana, eddie vedder, camel, r.e.m.
kanye west, bob marley, lil wayne, linkin park, 30 seconds to mars, 2pac, ice cube, bullet for my valentine
stone sour, maroon 5, the bravery, my chemical romance, placebo, three days grace, 3 doors down, 30 seconds to mars, the killers, franz ferdinand, soundtrack, red hot chili peppers, bowling for soup, panic at the disco, system of a down, r.e.m., fall out boy, hoobastank, blink-182, basshunter, manic street preachers, joshua radin, arctic monkeys, kaiser chiefs, jet
pink floyd, coldplay, the killers, black eyed peas, michael jackson, rammstein, switchfoot, pearl jam, radiohead, green day, linkin park, creed
cut copy, digitalism, boys noize, devendra banhart, daft punk, hot chip, m83, feist, justice, four tet, the chemical brothers, snoop dogg, cocorosie, crystal castles, lcd soundsystem, junior boys, deerhoof, the presets, air, bloc party, elliott smith, dead can dance, ratatat, explosions in the sky, simian mobile disco
pavement, cake, the velvet underground, guided by voices, battles, modest mouse, mogwai, sonic youth, frank zappa, autechre, built to spill, radiohead, aphex twin, sigur rós
scar symmetry, michael jackson, the doors, mot?rhead, sepultura, megadeth, metallica, bob marley, tenacious d, black sabbath, deep purple, bob dylan, ac/dc, mogwai, pantera, buckethead
kelly clarkson, taylor swift, a fine frenzy, sara bareilles, colbie caillat, kanye west, lady gaga, amy macdonald, kt tunstall, katy perry, michael bublé, james blunt, paramore, norah jones, johnny cash, the veronicas
john mayer, gavin degraw, backstreet boys, arctic monkeys, leona lewis, panic at the disco, maria mena, katy perry, plain white ts, james morrison, lifehouse, paolo nutini, coldplay, goo goo dolls, jason mraz, pink, onerepublic, all time low, joshua radin, breaking benjamin, regina spektor, beyoncé, the fray, john legend
linkin park, devildriver, static-x, the prodigy, all shall perish, koЯn, heaven shall burn, caliban, soilwork, dark tranquillity, scar symmetry, die apokalyptischen reiter, sonic syndicate, all that remains, enter shikari, trivium, bring me the horizon, ill ni?o, machine head, limp bizkit, killswitch engage, parkway drive, tenacious d, amon amarth, lostprophets, 3 doors down, chimaira, dimmu borgir, slipknot
the beatles, jefferson airplane, nirvana, my bloody valentine, dinosaur jr., the who, duran duran, the police, john lennon, captain beefheart & his magic band
the specials, madness, flogging molly, gorillaz, coma, bob marley & the wailers, arctic monkeys
slayer, opeth, nick drake, porcupine tree, eagles of death metal, katatonia, pantera, mastodon, the jimi hendrix experience, m?tley crüe, pink floyd, queens of the stone age, lamb of god, soundgarden, judas priest, turbonegro, yo la tengo, chimaira, deep purple, the dillinger escape plan, nine inch nails, black sabbath, gojira, strapping young lad
porcupine tree, red hot chili peppers, metallica, ac/dc, scorpions, system of a down, tenacious d, godsmack, linkin park, limp bizkit, switchfoot, t. rex, mark ronson, dio, arctic monkeys, elvis presley, senses fail, megadeth, audioslave, bob marley & the wailers, myslovitz, john lennon, eric clapton, nickelback, marilyn manson, slayer, kult, rob zombie, santana, judas priest, sex pistols
duffy, the jesus and mary chain, fleet foxes, bon iver, hercules and love affair, the last shadow puppets, kylie minogue, antony and the johnsons, amy winehouse, cut copy, the jam, tom waits, portishead, r?yksopp, my bloody valentine, manic street preachers, the streets, joy division, animal collective
arctic monkeys, muse
akon, new found glory, metallica, eminem, frou frou, black eyed peas, imogen heap, justin timberlake, flo rida, common, jay-z, m83, gym class heroes, ludacris
the shins, pink floyd, kamelot, peter gabriel, johann sebastian bach, camera obscura, coldplay, dragonforce, creedence clearwater revival, john lennon, van morrison
animal collective, sigur rós, sufjan stevens, the books, múm, the beatles, radiohead, brian eno, broken social scene, the arcade fire, death cab for cutie, joanna newsom, bon iver, the weakerthans, andrew bird, nick drake, explosions in the sky, the album leaf, stars, the flaming lips, fleet foxes
the blood brothers, beastie boys, turbonegro, beck, bright eyes, deichkind, the hives, the notwist, the weakerthans, refused, the get up kids, placebo, the doors, at the drive-in, the chemical brothers
arctic monkeys, tool, rage against the machine, the killers, linkin park, ska-p, black sabbath, audioslave, the mars volta, led zeppelin, sum 41, the offspring, pink floyd, dream theater, flyleaf, bob marley, metallica, dido, interpol, the smashing pumpkins, red hot chili peppers, queen, system of a down, matisyahu, green day
devildriver, godsmack, sonata arctica, bob marley, dragonforce, him, mika
[wu-tang clan]
david guetta, the fratellis, mando diao, daft punk, the prodigy, eminem, the wombats, the sounds, justice, stone sour, turbonegro, the ting tings, max?mo park, bob marley, millencolin, foo fighters, calvin harris, clueso, the subways, cake, the pigeon detectives, kanye west, deichkind, system of a down, the hives, green day, the killers, kaiser chiefs, die ?rzte, robyn
duran duran, the police, from autumn to ashes, circa survive, thursday, thrice, tenacious d, bring me the horizon, story of the year, the black dahlia murder, parkway drive
the beatles, paul simon, bob dylan, frank sinatra, david bowie, the rolling stones, simon & garfunkel, bruce springsteen, leonard cohen, the pogues, led zeppelin, elvis presley, the kinks
biffy clyro, manic street preachers, girl talk, phoenix, linkin park, the killers, lily allen, paramore, muse, the wombats, oasis, metallica, 36 crazyfists, dashboard confessional, fall out boy, pearl jam, wilco, the prodigy, m.i.a., 44, green day, snow patrol
tool, a perfect circle, system of a down, metallica, explosions in the sky, sigur rós, muse, god is an astronaut, pearl jam, rage against the machine, incubus, radiohead
bloc party, led zeppelin, ray charles, aretha franklin, elbow, toto, james brown, basement jaxx, the kooks
slipknot, avenged sevenfold, system of a down, atreyu, linkin park, koЯn, limp bizkit, disturbed, metallica, slayer, children of bodom, apocalyptica, pantera, escape the fate, chevelle, queens of the stone age, papa roach, billy talent, mindless self indulgence, my chemical romance, placebo, foo fighters, 36 crazyfists, killswitch engage, dimmu borgir, breaking benjamin, from first to last, marilyn manson, nine inch nails, black sabbath
the smiths, the flaming lips, david bowie, ramones, the beatles, the beach boys, nirvana, talking heads, leonard cohen, radiohead, beirut, grizzly bear, beck, new order, miles davis, guided by voices, serge gainsbourg, tegan and sara, lily allen, siouxsie and the banshees, captain beefheart & his magic band, tom waits, prefuse 73, fleet foxes
atb, britney spears, beyoncé, the pussycat dolls, lady gaga, justin timberlake, rihanna, katy perry, mariah carey, timbaland, amy winehouse, madonna, kelly clarkson
ramones, cocorosie
my bloody valentine, animal collective, the cure, the jesus and mary chain, múm, the velvet underground, sonic youth, low, guided by voices, blonde redhead, slowdive
christina aguilera, pink, the pussycat dolls
tool, melvins, nine inch nails, king crimson, radiohead, gojira, mastodon, queens of the stone age, a perfect circle, buckethead, tom waits, primus, david bowie, bj?rk, rage against the machine, deftones, portishead, the cure, frank zappa, aphex twin, incubus, isis, the jimi hendrix experience, mf doom, broken social scene
yo la tengo, slowdive, my bloody valentine, blonde redhead, air, the smiths, m83, the radio dept., interpol, stereolab, the cardigans, the jesus and mary chain, coldplay, primal scream, radiohead, new order, sonic youth
rise against, millencolin, anti-flag, bad religion, pennywise, dropkick murphys, sum 41, blink-182, nofx, rancid, less than jake, goldfinger, papa roach, flogging molly, iron maiden, the offspring, afi, rage against the machine, billy talent, the distillers, bloodhound gang, system of a down, relient k, anberlin, disturbed, good charlotte, paramore, simple plan, 44, shiny toy guns, ramones, skillet, lagwagon, the all-american rejects, something corporate
michael jackson, moby, cascada, atb, madonna, ti?sto, kaiser chiefs, live, scooter, ferry corsten, coldplay, timbaland, kosheen, pink, basshunter, mary j. blige, the police, keane, blank & jones, the pussycat dolls, amy winehouse, christina aguilera, armin van buuren, eminem, james morrison, mika, fatboy slim, nickelback, evanescence, avril lavigne, chris brown
tom waits, captain beefheart & his magic band, nick drake, neil young, devo, frank zappa, weezer, slayer, black sabbath, the beatles, bruce springsteen, the velvet underground, elvis costello, dead kennedys, pixies, bad brains, the rolling stones, adam green, black flag, the kinks, neutral milk hotel, king crimson
paul oakenfold, the cure, keane, mgmt, john williams, tv on the radio, imogen heap, michael bublé, kraftwerk, britney spears, coldplay, koop, thievery corporation, death cab for cutie, pinback, frank sinatra, aphex twin, joshua radin
a tribe called quest, gang starr, johann sebastian bach, bruce springsteen, nas, notorious b.i.g., dr. dre, jethro tull, stevie wonder, wu-tang clan, the roots, j dilla, kanye west, madlib, tom waits, jay-z, ludwig van beethoven, bob dylan, madvillain, mf doom, snoop dogg, common
65daysofstatic, pink floyd, opeth, r?yksopp, god is an astronaut, the beatles, dream theater, tool, king crimson, modest mouse, rush, alkaline trio, moby, the shins, ratatat, shpongle, death cab for cutie, rise against, pendulum, kings of leon, mogwai, explosions in the sky, ti?sto, bob marley, daft punk, minus the bear, mudvayne, radiohead, aphex twin, muse, unkle, coldplay, enigma, sigur rós, architecture in helsinki, massive attack, arctic monkeys, elbow, coheed and cambria, blackfield
kings of leon, limp bizkit, paramore, new found glory, a day to remember, blink-182, the strokes, bat for lashes, sum 41, the kooks, story of the year, placebo, death cab for cutie, sublime, portishead, the kills, less than jake, 44, the all-american rejects, escape the fate, bon jovi, silverstein, green day, good charlotte, bj?rk, papa roach, avenged sevenfold, yellowcard, system of a down, slipknot, koЯn, relient k, john mayer, dashboard confessional, reel big fish
alesana, enter shikari, panic! at the disco, eminem, my chemical romance, akon, chiodos, avril lavigne, good charlotte, escape the fate, the sounds, blink-182, taking back sunday, rise against, new found glory, sum 41, caliban
rise against, as i lay dying, system of a down, three days grace, black sabbath, rammstein, story of the year, metallica, coheed and cambria, beastie boys, barenaked ladies, atreyu, ozzy osbourne, nickelback, cake, my chemical romance, maroon 5, emery, kanye west
burial, high contrast, atb, the prodigy, pendulum, orbital, faithless, bloc party, ti?sto
coldplay, the strokes, the beatles, arctic monkeys, the killers, the kooks, damien rice, jason mraz, death cab for cutie, the last shadow puppets, stars, bloc party, klaxons, the kills, mgmt, gym class heroes, rilo kiley, vampire weekend, r.e.m., kings of leon, muse, panic at the disco, katy perry, camera obscura, fall out boy, the shins, paramore, tokyo police club, the cribs, onerepublic, hot hot heat, santogold, cat power, metro station, jack johnson, spoon, the postal service
enya, caetano veloso, thomas newman, emilie simon, t.a.t.u., coldplay, aerosmith, chico buarque, roxette, édith piaf, loreena mckennitt, rihanna
placebo, ensiferum, ladytron, enya, crystal castles, the cure, agalloch, the birthday massacre, in flames, philip glass, therion, daft punk, gamma ray, mono, dragonforce
ac/dc, johnny cash, mot?rhead, nine inch nails, antony and the johnsons, pearl jam, eels, elvis presley, the black keys, the beatles, calexico, led zeppelin, ramones, bonnie prince billy, tom waits, sigur rós, wilco, lou reed, beck, iron & wine, the rolling stones, david bowie, black sabbath, belle and sebastian, the white stripes, radiohead, tv on the radio, depeche mode, portishead, queens of the stone age, the cure, metallica, yo la tengo, the prodigy, kiss
pavement, sonic youth, nick cave and the bad seeds, the kinks, grateful dead, the flaming lips, bj?rk, wilco, the rolling stones, electric light orchestra, pink floyd, nirvana, david bowie, joanna newsom, the who, the byrds, the doors
plaid, pulp, pj harvey, ladytron, autechre, kings of convenience, cat power, depeche mode, the smiths, the knife, joanna newsom, beirut, édith piaf, apparat, portishead, peter bjorn and john, franz ferdinand, josé gonzález, koop, the whitest boy alive, hercules and love affair, architecture in helsinki, cut copy, feist, aphex twin, the herbaliser, massive attack, lamb
asian dub foundation, coldplay, bob marley & the wailers, elvis presley, peter gabriel, beirut, bonobo, rage against the machine, archive, morphine
skid row, volbeat, the doors, mot?rhead, alice cooper, marilyn manson, van halen, led zeppelin, ac/dc, bon jovi, scorpions, david bowie, metallica, def leppard, him, pantera, aerosmith, dope, manowar, the 69 eyes, pink floyd, edguy, the rolling stones
boards of canada, isis, joanna newsom, aesop rock, nick drake, daft punk, iron & wine, jethro tull, portishead, the mars volta, frank zappa, slowdive, opeth, clint mansell, sage francis, radiohead, depeche mode, my bloody valentine, king crimson, jeff buckley, thomas newman, bloodbath, fleet foxes, bon iver, burial, mastodon
muse, the beatles, various artists, david bowie, the killers, the rolling stones, audioslave, green day, jamie cullum, marilyn manson, gorillaz, cream, the vines
anberlin, emery, avenged sevenfold, bj?rk, dashboard confessional, city and colour, alexisonfire, from autumn to ashes, los hermanos, madonna, depeche mode, chiodos, caliban, placebo, cobra starship, t.a.t.u., linkin park, britney spears, cansei de ser sexy, nouvelle vague, as i lay dying, bloc party, ill ni?o, the birthday massacre, the cure, paramore, saosin, all that remains, roxette, bullet for my valentine, dir en grey
danny elfman, thomas newman, hans zimmer, john williams, howard shore
the beatles, miles davis, pink floyd, eric clapton, diana krall, joni mitchell, groove armada, the rolling stones, jamiroquai, depeche mode, norah jones, massive attack, st. germain, pink martini, george michael, bob dylan, air, david bowie, ella fitzgerald, eagles, robbie williams, thievery corporation, jack johnson, michael jackson
refused, beastie boys, dead kennedys, ministry, descendents, justice, pennywise, at the drive-in, the kinks, bruce springsteen, ...and you will know us by the trail of dead, the cure
[shpongle]
bob dylan, kt tunstall, simon & garfunkel, the doors, radiohead, frank sinatra, chet baker, aerosmith, the jimi hendrix experience, neil young, nirvana, hey, muse, foo fighters, the hives, kult, pendulum, the velvet underground, morphine, dire straits, bob marley, eagles of death metal, infected mushroom, joe satriani, cream, paul simon, the kills, the prodigy, interpol, led zeppelin
within temptation, scooter, nightwish, hammerfall, dragonforce, bon jovi, sirenia, the sisters of mercy, in flames, duffy, sonata arctica, cat power, lady gaga, groove coverage, lacuna coil, judas priest, madonna, metallica, enya, iron maiden, roxette, soundtrack, atb, abba, manowar
saosin, underoath, killswitch engage, angels & airwaves, thrice, good charlotte, simple plan, from autumn to ashes, sugarcult, stone sour, imogen heap, chimaira, danny elfman, jet, lostprophets, panic at the disco, 3 doors down, disturbed, yellowcard, stereophonics, sum 41, lamb of god, koЯn, rob zombie, refused
johnny cash, pearl jam, avril lavigne, dido, jack johnson, slipknot, bob dylan, dire straits, creed, him, nirvana, third eye blind, bryan adams, ozzy osbourne, hoobastank, james blunt, incubus
sentenced, iron maiden, metallica, blind guardian, nirvana, apocalyptica, in flames, deep purple, led zeppelin, anathema, dark tranquillity, iced earth, children of bodom, amy winehouse, pink floyd, tool
calexico, the national, cat power, beck, kings of convenience, the presets, tegan and sara, tom waits, tricky, u2, josé gonzález, sia, shiny toy guns, goldfrapp, massive attack, st. germain, r.e.m., pj harvey, the beatles, air, gnarls barkley, portishead, r?yksopp, carla bruni, jem, iron & wine, gorillaz, system of a down, nick drake, devo, talking heads, stars, beastie boys, david gray, the cure, elvis costello
minor threat, black flag, wolfgang amadeus mozart, johnny cash, carla bruni, bob marley & the wailers, ludwig van beethoven, mot?rhead, bad brains, louis armstrong
travis, of montreal, snow patrol, muse, belle and sebastian, taylor swift, hellogoodbye, kasabian
garbage, nick cave and the bad seeds, pink floyd, after forever, linkin park, apocalyptica, snow patrol, bullet for my valentine, good charlotte, nightwish, system of a down, the dandy warhols, led zeppelin, stone sour, metric, ayreon, the doors, the fray, danny elfman, massive attack
above & beyond, paul van dyk
as i lay dying, underoath, comeback kid, good charlotte
dark tranquillity, slayer, all that remains, disturbed, norther, red hot chili peppers, devildriver, killswitch engage, linkin park, fear factory, sonic syndicate, as i lay dying, children of bodom, lamb of god, lacuna coil, paramore, arch enemy, the haunted, bloc party, green day, the smashing pumpkins, 30 seconds to mars, meshuggah, chimaira, amorphis, pendulum, at the gates, porcupine tree, atreyu
oomph!, kamelot, in flames, sonata arctica, mindless self indulgence, die apokalyptischen reiter, the subways, soilwork, the offspring, deathstars, blind guardian, katatonia, amon amarth, trivium, in extremo, 30 seconds to mars, korpiklaani, the dresden dolls, oasis, dirty pretty things, my chemical romance, slipknot, the used
joanna newsom, dead can dance, miles davis, caetano veloso, chico buarque, yann tiersen
pantera, red hot chili peppers, sepultura, slayer, down, bob marley, misfits, korpiklaani, primus, rammstein, judas priest, alice in chains, kreator, death, sodom, santana, dr. dre
napalm death, tom waits, die ?rzte, die toten hosen, darkthrone, deftones, marilyn manson, dimmu borgir, dropkick murphys, sepultura, amon amarth, muse, morbid angel, immortal, arch enemy, subway to sally, rammstein, the prodigy, nine inch nails, nirvana, death, jimi hendrix, eluveitie, finntroll, afi, the doors, queens of the stone age, cypress hill, system of a down, soulfly
keane, ashlee simpson, pet shop boys, enigma, bon jovi
behemoth, immortal, bloodbath, darkthrone
rihanna, timbaland, cascada, scooter, benny benassi, die toten hosen, clueso, kanye west, 50 cent, keane, die ?rzte, dashboard confessional, paul van dyk, justin timberlake, chris brown, david guetta, eminem, bloodhound gang, atb, nelly furtado, fall out boy, katy perry
ulver, anathema, rammstein, massive attack, iamx, placebo, depeche mode, r?yksopp, testament, sting
depeche mode, mylo, u2, mgmt, pulp, air
blink-182, escape the fate, my chemical romance, all time low, fall out boy, green day, cobra starship, boys like girls, paramore, panic at the disco, queen, placebo, van halen, red hot chili peppers, simple plan, cute is what we aim for, katy perry, the all-american rejects, the used, gym class heroes, jimmy eat world, jonas brothers, avril lavigne, hilary duff, lady gaga, papa roach, the academy is..., miley cyrus
death, opeth, radiohead, joy division, pinback, the doors, morbid angel, gojira, amon amarth, carcass, the black dahlia murder, pj harvey, metallica, r.e.m., at the gates, dark tranquillity, mastodon, led zeppelin, behemoth, bloodbath, coldplay, ulver, katatonia, nile, slayer, pink floyd
dj krush, system of a down, mr. scruff, bullet for my valentine, slipknot, koЯn, unkle, fall out boy, deftones, dj shadow, mudvayne, serj tankian, the prodigy, underworld, linkin park, shpongle, orbital, p.o.d., portishead, 36 crazyfists
paul mccartney, madonna, mike oldfield, the beatles, air, billie holiday, gorillaz, gnarls barkley, gwen stefani, abba, lenny kravitz, red hot chili peppers, dire straits, deep purple, led zeppelin, nirvana
guided by voices, beck, the decemberists, modest mouse, r.e.m., wilco, deerhunter, snow patrol, deerhoof, stereolab, mogwai, arcade fire, the breeders, the killers
my dying bride, dead can dance, depeche mode, ayreon, tool, god is an astronaut, danny elfman, isis, joe satriani, therion, jethro tull, explosions in the sky, vangelis, pink floyd, bathory, [unknown], django reinhardt, godspeed you! black emperor, the sisters of mercy
bob dylan, led zeppelin, johnny cash, los hermanos, joni mitchell, cake, coldplay, janis joplin, red hot chili peppers, serge gainsbourg, radiohead, manu chao, the strokes, the rolling stones, pearl jam, belle and sebastian, gotan project, jamiroquai, arctic monkeys, chico buarque, beastie boys
eminem, the game, staind, dope, godsmack, linkin park, onerepublic, jedi mind tricks, mudvayne, lifehouse, ludacris, akon, avril lavigne, afi, dmx
my dying bride, sirenia, therion, tristania, anathema, the gathering, a perfect circle, lacrimosa, muse, katatonia, the cure, apoptygma berzerk, paradise lost, theatre of tragedy, placebo, moonspell, agalloch, depeche mode
korpiklaani, angra, hammerfall, ayreon, eluveitie, gamma ray, nightwish, sonata arctica, black sabbath, dream theater, equilibrium, edguy, blind guardian, helloween, rhapsody of fire, amon amarth, jethro tull, black label society, enya, tenacious d, dio, kamelot, stratovarius, iron maiden, turisas, van halen, skid row, rush, iced earth, rainbow
yeah yeah yeahs, broken social scene, against me!, camera obscura, metric, cat power, death cab for cutie, stars, sufjan stevens, crystal castles, explosions in the sky, feist, the shins, lady gaga, amy winehouse, rancid, the album leaf, ani difranco, girl talk, lily allen, bright eyes, misfits, m. ward, bon iver
nine inch nails, mindless self indulgence, the faint, incubus, the dresden dolls, sneaker pimps, daft punk, ratatat, queen, modest mouse
bloc party, placebo, kings of convenience, kings of leon, billy joel, kent, feist, nada surf, pulp, josé gonzález, the bravery, james blunt, she wants revenge, pink floyd
the beatles, the beach boys, david bowie, queen, pink floyd, the rolling stones, blondie, tom petty and the heartbreakers, abba, the who, eric clapton, jefferson airplane, simon & garfunkel, deep purple, neil young, the doors, creedence clearwater revival, fleetwood mac, dire straits, lynyrd skynyrd, bob dylan, the kinks, eagles, the clash, aerosmith, the police, led zeppelin, electric light orchestra, jimi hendrix
system of a down, slayer, nightwish, the 69 eyes, lacuna coil, lacrimosa, dimmu borgir, apocalyptica, kamelot, alice cooper, lordi, tiamat, michael jackson, queen, epica, enya, paradise lost, tarja turunen, ac/dc
the doors, jefferson airplane, gotan project, four tet, grateful dead
happysad, metallica, the white stripes, hey, red hot chili peppers, the beatles, the gathering, blink-182, kult, radiohead, coma, mot?rhead, linkin park, eddie vedder, my chemical romance, panic at the disco, system of a down, green day, tool, queens of the stone age, pid?ama porno, cat power, kings of leon, bruce springsteen, koЯn, guns n roses, muse, rise against, arctic monkeys, akurat, black sabbath, joy division, slipknot, porcupine tree, nirvana, rammstein, iron maiden, slayer, no doubt, foo fighters, gorillaz, rage against the machine, bob marley, placebo, the dresden dolls
the smashing pumpkins, u2, garbage, green day, pulp, bush, foo fighters, oasis, silverchair, hooverphonic, the police, goo goo dolls, the clash
nine inch nails, interpol, radiohead, placebo, arcade fire, tool, rammstein, beck, ...and you will know us by the trail of dead, kraftwerk, skinny puppy, band of horses, queens of the stone age, the smashing pumpkins, ladytron, the national, deus, the dresden dolls, modest mouse, u2, the raconteurs, the chemical brothers, nirvana, doves, a perfect circle, blonde redhead, bj?rk, jeff buckley, my morning jacket, death from above 1979, bright eyes, antony and the johnsons, elbow, the prodigy, kmfdm, at the drive-in, mew, marilyn manson, the cure
caetano veloso, nick drake, al green, air, the beatles, philip glass, frank sinatra, beirut, jeff buckley, santana, otis redding, coldplay, the beach boys, amy winehouse, yann tiersen, pink floyd, prince
def leppard, aerosmith, kiss, dio, sting, nirvana, the who, deep purple, the kinks, bob dylan, tracy chapman, pantera, ray charles, u2
u2, sigur rós, elvis costello, kings of leon, blink-182, coldplay, pink floyd, bruce springsteen, snow patrol, enter shikari, lostprophets, david bowie, red hot chili peppers, radiohead, the who, john williams, the clash, stereophonics, supertramp, sting, angels & airwaves, mike oldfield, incubus, oasis, the ataris, dave matthews band
manowar, strapping young lad, iron maiden, devildriver, black label society, symphony x, gamma ray
shakira, the new pornographers, abba, feist, ryan adams, jack johnson, kings of leon, muse, red hot chili peppers, talking heads, the rolling stones, coldplay, santogold, nirvana, kasabian, calexico, arcade fire, aretha franklin, basement jaxx, james morrison, kt tunstall, fleetwood mac, the gossip, u2, elvis presley, paolo nutini, beck, sheryl crow, michael jackson, cansei de ser sexy, placebo
sia, lamb, zero 7, feist, imogen heap, jem, goldfrapp, hooverphonic, fiona apple, kt tunstall, frou frou, emilie simon, tori amos, sarah mclachlan, portishead, air, the cure, sneaker pimps, moloko, róisín murphy, aimee mann, sufjan stevens, lady gaga, a fine frenzy, pj harvey, bonnie prince billy, morcheeba
at the drive-in, razorlight, snow patrol, spoon, fall out boy, the academy is..., dredg, panic at the disco, max?mo park, blink-182, jimmy eat world, the all-american rejects, 3 doors down, black rebel motorcycle club, kaiser chiefs, the beatles, the killers, death cab for cutie, the mars volta, the white stripes, bloc party, audioslave, the kills, johnny cash, the new pornographers, clap your hands say yeah, neutral milk hotel, cute is what we aim for, mando diao, rage against the machine, kings of leon, live, the libertines, arctic monkeys, franz ferdinand, pearl jam, rise against, nickelback
coma, hey, tool, 65daysofstatic, children of bodom, in flames, morcheeba, pain of salvation, koЯn, archive, system of a down, dimmu borgir, kreator, amorphis, a perfect circle, explosions in the sky, coldplay, within temptation, slipknot, bat for lashes, radiohead, behemoth, loreena mckennitt, nirvana, the gathering, lacuna coil, samael, disturbed, ulver, pid?ama porno, portishead, vader
the killers, sigur rós, muse, coheed and cambria, coldplay, aphex twin, nine inch nails, arcade fire, metallica, feeder, patrick wolf, the smashing pumpkins, rufus wainwright, sufjan stevens, daft punk, dragonforce, children of bodom
the prodigy, marilyn manson, emilie autumn, anathema, depeche mode, nightwish, a perfect circle, tarja turunen, placebo, t.a.t.u., nelly furtado, the killers, system of a down
tom waits, pj harvey, calexico, johnny cash, jimi hendrix, the black keys, van morrison, ac/dc, kyuss, elvis presley, neil young, the pogues, queens of the stone age, the ting tings, amy winehouse, mot?rhead, biffy clyro, ramones, my morning jacket, santogold, morphine, the smashing pumpkins
john mayer, feist, norah jones, joss stone, alicia keys, nightmares on wax, thievery corporation, a tribe called quest, amy winehouse, katie melua, ben harper, regina spektor, jack johnson, adele, bob marley, corinne bailey rae, kt tunstall, herbie hancock, de-phazz, sia, sting, black eyed peas, colbie caillat, dave matthews band, emilíana torrini, pink martini
beatsteaks, oasis, alter bridge, nickelback, dire straits, metallica, muse, nirvana, ac/dc, creed, velvet revolver, mot?rhead, red hot chili peppers, die toten hosen, kyuss, u2, pearl jam, clueso, audioslave, green day, linkin park, the who, johnny cash, volbeat, van halen, bush, queens of the stone age, rage against the machine, the hives, incubus, bloodhound gang, foo fighters, enter shikari, ska-p, stone sour
kanye west, britney spears, maroon 5, akurat, bryan adams, happysad, nelly furtado, timbaland, dashboard confessional, chamillionaire, busta rhymes, o.s.t.r., m.i.a., lifehouse, christina aguilera, joss stone, snoop dogg, soundtrack, gotan project, eminem, creed, the game
anathema, the cure, seal, vnv nation, oomph!, slipknot
weezer, the clash, blink-182, bad brains, rage against the machine, cansei de ser sexy, crystal castles, flight of the conchords, the distillers, bad religion, johnny cash, daft punk, death from above 1979, goldfinger, mf doom, simian mobile disco
burzum, three days grace, in extremo, isis
kylie minogue, tori amos, madonna, róisín murphy, hercules and love affair, imogen heap, robyn, lily allen, girls aloud, britney spears, chromeo, peaches, lcd soundsystem, amy winehouse, m.i.a., cansei de ser sexy, sufjan stevens, sia, prince, shiny toy guns, the postal service, santogold
elvis presley, johnny cash, enya, u2, coldplay, abba, st. germain, norah jones, kate bush, roxette, phil collins, depeche mode, the cardigans, robbie williams, r.e.m., duran duran, queen, dire straits, madonna, the beatles, mariah carey
rilo kiley, rufus wainwright, the shins, patrick wolf, devendra banhart, elliott smith, new order, tom waits, arcade fire, bon iver, hot chip, feist, clap your hands say yeah, the killers, shout out louds, the national, final fantasy, the decemberists, cocorosie, beirut, the streets, animal collective, razorlight, simon & garfunkel, bruce springsteen
pennywise, lagwagon, the distillers, nofx, the offspring, millencolin, alkaline trio, the bouncing souls, descendents
nine inch nails, dashboard confessional, devendra banhart, jefferson airplane, britney spears, jeff buckley, sigur rós, tool, pavement, she wants revenge, elliott smith, kings of leon, adam green, the white stripes, grizzly bear, the velvet underground
mot?rhead, fugazi, black flag, misfits, minor threat, millencolin, relient k, bad religion
porcupine tree, yann tiersen, soundtrack, archive, volbeat, anathema, infected mushroom, my morning jacket, tool, blackfield, dredg, god is an astronaut, equilibrium, band of horses, boards of canada, fleet foxes, elbow, digitalism, trentem?ller, mastodon, the offspring, iamx, dimmu borgir, radiohead, blonde redhead, clint mansell, chromeo
alice in chains, nirvana, pearl jam, dir en grey, rancid, guns n roses, the cure, placebo, ramones, peaches, lady gaga, red hot chili peppers, metallica, rise against, mindless self indulgence, radiohead, anthrax, the clash, volbeat, ac/dc, the offspring, blink-182, the killers, bad religion, t.a.t.u., afi, the sounds, muse, britney spears, gym class heroes, crystal castles, cansei de ser sexy, silverstein, fergie, gorillaz, rihanna, sum 41
fugazi, ramones, afi, alkaline trio, the clash, descendents, the who, dead kennedys, misfits, iron maiden, green day, buzzcocks, against me!, david bowie, minor threat, the kinks, black flag, bad religion, black sabbath, the bouncing souls, the beatles, social distortion, the blood brothers
die ?rzte, boys noize, combichrist, farin urlaub, the cure
tori amos, cocorosie, interpol, joy division, nouvelle vague, crystal castles, sigur rós, hey, myslovitz, the strokes, radiohead, nick drake, blur, u2, the beatles, coldplay, the cranberries, fiona apple, air, queens of the stone age, clap your hands say yeah, josé gonzález, goldfrapp, boards of canada, thom yorke, john lennon, red hot chili peppers, the jesus and mary chain
sonata arctica, sum 41, scorpions, children of bodom, bad religion, helloween, system of a down
adema, rob zombie, eric clapton, aphex twin, tool, mudvayne, misfits, limp bizkit, godsmack, drowning pool, dope, slipknot, a perfect circle
parkway drive, seether, him, turbonegro, pendulum, bloodhound gang, zero 7, new order, coldplay, bring me the horizon, bullet for my valentine, god is an astronaut, billy talent, dope, the 69 eyes, rammstein, 44, the prodigy, the whitest boy alive, drowning pool, metro station, koЯn, moby, deus, electric six, red hot chili peppers, gorillaz, atreyu, mindless self indulgence, anti-flag, disturbed, static-x, marilyn manson, system of a down, sum 41, underoath, blink-182, all shall perish, eddie vedder, the beatles, thievery corporation, good charlotte, tenacious d, avenged sevenfold, limp bizkit
marilyn manson, megadeth, heaven shall burn, tiamat, amorphis, all that remains, the haunted, slipknot, all shall perish, cannibal corpse, chimaira, therion, caliban, in extremo, amon amarth, mudvayne, testament, avenged sevenfold, devildriver, trivium, bring me the horizon, bullet for my valentine, hatebreed, sonic syndicate
beatsteaks, bloc party, shout out louds, max?mo park, the subways, kings of leon, the strokes, tokyo police club, arctic monkeys, the wombats, the cribs, the kooks, dirty pretty things, the pigeon detectives
cut copy, chromeo, thievery corporation, calvin harris, sufjan stevens, jack johnson, vampire weekend, max?mo park, snow patrol, simian mobile disco, foo fighters, ska-p, the kooks, justice, de la soul, keane, the prodigy, coldplay, maria mena, common, nirvana, the corrs, daft punk, switchfoot, the roots, radiohead
afi, saosin, kent, muse, circa survive, rancid, the all-american rejects, travis, him, marilyn manson, escape the fate, alexisonfire, 30 seconds to mars, my chemical romance, rise against, paramore, 65daysofstatic, yellowcard, coldplay, in flames, justin timberlake, parkway drive, imogen heap, bad religion, anti-flag, cobra starship, snow patrol, goo goo dolls, city and colour, funeral for a friend, stone sour, natasha bedingfield, against me!, cradle of filth, nofx, t.i., billy talent
arch enemy, black label society, helloween, incubus, the smashing pumpkins, judas priest, jamiroquai, system of a down, foo fighters, metallica, the fall of troy, the hellacopters, dio, underoath, blind guardian, audioslave, lacuna coil, the strokes, avenged sevenfold, pantera, pink floyd, mudvayne, seether, bring me the horizon, red hot chili peppers, gamma ray, rage against the machine, radiohead, the jimi hendrix experience, led zeppelin, slayer, [unknown], nightwish, koЯn, caetano veloso, anberlin, rhapsody of fire
bring me the horizon, simple plan, avril lavigne, silverstein, breaking benjamin, pendulum, flyleaf, katy perry, my chemical romance, from autumn to ashes, good charlotte, lostprophets, bullet for my valentine, disturbed
the beatles, faith no more, nine inch nails, yann tiersen, the smashing pumpkins, max richter, blink-182, jeff buckley, foo fighters, tool, nirvana, silverchair, fall out boy, the prodigy, clint mansell, refused, sigur rós, the jimi hendrix experience, 65daysofstatic, a perfect circle, kings of leon, johnny cash, radiohead, led zeppelin, aphex twin, deftones, the dillinger escape plan, the flashbulb, biffy clyro, four tet, david bowie, the used, bj?rk, thrice, new found glory, philip glass, jimi hendrix, pearl jam, battles, venetian snares, 30 seconds to mars
eluveitie, ayreon, die ?rzte, oomph!, apocalyptica, ensiferum, seether, deathstars, metallica, serj tankian, coma, system of a down, die toten hosen, hey, dream theater, incubus, subway to sally, turisas, nirvana, nickelback, kult, korpiklaani, andrew lloyd webber, pearl jam, slipknot, pid?ama porno, u2, alanis morissette, 30 seconds to mars, clint mansell, kamelot, farin urlaub
shakira, avril lavigne
arctic monkeys, [unknown], charlie parker, johann sebastian bach, miles davis, mastodon, herbie hancock, red hot chili peppers, system of a down, beirut, ludwig van beethoven
christina aguilera, kelly clarkson, backstreet boys
depeche mode, meshuggah, fear factory, pantera, at the drive-in, slayer, autechre, paradise lost, metallica, the prodigy, rammstein, oomph!
britney spears, mariah carey, madonna, beyoncé, jennifer lopez, lifehouse, janet jackson, lady gaga, gwen stefani, the strokes, red hot chili peppers, christina aguilera, girls aloud, m.i.a., kylie minogue, the pussycat dolls
ferry corsten, siouxsie and the banshees, cut copy, death cab for cutie, the shins, arcade fire, mgmt, m83, the postal service, joy division, prince, ben folds, tori amos, modest mouse, bloc party, hellogoodbye, lily allen
slipknot, good charlotte, rise against, disturbed, kanye west, basshunter, linkin park, evanescence, rammstein, cascada
lil wayne, t.i., kanye west, akon, jay-z, eminem, chris brown, ludacris, the game, ne-yo, nas, 50 cent, notorious b.i.g., 2pac, flo rida, busta rhymes, nelly, chamillionaire, common
frank sinatra, the beatles, black sabbath, the doors, led zeppelin, the black keys, explosions in the sky, bush, the jimi hendrix experience, van halen, metallica, pearl jam, nas, elvis presley, coldplay, live, nirvana, death, avril lavigne, stone temple pilots, a perfect circle, michael jackson, queen, creedence clearwater revival, dmx, jeff buckley, notorious b.i.g., mogwai, silverchair, the smashing pumpkins, bon jovi, 2pac
beck, tenacious d, feist, the shins, kings of leon, final fantasy, jack johnson, amy winehouse, air, outkast, jamie cullum, interpol, max?mo park, death cab for cutie, deichkind, n*e*r*d, beatsteaks, ray charles, peter fox, bloc party, nada surf, beastie boys, arcade fire, kanye west, daft punk, the strokes, incubus, richard cheese, r?yksopp, the kooks, michael bublé, lcd soundsystem, the beatles
billy talent, cake, bloc party, metric, belle and sebastian, the faint, the flaming lips, green day, the go! team, daft punk, death from above 1979, the vines, the shins, system of a down, the bravery, lcd soundsystem, mylo, neutral milk hotel, the postal service, kasabian, justice, the offspring, the new pornographers, the arcade fire, of montreal, the decemberists, digitalism, sum 41, snow patrol, calvin harris, chromeo, venetian snares, 311, arctic monkeys, air
radiohead, the white stripes, the black keys, modest mouse, pixies, daft punk, damien rice, queens of the stone age, kings of leon, jeff buckley, death from above 1979, interpol, sigur rós, elliott smith, nirvana, the national, feeder, foo fighters, the libertines, the offspring, the raconteurs, led zeppelin, the hives, jimi hendrix, dirty pretty things, the strokes, the velvet underground, nina simone, editors, arctic monkeys, eels, band of horses, ramones, the rolling stones, placebo, muse, regina spektor
radiohead, paul van dyk, interpol, armin van buuren, coldplay, rammstein, moby, the killers, unkle, daft punk, counting crows, james blunt, death cab for cutie, the beatles, thievery corporation, garbage, travis, oasis, kanye west, rjd2, the smashing pumpkins, red hot chili peppers, paul oakenfold, tool, the postal service, atb, u2, matchbox twenty, thom yorke, bush, blank & jones, jamiroquai, jack johnson, nirvana, keane, modest mouse, dredg
system of a down, metallica, chris brown, blink-182, nine inch nails, escape the fate, t.i., paramore, fall out boy, slipknot, bullet for my valentine, green day, good charlotte, pantera, ne-yo, rihanna, my chemical romance, atreyu, akon, usher, the haunted, papa roach, disturbed, nofx, nightwish, queens of the stone age, beyoncé, john williams, dream theater, iron maiden, from first to last, story of the year
nina simone, chico buarque, chet baker, édith piaf, the beatles, bob dylan, sade, billie holiday, morcheeba, diana krall
air, the beatles, the libertines, blur, david bowie, the strokes, serge gainsbourg, the dandy warhols, nick drake, razorlight, adam green, the kills, the pipettes, feist, pulp, the gossip, supergrass, the breeders, babyshambles, joy division, kasabian, peaches, the cure, lou reed, goldfrapp, arctic monkeys, scissor sisters, radiohead, blondie, the white stripes, the doors, dirty pretty things
linkin park, clint mansell, god is an astronaut, 30 seconds to mars, 65daysofstatic, nightwish, evanescence, lacuna coil, bullet for my valentine, apocalyptica, placebo, joy division, jimmy eat world, tarja turunen, die ?rzte, katatonia, theatre of tragedy, dido, marilyn manson
bonobo, cat power, django reinhardt, scissor sisters, iron maiden, trentem?ller, charlie parker, amon tobin, beirut, david bowie, lily allen, roxette, boards of canada, the books, the herbaliser, the cinematic orchestra, bob dylan, plaid
nickelback, bon jovi, lacuna coil, 3 doors down, nightwish, matchbox twenty, lifehouse, james blunt, era, soundtrack, skid row
placebo, depeche mode, cat power, the beatles, interpol, chico buarque, belle and sebastian, the cure, joy division, pixies, cocteau twins, marilyn manson, pearl jam, kings of convenience, a-ha, echo & the bunnymen, massive attack, the verve, goldfrapp, los hermanos, nirvana, arcade fire, ramones, john lennon, the smiths, oasis, pink floyd, blondie, peter bjorn and john, air, audioslave, red hot chili peppers, einstürzende neubauten, deep purple, u2
the who, led zeppelin, foo fighters, red hot chili peppers, radiohead, the smashing pumpkins, the white stripes, u2, coldplay, green day, motion city soundtrack, snow patrol, jimmy eat world, the beatles, wilco, genesis, dashboard confessional, the clash, nirvana, ben folds five, counting crows, king crimson, bright eyes, peter gabriel, my chemical romance, r.e.m., the fray, barenaked ladies, journey, the all-american rejects, taking back sunday, the shins, muse, maroon 5, pearl jam, franz ferdinand, the rolling stones, billy joel, modest mouse
system of a down, nirvana, placebo, muse, the mars volta, the offspring
nightwish, onerepublic, within temptation, armin van buuren, green day, red hot chili peppers, pearl jam, nickelback, bloodhound gang
hypocrisy, testament, death, immortal, slayer, amon amarth, dimmu borgir, gojira, darkthrone, scar symmetry, satyricon, opeth, burzum, pantera, dark tranquillity, at the gates, iced earth, sodom, manowar, nile, the black dahlia murder, soilwork, ulver, norther, behemoth, guns n roses, kreator, arch enemy, cannibal corpse, equilibrium, in flames
madonna, depeche mode, pet shop boys, a-ha, cascada, elton john, coldplay, sting, robbie williams, enrique iglesias, u2, rihanna, pink, kylie minogue, keane, mariah carey, céline dion, jack johnson
muse, iron maiden, u2, mogwai, red hot chili peppers, the killers, kaiser chiefs, alanis morissette, norah jones, queen, bloc party, afi, alkaline trio, pink floyd, system of a down, elvis presley, the doors, lostprophets, sting, interpol, the beatles, the prodigy, my chemical romance
chico buarque, radiohead, marilyn manson, placebo, silverchair, queen, faith no more, pink floyd
u2, flight of the conchords, norah jones, corinne bailey rae, ac/dc, alicia keys, amy winehouse, beyoncé, dire straits, pink
lifehouse, 3 doors down, paramore, breaking benjamin, linkin park, rise against, colbie caillat, eminem, regina spektor, switchfoot, the fray
jimi hendrix, black sabbath, children of bodom, metallica, kiss, paradise lost, linkin park, feeder, scorpions, rush, iced earth, queensr?che, manowar, system of a down, judas priest, queen, ac/dc, enter shikari, slayer, mot?rhead, guns n roses, the used, coheed and cambria, megadeth, sepultura, in flames, staind, ozzy osbourne, lacuna coil, hoobastank, machine head, paramore, blink-182, sum 41
marilyn manson, schandmaul, sublime, koЯn, subway to sally, hatebreed, system of a down, deichkind, the white stripes, nine inch nails, gentleman, chimaira, die ?rzte, slipknot, die toten hosen, seeed, elvis presley, in extremo, rage against the machine, evanescence, queens of the stone age, meshuggah, disturbed, rammstein, killswitch engage, the killers
ignite, nofx, the offspring, blink-182, red hot chili peppers, afi, streetlight manifesto, mot?rhead, social distortion, katy perry, pennywise, slayer, misfits, me first and the gimme gimmes, lady gaga, wu-tang clan, saves the day, flogging molly, the weakerthans, pink floyd, led zeppelin, against me!
alice in chains, oasis, radiohead, johann sebastian bach, ludwig van beethoven
radiohead, isis, dredg, god is an astronaut, mogwai, pj harvey, the smashing pumpkins, pink floyd, john frusciante, brian eno, a perfect circle, kyuss, tool, sigur rós, queens of the stone age, u2, at the drive-in
jack johnson, the raconteurs, eels, elliott smith, the kooks, dredg, portishead, damien rice, ben harper, the doors, rage against the machine, coldplay, interpol, dire straits, muse, band of horses, kings of convenience, cursive
four tet, plaid, miles davis, dj shadow, prefuse 73, madlib, aesop rock, portishead, atmosphere, lamb
combichrist, oomph!
queen, the beatles, kings of leon, coldplay, my morning jacket, manu chao, the smiths, beirut, the cure, joy division, sigur rós, the velvet underground, david bowie, the strokes, band of horses, aretha franklin, new order, bob dylan, marvin gaye, bob marley & the wailers, oasis, pink floyd, the shins, radiohead, elvis presley, spoon, the hives, junior boys, jimi hendrix, amy winehouse, the rolling stones, grizzly bear, u2, the libertines, audioslave, led zeppelin, ratatat, the last shadow puppets, the who, lenny kravitz, morrissey, red hot chili peppers, tracy chapman, belle and sebastian, bloc party, nirvana
peter gabriel, rufus wainwright, lynyrd skynyrd, u2, the police, creed, 3 doors down, the rolling stones, simon & garfunkel
seal, [unknown], abba, al green, bee gees, various artists, stereophonics, thievery corporation, george michael, michael bublé
radiohead, opeth, calexico, johnny cash, nine inch nails, devendra banhart, iron & wine, apparat, autechre, wilco, neutral milk hotel, yo la tengo, lamb, sigur rós, low, various artists, boards of canada, underworld, the future sound of london, trentem?ller, led zeppelin, burial, thom yorke, arcade fire, josé gonzález, modest mouse, ray lamontagne, cat power, shpongle, sufjan stevens, neko case, andrew bird, interpol, aphex twin, m. ward, grateful dead
timbaland, moby, nightwish, red hot chili peppers, the beatles, shakira, bloodhound gang, fatboy slim, rammstein, justin timberlake, aerosmith, david guetta, britney spears, enrique iglesias, beyoncé, rihanna, daft punk, fall out boy, green day, maroon 5, avril lavigne, depeche mode, fergie, the pussycat dolls, the rasmus, craig david, nelly furtado, kelly clarkson, madonna
johann sebastian bach, iron maiden, the rolling stones, jethro tull, the who, ramones, kiss, pantera, mot?rhead, alice cooper, iced earth
mogwai, kosheen, lamb, pink floyd, u2, aretha franklin, nouvelle vague, radiohead, incubus, morcheeba, placebo, tori amos, sigur rós
peter gabriel, blackfield, philip glass, beirut, johann sebastian bach, édith piaf, soundtrack
[gojira]
the offspring, weezer, billy talent, depeche mode, the subways, mando diao, rise against, muse, incubus, the libertines, arctic monkeys, three days grace, radiohead, 3 doors down, the dandy warhols, coldplay, nickelback, hard-fi, anti-flag, lostprophets, papa roach, the prodigy, franz ferdinand, hoobastank, breaking benjamin, manic street preachers, simple plan, anberlin, cobra starship, jimmy eat world, the kooks, paramore, seether, pennywise, placebo, the academy is..., the all-american rejects, the killers, foo fighters, travis, oasis, green day, kaiser chiefs, angels & airwaves, chevelle, p.o.d.
him, apocalyptica, christina aguilera, system of a down, die toten hosen, marilyn manson, andrew lloyd webber, nightwish, rammstein, nine inch nails, the 69 eyes, metallica, koЯn, tenacious d, nirvana, audioslave, scorpions, oomph!, justin timberlake, kent, placebo, guns n roses, sentenced, sonata arctica, anathema
say anything, radiohead, coheed and cambria, the academy is..., the 69 eyes, michael jackson, aesop rock, blink-182, sum 41, mr. scruff, enter shikari, foo fighters, coldplay, david bowie, the album leaf, the ataris, silverchair, four tet
iron maiden, slipknot, guns n roses, megadeth, slayer, audioslave, velvet revolver, stone sour, metallica, nirvana, testament, coldplay, system of a down, dimmu borgir, kreator, limp bizkit, the doors, eluveitie, machine head, bon jovi, def leppard, led zeppelin, aerosmith, lamb of god, agalloch, muse, carcass, dragonforce, linkin park, pearl jam
hot chip, vampire weekend, kanye west, belle and sebastian, the beatles, the clash, phoenix, the killers, queen, arcade fire, madonna, weezer, elton john, tom petty and the heartbreakers, al green, michael jackson, u2, journey, jay-z, fleetwood mac, angels & airwaves, m.i.a., snoop dogg, pet shop boys, spoon, elvis presley, phil collins, the postal service, muse, ben folds, bob dylan, the game, jack johnson, 2pac, the who, no doubt, girl talk
kraftwerk, aphex twin
relient k, panic at the disco, regina spektor, basshunter, death cab for cutie, the gathering, muse, howard shore, dragonforce, the all-american rejects, the dresden dolls, a perfect circle, dashboard confessional
mariah carey, madonna, elton john, beyoncé, kylie minogue, lady gaga, rihanna, avril lavigne, jennifer lopez, joss stone, mika, alicia keys, christina aguilera, the pussycat dolls, leona lewis, robbie williams, natasha bedingfield, maroon 5, michael jackson, simple plan, nelly furtado, hilary duff, gwen stefani, kelly clarkson, janet jackson, dido, miley cyrus, coldplay, shakira, lily allen, girls aloud, amy winehouse, counting crows, feist, usher, the cranberries
mika, kasabian, red hot chili peppers, queen, daft punk, nirvana, bruce springsteen, moby, madonna, fatboy slim, gorillaz, 50 cent, the crystal method, r.e.m., aphex twin, green day, kanye west, alanis morissette, james blunt, eminem, aerosmith, pink, nelly furtado, the chemical brothers, britney spears, avril lavigne, the killers, r?yksopp, scissor sisters, u2, imogen heap
cake, serj tankian, anathema, [unknown], in flames, james blunt, jet, dido, u2
vnv nation, apoptygma berzerk, kmfdm, rammstein, evanescence, infected mushroom, marilyn manson, combichrist
john mayer, norah jones, [unknown], pink martini, johann sebastian bach, pearl jam, ludwig van beethoven, various artists, the cure, red hot chili peppers, dream theater, soundgarden
grateful dead, the beatles, nick drake, elliott smith, the kinks, ratatat, the strokes, the rolling stones, bob marley, devendra banhart, bob dylan, simon & garfunkel, the doors, pink floyd, paul simon, sublime, iron & wine, beck, cake, joni mitchell, jurassic 5, madvillain, fleet foxes, m. ward, beirut, the velvet underground, guided by voices, andrew bird, bonnie prince billy, spoon
miles davis, herbie hancock, stevie wonder, eric clapton, story of the year
bob dylan, belle and sebastian, yo la tengo, the magnetic fields, nick cave and the bad seeds, leonard cohen, nina simone, pixies, sonic youth, johann sebastian bach, the clash, bruce springsteen, captain beefheart & his magic band, the pogues, dinosaur jr., jeff buckley, ray charles, tom waits, nick drake, elvis costello
serj tankian, rise against, finntroll, farin urlaub, schandmaul, flogging molly, seeed, amon amarth, p.o.d., subway to sally, billy talent, sean paul, norther, atreyu, dragonforce, in extremo, panic at the disco, the rasmus, heaven shall burn, peter fox, vader, bloodhound gang, linkin park, bullet for my valentine, limp bizkit, gorillaz
primus, pixies, nirvana, fugazi, the white stripes, kult, radiohead, r.e.m., pj harvey, david bowie
madness, manu chao
beastie boys, dj shadow, unkle, mogwai, the future sound of london, nouvelle vague, queens of the stone age, m83, tori amos, cocorosie, dido, interpol, ...and you will know us by the trail of dead, burial, audioslave, sigur rós, m.i.a., outkast, shiny toy guns, snoop dogg, bloc party, deftones, kanye west, tool, muse, lupe fiasco
bright eyes, the get up kids, modest mouse, nofx, converge, beirut, death cab for cutie, millencolin, blink-182, johnny cash, rancid, band of horses, the fall of troy, the smiths, anberlin, mew, brand new, panic at the disco, the blood brothers, descendents, cursive, elvis presley, atreyu, chiodos, the libertines, the smashing pumpkins, bon iver
kings of leon, snow patrol, the fray, slipknot, 3 doors down, dj shadow, oasis
moby, alanis morissette, lou reed, pearl jam, ac/dc, abba, jeff buckley, kraftwerk, the rolling stones, prince, morrissey, portishead, nick cave and the bad seeds, queen
nirvana, nickelback, coldplay, the kills, lily allen, the prodigy, black eyed peas, pink, britney spears, the veronicas, oasis, the raconteurs, daft punk, santogold, yeah yeah yeahs, linkin park, the pussycat dolls, katy perry, amy macdonald, onerepublic, avril lavigne, kings of leon, jason mraz, lady gaga, rihanna, the killers, nine inch nails, marilyn manson, 3 doors down, the ting tings, flo rida, garbage
the shins, the academy is..., justice, blink-182, bob marley & the wailers, tokyo police club, death from above 1979, razorlight
depeche mode, the sisters of mercy, iamx, junior boys, erykah badu, new order, arcade fire, leonard cohen, jay-z, hot chip, pet shop boys, moloko, ryan adams, kraftwerk, m83, trentem?ller
aerosmith, apocalyptica, coldplay, alicia keys, amy winehouse, air, gavin degraw, britney spears, arctic monkeys, cansei de ser sexy, danny elfman, leonard cohen, beastie boys, queens of the stone age, asian dub foundation, outkast, crystal castles, blondie, iron maiden, travis
the beatles, alicia keys, mariah carey, a tribe called quest, de la soul, the kinks, kanye west, the velvet underground, aretha franklin, atmosphere, antonio vivaldi, eminem, ray charles, dr. dre, john lennon, james brown, mos def, nas, sublime, led zeppelin, gym class heroes, john legend, john mayer, bob dylan, pixies, ennio morricone, hot chip, corinne bailey rae
[cannibal corpse]
foo fighters, audioslave, social distortion, snow patrol, jimmy eat world, damien rice, dido, panic! at the disco, saves the day, nickelback, alkaline trio, amy winehouse, ramones, oasis, nada surf, fall out boy, johnny cash, the ataris, the beatles, goo goo dolls, 3 doors down, new order, relient k
hot chip, the rapture, she wants revenge, róisín murphy, lcd soundsystem, cansei de ser sexy, simian mobile disco, digitalism, justice, the postal service, cut copy, madonna, the knife, fischerspooner, the presets, calvin harris, daft punk, ladytron, amy winehouse, christina aguilera, klaxons, mylo, fatboy slim, peaches
anberlin, billy joel, the academy is..., red hot chili peppers, jack johnson, john mayer, herbie hancock, jason mraz, antonio vivaldi, ac/dc, dream theater, flo rida, howard shore, the police, death cab for cutie, green day, paul simon, streetlight manifesto
anathema, bruce springsteen, muse, john williams, elton john, finntroll, dire straits, genesis, the cranberries, iron maiden, foo fighters, loreena mckennitt, pain of salvation, the all-american rejects, [unknown], eluveitie, rainbow
placebo, incubus, david bowie, backstreet boys, pet shop boys, 30 seconds to mars, morrissey, keane, abba, saosin, green day, mew, ben folds, muse, apocalyptica, the beatles, michael jackson, breaking benjamin, matchbox twenty, red hot chili peppers, p.o.d., blink-182, good charlotte, a perfect circle, joy division, robbie williams, arcade fire, britney spears, coldplay, angels & airwaves, razorlight, elton john
calexico, wilco, iron & wine, the beatles, johnny cash, camera obscura, cat power, belle and sebastian, bonnie prince billy, bob dylan, bright eyes, pixies, al green, cocorosie, stereolab, neko case, the rolling stones, the whitest boy alive, the knife, neil young, the stone roses, the raveonettes, the breeders
rufus wainwright, aimee mann, beck, devendra banhart, kt tunstall, cat power, tori amos, belle and sebastian, rilo kiley, the knife, feist, serge gainsbourg, tom waits, the decemberists, amy winehouse, nick cave and the bad seeds, fiona apple, joanna newsom, diana krall, arcade fire, sufjan stevens, red hot chili peppers, johnny cash, joni mitchell, nouvelle vague, air, bj?rk, leonard cohen, the flaming lips, the beach boys, lou reed, ben harper, sting
shpongle, bj?rk, the faint, 65daysofstatic, infected mushroom, dredg, kraftwerk, placebo, massive attack, portishead, akira yamaoka
vnv nation, rammstein, ladytron, linkin park, apoptygma berzerk
billie holiday, muse, frédéric chopin, danny elfman, flight of the conchords, bj?rk, nouvelle vague, daft punk, radiohead, jazzanova, soundtrack, gotan project, justice, aphex twin, frank sinatra
the beatles, amorphis, hatebreed, tristania, in flames, captain beefheart & his magic band, paradise lost, heaven shall burn, sirenia, cradle of filth, caliban, vader, therion, haggard, bathory, frank zappa, tiamat, anathema, roxette, samael
the beatles, enigma, ennio morricone, steely dan, django reinhardt, radiohead, john williams, the dresden dolls, electric light orchestra, pink martini, philip glass, miles davis, portishead, gotan project, johnny cash, herbie hancock, david bowie, jeff buckley
50 cent, nightwish, daft punk, dir en grey, kelly clarkson
keane, they might be giants, lagwagon, my chemical romance, the all-american rejects, the killers, band of horses, bruce springsteen, mika, phil collins, james blunt, nofx, eels, afi, fall out boy, coldplay, disturbed, three days grace, johnny cash, simple plan, the fray, bon jovi, death cab for cutie, funeral for a friend
tom waits, m. ward, the white stripes, the black keys, kings of leon, queens of the stone age, neko case, led zeppelin, neutral milk hotel, weezer, my morning jacket, the rolling stones, eagles of death metal, bon iver, radiohead, arcade fire, spoon, green day, cold war kids, beirut, foo fighters, nine inch nails, cat power, iron & wine, mgmt, wilco, jimi hendrix, the beatles, gnarls barkley, incubus, the national, jimmy eat world, sufjan stevens, sigur rós, the dandy warhols, prince, the hives, ben harper, the raconteurs, johnny cash, stevie wonder
blink-182, eminem, mindless self indulgence, sum 41, muse, deichkind, the sounds, arctic monkeys, simple plan, moby, gorillaz, billy talent, relient k, paramore, yellowcard, linkin park, the prodigy, rammstein, ratatat, enigma, rise against, foo fighters, lostprophets, good charlotte, bob dylan, le tigre, eels, flogging molly, 30 seconds to mars, evanescence, the bravery, groove coverage, die ?rzte, hoobastank, kaiser chiefs, the dandy warhols, the rasmus, the all-american rejects, flyleaf, cascada, jet, bowling for soup, snow patrol, the academy is...
blind guardian, metallica, avantasia, iron maiden, kamelot, amorphis, hammerfall, manowar, in flames, judas priest, angra, foo fighters, opeth, stratovarius, mot?rhead, dragonforce, guns n roses, rhapsody of fire, nightwish, pantera, apocalyptica, moonspell
kanye west, queens of the stone age, black sabbath, the strokes, the white stripes, rage against the machine, red hot chili peppers, pantera, nirvana, foo fighters, muse, the streets, damien rice, jimi hendrix, audioslave, kyuss, the jimi hendrix experience, the smashing pumpkins, max?mo park, the hives, the kooks, stevie wonder, the specials, bloc party, dizzee rascal
bring me the horizon, breaking benjamin, enter shikari, a day to remember, alesana, atreyu, boys like girls, parkway drive
the national, modest mouse, madvillain, radiohead, pavement, nine inch nails, beastie boys, a perfect circle, phoenix, the cinematic orchestra, jeff buckley, roots manuva, de la soul, ryan adams, the smashing pumpkins, tool, the beatles, thievery corporation, the cure, new order, built to spill, deus, mf doom, hot chip, rage against the machine, broken social scene, clap your hands say yeah, lamb, arcade fire, jurassic 5
george michael, shpongle, r?yksopp, chicane, limp bizkit
sex pistols, t.i., nirvana, m.i.a., lykke li, ice cube, the stone roses, lil wayne, peaches, lady gaga, snoop dogg, blur, ramones, dizzee rascal, eminem, jay-z, santogold, dr. dre, the game, lupe fiasco, 2pac, outkast, mos def, kanye west, the roots, 50 cent, mobb deep, cypress hill, dead kennedys, the police
pink floyd, dropkick murphys, daft punk, the cardigans, sublime, franz ferdinand, bob marley, mogwai, cake, the knife
pet shop boys, the police, kraftwerk, pink floyd, the who, depeche mode, duran duran, howard shore, the beatles, stevie wonder, a-ha, counting crows, madonna, the beach boys, r.e.m., the cure, the killers, david bowie, moby, keane, the chemical brothers, fleetwood mac, scissor sisters, madness, sting, radiohead, ramones, garbage, kaiser chiefs, thomas newman, blondie
third eye blind, the shins, coldplay, death cab for cutie, avril lavigne, angels & airwaves, lifehouse, matchbox twenty, relient k, sarah mclachlan, paramore, pearl jam, john mayer, radiohead
ghostface, mf doom, j dilla, junior boys, nas, belle and sebastian, elliott smith, deerhoof, r.e.m., the mountain goats, the knife, yo la tengo, the velvet underground, sufjan stevens, autechre, nick drake, rufus wainwright, bob dylan, m83, mobb deep, tom waits, the magnetic fields, beck, the go! team, dizzee rascal, notorious b.i.g., aphex twin
franz ferdinand, arcade fire, andrew bird, travis, antony and the johnsons, the last shadow puppets, the police, beirut, kaiser chiefs, adam green, manu chao, bon iver, eminem, amy macdonald, johnny cash, sufjan stevens, placebo, the dresden dolls, final fantasy, katie melua, amy winehouse, coldplay, system of a down, eddie vedder, dire straits, the libertines, the shins
...and you will know us by the trail of dead, brand new, minus the bear, jimi hendrix, bloc party, 65daysofstatic, flight of the conchords, editors, nirvana, nada surf, converge
jack johnson, jay-z, alicia keys, snoop dogg, nas, beyoncé, paolo nutini, mary j. blige, norah jones, flo rida, corinne bailey rae, gang starr, the game, akon, sean paul, kanye west, rihanna, timbaland, maroon 5, fatboy slim, t.i., damian marley, kate nash, justin timberlake, gym class heroes, ne-yo, tracy chapman, joss stone
mike oldfield, theatre of tragedy, poets of the fall, onerepublic, enrique iglesias, nightwish, scorpions, eddie vedder, blackfield, riverside, 30 seconds to mars, rihanna, linkin park, deep purple
queensr?che, black sabbath, michael jackson, infected mushroom, metallica, supertramp, kmfdm
dave matthews band, red hot chili peppers, final fantasy, ben folds, electric light orchestra, jack johnson, the rolling stones, stars, radiohead, the arcade fire, the postal service, mark ronson
50 cent, the game, busta rhymes, dr. dre, akon, kanye west, snoop dogg, jay-z, beyoncé, david guetta, nelly furtado, benny benassi, ice cube, chris brown, rihanna, immortal technique, t.i., basshunter, ludacris, justin timberlake, missy elliott
dir en grey, emilie autumn
arch enemy, pantera, john mayer, hatebreed, all shall perish, metallica, van halen, the black dahlia murder, dr. dre, children of bodom, rage against the machine, jimmy eat world, fear factory, 2pac, slayer, social distortion, def leppard, bring me the horizon, amon amarth, dethklok, dimmu borgir
guided by voices, the fall, the mountain goats, okkervil river, animal collective, bonnie prince billy, cat power, belle and sebastian, the magnetic fields, beirut, the breeders, fleet foxes, mogwai, cocteau twins, the verve, calexico, low, pj harvey, jens lekman, morrissey, the national, the weakerthans
die ?rzte, badly drawn boy, ben folds, depeche mode, green day, dropkick murphys, the cure, the dresden dolls, the offspring, misfits, ben folds five, the prodigy, gogol bordello, the dandy warhols, moby, u2, eels, the white stripes, me first and the gimme gimmes, morcheeba, foo fighters, nirvana, mando diao
combichrist, placebo, bullet for my valentine, after forever, chimaira, type o negative, opeth
jedi mind tricks, o.s.t.r., cunninlynguists, the prodigy, jay-z, j dilla, wu-tang clan, gang starr, mobb deep, 50 cent, eminem, kanye west, gentleman, notorious b.i.g., beastie boys, nas, the roots, 2pac, cypress hill
him, bon jovi, all time low, ramones, the libertines, bullet for my valentine, babyshambles, the all-american rejects, the academy is..., papa roach, good charlotte, cute is what we aim for, skid row, lady gaga, the vines, the smashing pumpkins, escape the fate, paramore
nas, dr. dre, miles davis, snoop dogg, metallica, sade, notorious b.i.g., bob marley, the game, ice cube, john frusciante, system of a down, korpiklaani, lil wayne, gentleman, serj tankian, the offspring, matisyahu, mariah carey, chet baker, sting
iron maiden, helloween, red hot chili peppers, ac/dc, daft punk, mot?rhead, the beatles, korpiklaani, soundtrack, system of a down, fatboy slim, rammstein, led zeppelin, metallica, black sabbath, rise against, pink floyd, 65daysofstatic, gorillaz, the clash, abba, the fratellis, lordi, moloko, rihanna, gnarls barkley, frank sinatra, 30 seconds to mars, serj tankian, james brown, bee gees, she wants revenge
okkervil river, ...and you will know us by the trail of dead, the byrds, adam green, of montreal, the beatles, saves the day, fleet foxes, built to spill, rilo kiley
bloc party, the hives, arctic monkeys, the killers, justice, alexisonfire, editors, saosin, fall out boy, myslovitz, the used, red.jumpsuit.apparatus, the fall of troy, simian mobile disco, hard-fi, death from above 1979, silverstein, queens of the stone age, the pigeon detectives, billy talent, the chemical brothers, good charlotte, o.s.t.r., lady gaga, chiodos, the wombats, katy perry, the subways, cobra starship, digitalism
muse, vnv nation, the smashing pumpkins, imogen heap, bright eyes, death cab for cutie, explosions in the sky, apocalyptica, apoptygma berzerk, groove coverage, pink, dir en grey, nick cave and the bad seeds, infected mushroom, poets of the fall, basshunter, iamx, nightwish, the dresden dolls, dethklok, the white stripes, foo fighters, ...and you will know us by the trail of dead, mindless self indulgence, coheed and cambria, combichrist, radiohead, marilyn manson, the cranberries, jeff buckley, daft punk, amy winehouse, paramore, three days grace, cold war kids
the white stripes, daft punk, mike oldfield, u2, deerhoof, of montreal, the arcade fire, mika, the libertines, feist, michael jackson, the who, justice, the rolling stones, jet, devendra banhart, sufjan stevens, animal collective, eagles, ben folds, genesis, mgmt, paul mccartney, the beach boys, the stone roses, nirvana, santana, eric clapton, deep purple, the raconteurs, led zeppelin
mogwai, aphex twin, ...and you will know us by the trail of dead, the smiths, sonic youth, nirvana, joy division, bauhaus, einstürzende neubauten, radiohead, deerhoof, pink floyd, bj?rk, queens of the stone age, tool, ministry, isis, plaid, the mars volta, massive attack, the fall, tricky, battles, beck, madness, a tribe called quest, interpol, blur, ladytron, dead kennedys, the dillinger escape plan
incubus, feist, pearl jam, ramones, soundgarden, breaking benjamin, nine inch nails, reel big fish, misfits, tori amos, pixies, stone temple pilots, type o negative, the offspring, my bloody valentine, nelly furtado, eels, oasis, bad religion, audioslave, faith no more, foo fighters, regina spektor, the smashing pumpkins, sigur rós, blink-182, kyuss, madonna, amy winehouse, norah jones, green day, gwen stefani, crystal castles
the cranberries, eminem, die ?rzte, r.e.m., faithless, radiohead, simon & garfunkel, rammstein, atb, damien rice, placebo, the cure, tori amos, paul van dyk, kate bush, neil young, clueso, ti?sto, new order, tracy chapman, air, dave matthews band, nirvana, blank & jones, the police, emilíana torrini, alanis morissette, antonio vivaldi, bush, bj?rk, muse, frou frou, the cardigans, jack johnson
pink floyd, keane, bob marley, moby, queen, coldplay, franz ferdinand, david guetta, the doors, guns n roses, aerosmith, metallica, kaiser chiefs, mylo, the killers, the chemical brothers, ac/dc, groove armada, radiohead, u2, maroon 5, arctic monkeys, fatboy slim, led zeppelin, the rolling stones, chicane, the beatles, james blunt, ti?sto, depeche mode, infected mushroom
john williams, wolfgang amadeus mozart, the beatles, [unknown], howard shore, yann tiersen, coldplay, cake, red hot chili peppers, frank sinatra, michael jackson, james blunt, the shins, soundtrack, various artists, danny elfman, stereophonics, loreena mckennitt, enya, eric clapton, the smashing pumpkins, al green, the beach boys, eels, aretha franklin, simple plan, james brown, hans zimmer, hard-fi, bon jovi, vangelis
sonic youth, the magnetic fields, pixies, belle and sebastian, death cab for cutie, modest mouse, built to spill, cat power, the velvet underground, the new pornographers, blonde redhead, beck, nirvana, the white stripes, ramones, pavement, andrew bird, band of horses, serge gainsbourg, morrissey, fugazi, neko case, clap your hands say yeah, interpol, ella fitzgerald, the fall
grateful dead, sufjan stevens, rage against the machine, rufus wainwright, nirvana, the beatles, queen, pantera, led zeppelin, oasis, blink-182, simon & garfunkel, the beach boys, nine inch nails, britney spears, alanis morissette, jefferson airplane, mika, missy elliott, eels, kings of leon
ac/dc, alice cooper, iced earth, megadeth, slayer, testament, sepultura, alice in chains, van halen, mot?rhead, ludwig van beethoven, pantera, led zeppelin, iron maiden, eagles, angra, ozzy osbourne, helloween, black sabbath, judas priest, tenacious d, joe satriani
pink floyd, queen, dido, kate bush, elbow, robbie williams, coldplay, leonard cohen, muse, dire straits, moby, the killers, u2, billy joel, the flaming lips, the sisters of mercy, franz ferdinand, snow patrol, scissor sisters, ludwig van beethoven, elton john, blur, rage against the machine, norah jones, evanescence, manic street preachers, duffy, kylie minogue, nick cave and the bad seeds, razorlight, depeche mode, vangelis
the cinematic orchestra, r.e.m., radiohead, parov stelar, bj?rk, dj krush, arcade fire, feist, leonard cohen, portishead, r?yksopp, eddie vedder, sigur rós, dj shadow, morrissey, koop, thom yorke, thievery corporation
alice in chains, pantera, fear factory, pearl jam, faith no more, machine head, koЯn, audioslave, rob zombie, the smashing pumpkins, type o negative
franz ferdinand, arctic monkeys, boards of canada, the album leaf, mogwai, air, my bloody valentine, nirvana, sonic youth
napalm death, bloodbath, amy winehouse, fear factory, cradle of filth, sepultura, primus, converge, koЯn, aphex twin, behemoth, deftones, meshuggah
moby, dj shadow, amon tobin, cake, rjd2, beastie boys, bj?rk, sade, peaches, the white stripes, the doors, system of a down, the mountain goats, gotan project
nirvana, lamb, arctic monkeys, koop, the prodigy
reel big fish, less than jake, motion city soundtrack, coheed and cambria, taking back sunday, brand new, say anything, against me!, goldfinger, a day to remember, streetlight manifesto, panic! at the disco, rise against, dashboard confessional, dropkick murphys, fall out boy, the get up kids, gym class heroes, third eye blind, cobra starship
mf doom, madvillain, talib kweli, the roots, common, a tribe called quest, de la soul, erykah badu, gang starr, flying lotus, ghostface, mos def, atmosphere, justice, dj shadow, aesop rock
céline dion, leona lewis, enrique iglesias, nelly furtado, madonna, mariah carey, alicia keys, jordin sparks
beyoncé, red hot chili peppers, pink, beirut, coldplay, system of a down, the kooks, damien rice, myslovitz, regina spektor, kanye west, snow patrol
pixies, the beatles, manu chao, guano apes, portishead, yeah yeah yeahs, live, mot?rhead, the offspring, alanis morissette, the police, die ?rzte, nirvana, metallica, r.e.m., the clash, jimi hendrix, the doors, simon & garfunkel, red hot chili peppers, oasis, tom waits, talking heads, bad religion, clap your hands say yeah, no doubt, [unknown], the gossip, the velvet underground
antony and the johnsons, radiohead, devendra banhart, arcade fire, the national, grizzly bear, portishead, josé gonzález, beck, joanna newsom, aretha franklin, the shins, bj?rk, nick drake, chet baker, the velvet underground, beirut, nina simone, the clash, rufus wainwright, miles davis, nirvana, air, hot chip, bob dylan, elliott smith, jeff buckley, pj harvey, lou reed, joni mitchell, ray lamontagne, the kills, talking heads, johann sebastian bach, billie holiday, the cinematic orchestra, nouvelle vague, the strokes, tori amos, andrew bird, janis joplin, the white stripes
travis, bauhaus, stereophonics, kasabian, paul oakenfold, depeche mode, david bowie, kosheen, kings of leon, oasis, echo & the bunnymen, u2, keane, coldplay, evanescence, snow patrol, bj?rk, bob marley, the verve, biffy clyro, siouxsie and the banshees, the cure, arctic monkeys, elbow, amy winehouse, moby, editors, new order, the last shadow puppets, arcade fire, kaiser chiefs, placebo, paul van dyk, patrick wolf, alanis morissette, lacuna coil, manic street preachers, r.e.m.
kylie minogue, paul mccartney, jeff buckley
scooter, audioslave, cascada, groove coverage, benny benassi, paul van dyk
clint mansell, disturbed, korpiklaani
[the beatles]
volbeat, the libertines, babyshambles, the subways, death cab for cutie, foo fighters, deerhoof, coldplay, the prodigy
the national, belle and sebastian, sonic youth, pulp, blonde redhead, aesop rock, adam green, the mountain goats, the decemberists, descendents, radiohead, neutral milk hotel, bauhaus, skinny puppy, the breeders, pixies, the smashing pumpkins, godspeed you! black emperor, pavement, the smiths
avril lavigne, the offspring, the cranberries, helloween, damien rice, theatre of tragedy, tarja turunen, 3 doors down, guns n roses, nightwish, bon jovi, the prodigy, evanescence, rammstein, green day
opeth, the beatles, a perfect circle, the velvet underground, anathema, melvins, porcupine tree, blackfield, frou frou, belle and sebastian, tool, death cab for cutie, the smashing pumpkins, thievery corporation, the doors, lynyrd skynyrd, ramones, the kinks, incubus, dido, eric clapton, kaiser chiefs, the shins, the dandy warhols, isis, travis, katatonia, iron maiden, franz ferdinand, dave matthews band, fleetwood mac, pearl jam, amy winehouse, eddie vedder
bad brains, against me!, sonic youth, outkast, the kinks, buzzcocks, van morrison, creedence clearwater revival, devo, the fall, kyuss
guns n roses, dropkick murphys, [unknown], against me!, social distortion, avril lavigne, nofx, the clash, the distillers, alkaline trio, anti-flag, velvet revolver, flogging molly, streetlight manifesto, sublime, johnny cash
bonobo, sonic youth, junior boys, radiohead, bat for lashes, pj harvey, tegan and sara, iron & wine, tv on the radio, kings of convenience, rjd2, the smashing pumpkins, calvin harris, m83, pixies, joy division, depeche mode, róisín murphy, beirut, boards of canada, blur
fall out boy, say anything, late of the pier, something corporate, the wombats, panic at the disco, tori amos, spoon, taking back sunday, kings of leon, paramore, britney spears, ben folds five, kate bush, brand new, jimmy eat world, bush, dashboard confessional, klaxons, jonas brothers, hot chip, the black keys, arcade fire, system of a down, nirvana, motion city soundtrack, live, metro station, the academy is...
gojira, samael, slayer, led zeppelin, amon amarth, queen, metallica, the beatles, apocalyptica, in flames, down, dimmu borgir, at the gates, bathory, mot?rhead, children of bodom, ministry, arch enemy, death, converge, pain, the dillinger escape plan, system of a down, elvis presley, nine inch nails, ac/dc, testament, paradise lost, satyricon
miles davis, herbie hancock, john coltrane, the beatles, diana krall
the kooks, the rolling stones, radiohead, the strokes, of montreal, u2, cake, eels, the killers, calexico, franz ferdinand, elliott smith, the beatles, iron & wine, the go! team, kings of convenience, blur, feist, coldplay, jurassic 5, spoon, the postal service, architecture in helsinki, pulp, rjd2, tom waits, madlib, jamie cullum, arctic monkeys, bloc party, gnarls barkley
blink-182, yellowcard, third eye blind, the beatles, architecture in helsinki, hot hot heat, ben folds five, rihanna, bright eyes, the wombats, death cab for cutie, katy perry, paramore, of montreal, miley cyrus, the academy is..., mgmt, pink, the ting tings, kings of leon, kylie minogue, garbage, queen, bowling for soup, maroon 5, mika, talking heads, brand new, jordin sparks, simple plan, chris brown, sum 41, good charlotte, leona lewis, cascada, jet, spice girls, imogen heap
cat power, pj harvey, soundtrack
the kooks, razorlight, the pigeon detectives, the all-american rejects, dirty pretty things, max?mo park, the cribs
t.i., kanye west, lil wayne, ne-yo, chamillionaire, jay-z, usher, the game, flo rida, 50 cent, ludacris, chris brown, rihanna, nelly, john legend, beyoncé, talib kweli
marilyn manson, mudvayne, dope, oomph!, chevelle, godsmack, koЯn, drowning pool, rob zombie, nine inch nails, rammstein, disturbed, breaking benjamin, stone sour, ill ni?o
stereophonics, rise against, craig david, t.i., my chemical romance, pink, lady gaga, ashlee simpson, late of the pier, muse, foo fighters, him, lostprophets, stars, iron & wine, ne-yo, de-phazz, kanye west, lily allen, britney spears, maroon 5, klaxons
eagles, kiss, lynyrd skynyrd, johnny cash, judas priest, fleetwood mac, taylor swift, bee gees, queen, bon jovi, elton john, tom petty and the heartbreakers
the clash, fatboy slim, nine inch nails, moby, kanye west, snow patrol, frank sinatra, michael jackson, the fall, u2, nina simone, ray charles, ramones, billy joel, the fratellis
ben folds, thrice, tegan and sara, the hush sound, mae, explosions in the sky, coheed and cambria, motion city soundtrack, minus the bear, dredg, new found glory, a day to remember
beastie boys, amy macdonald, vnv nation, manowar
snow patrol, jimmy eat world, soundtrack, guns n roses, papa roach, incubus, foo fighters, the offspring, tricky, stone temple pilots, nine inch nails, 30 seconds to mars, kings of leon, blink-182, the hives, panic at the disco, audioslave, sum 41, my chemical romance, fort minor, oasis, arctic monkeys, gorillaz, fall out boy, limp bizkit, coldplay, queens of the stone age, velvet revolver, evanescence, good charlotte, green day
slipknot, in flames, megadeth, pantera, rainbow, godsmack, system of a down, dark tranquillity, dio, mot?rhead, blink-182, norther, trivium, the rasmus, children of bodom, korpiklaani, rammstein, nirvana, bon jovi, mudvayne, sentenced, linkin park, sonata arctica, arch enemy, atreyu, scar symmetry, led zeppelin, soilwork, guns n roses, evanescence, skid row, primus, serj tankian, simple plan
coldplay, amy macdonald, amy winehouse, muse, u2, sting, blackfield, jem, calexico, robbie williams, jack johnson, corinne bailey rae, hooverphonic, phil collins, keane, travis, eric clapton, the corrs, kt tunstall, leonard cohen, manu chao
nightwish, amy winehouse, pink martini, the cranberries, no doubt, róisín murphy, gotan project, dido, blonde redhead, david guetta, katy perry, m. ward, duffy, placebo, alanis morissette, madonna, delerium, nouvelle vague, air, the knife, loreena mckennitt, faithless
armin van buuren, paul van dyk, ti?sto, daft punk, ferry corsten, chicane, atb, david guetta, above & beyond, trentem?ller, sia, r?yksopp
testament, queen, queensr?che, morbid angel, vader, death, napalm death
jamie cullum, lou reed, amy winehouse, marvin gaye, norah jones, seal, jamiroquai, al green, koop, de-phazz, van morrison, otis redding, sade
metallica, in flames, volbeat, johnny cash, turisas, ulver, elvis presley, infected mushroom, symphony x, ennio morricone, gojira, children of bodom, blind guardian, christina aguilera, testament, django reinhardt, strapping young lad, antonio vivaldi, nightwish, red hot chili peppers, tori amos, immortal, eminem, david bowie, nirvana
the beatles, radiohead, mf doom, pixies, the brian jonestown massacre, bob dylan, madvillain, led zeppelin, animal collective, the velvet underground, the rolling stones, the jimi hendrix experience, bob marley, outkast, boards of canada, frank zappa, de la soul, a tribe called quest, red hot chili peppers, the white stripes, the libertines, david bowie, ratatat, gorillaz, beck, the kinks, beastie boys, the smashing pumpkins, pink floyd, tv on the radio, the roots, t. rex, nick drake, john lennon, the doors, sonic youth, sufjan stevens, tom waits, grateful dead, miles davis, van morrison, thom yorke, the cure
kent, tracy chapman, bush, rilo kiley, pink floyd, h?kan hellstr?m, blondie, coldplay, stereophonics, fiona apple, josé gonzález, radiohead, r.e.m., u2, death cab for cutie, foo fighters, jeff buckley
parkway drive, all shall perish, killswitch engage, muse, the black dahlia murder, iron maiden, the smashing pumpkins, comeback kid, avenged sevenfold, deep purple
madonna, evanescence, moby, dire straits, scissor sisters, the dandy warhols, blondie, duran duran, ozzy osbourne, the cardigans, coldplay, gorillaz, porcupine tree
beirut, flying lotus, max richter, madlib, dj krush, koop, burial, the cinematic orchestra, jazzanova, amon tobin
lady gaga, placebo, electric six, iamx, scissor sisters, george michael, kylie minogue, britney spears, abba, pet shop boys, david bowie
neil young, the rolling stones, nina simone, james brown, fugazi, bad brains, pink floyd, slayer, django reinhardt, neko case, led zeppelin, wu-tang clan, the byrds, bob dylan, fleetwood mac, the beatles, public enemy, black sabbath, melvins, ac/dc, m.i.a., dr. dre
bring me the horizon, norther, lamb of god, anthrax, parkway drive, ensiferum, megadeth, iron maiden, children of bodom, pantera, slayer, immortal, underoath, metallica, bullet for my valentine, skid row, sodom, sepultura, trivium, escape the fate, metro station, the veronicas, ac/dc, kreator
the raconteurs, my morning jacket, damian marley, the knife, death cab for cutie, the raveonettes, bloc party, beck, tv on the radio, four tet, caetano veloso, basement jaxx, vampire weekend, bon iver, spoon, calexico, antony and the johnsons, the national, low, the cardigans, animal collective, burial, chet baker, bj?rk, thievery corporation
archive, nightwish, akira yamaoka, daft punk, metallica, guano apes, pendulum, supertramp, a perfect circle, isis, after forever, epica, ok go, system of a down, hans zimmer, the beatles, garbage, howard shore, 65daysofstatic, evanescence, rammstein, jeff buckley, pink floyd, morcheeba, against me!, king crimson, deep purple, ray charles, stratovarius, radiohead, my bloody valentine, eric clapton, eagles, bon iver, creedence clearwater revival, feist, massive attack
jack johnson, jonas brothers, the fray, john mayer, plain white ts, paramore, enrique iglesias, miley cyrus, the all-american rejects, taylor swift, katy perry, chris brown, natasha bedingfield, ne-yo, the ting tings, paolo nutini, madonna, rihanna, britney spears, leona lewis, joss stone, mariah carey, sara bareilles, james morrison, justice, christina aguilera, mgmt, colbie caillat, the kooks
norah jones, madonna, sheryl crow, hoobastank, evanescence, third eye blind, imogen heap, dido, cake, the cardigans, corinne bailey rae, jem, jay-z, linkin park, sara bareilles, avril lavigne, ti?sto, michael jackson, t.i., 50 cent, john williams, keane, nelly, paul oakenfold, maroon 5
opeth, genesis, iron maiden, queen, kiss, abba, alanis morissette, coheed and cambria, radiohead, ac/dc, the gathering, dream theater, judas priest
cut copy, the blood brothers, prince, animal collective, tv on the radio, afi, ratatat, neil young, portishead, the smashing pumpkins, deerhoof, radiohead
gojira, bad religion, volbeat, amon amarth, megadeth, bloodbath, testament, mastodon, mudvayne, kreator, at the gates, dark tranquillity, killswitch engage, the haunted, incubus, audioslave, koЯn, scar symmetry, fear factory, soilwork, finntroll, meshuggah, paradise lost, anathema, in flames, vader
franz ferdinand, creedence clearwater revival, black sabbath, ac/dc, queen, dire straits, the beatles, elvis presley, electric light orchestra, metallica, led zeppelin, stevie wonder, eric clapton, the rolling stones, scissor sisters, kaiser chiefs, bruce springsteen, michael jackson, mika, iron maiden
king crimson, ulver, new order, cocteau twins, genesis, fleetwood mac, kate bush, kraftwerk, pink floyd, melvins, peter gabriel
jamiroquai, john mayer, stevie wonder, johnny cash, pearl jam, joss stone, michael jackson, dave matthews band, red hot chili peppers, mark ronson, jamie cullum, alicia keys, sting
children of bodom, system of a down, jimi hendrix, kmfdm, dredg, michael jackson, mindless self indulgence, the 69 eyes, 30 seconds to mars, black eyed peas, m?tley crüe, sentenced, jamiroquai, the cure, yann tiersen, deathstars, placebo, sonata arctica
reel big fish, eluveitie, kult
hard-fi, marilyn manson, depeche mode, justin timberlake, kanye west, red hot chili peppers, timbaland, 3 doors down, static-x, interpol
paradise lost, anathema, katatonia, the jesus and mary chain, black sabbath, my dying bride, bathory, carcass
miles davis, tom waits, pink martini, john coltrane, billie holiday, cocorosie, ella fitzgerald, sigur rós, the dresden dolls, nouvelle vague, frank sinatra, beirut, charlie parker, cat power, édith piaf, chet baker, buena vista social club, boards of canada, johann sebastian bach, the libertines, massive attack, múm, regina spektor, yann tiersen
the cure, the raveonettes, the album leaf, nine inch nails, the knife, the smiths, bob marley & the wailers, sigur rós, bloc party, jimi hendrix, joy division, led zeppelin, radiohead, squarepusher, new order, jefferson airplane, the beach boys, digitalism, crystal castles, the beatles, cansei de ser sexy, pink floyd, interpol, 65daysofstatic, queens of the stone age, the doors, aphex twin, sonic youth, jethro tull, explosions in the sky, simon & garfunkel, daft punk, kraftwerk, bj?rk, muse
enya, poets of the fall, bob marley, manowar, blind guardian, kamelot, the beatles, apocalyptica, howard shore, hammerfall, era, agalloch
the beatles, eric clapton, simon & garfunkel, king crimson, flogging molly, red hot chili peppers, primus, nick drake, elton john, queen, johnny cash, the specials, vangelis, grizzly bear, bob dylan, frank sinatra, cat stevens, ennio morricone, kraftwerk, bob marley
eminem, busta rhymes, the game, the pussycat dolls, beyoncé, mary j. blige, akon, snoop dogg, nelly, common
modest mouse, beastie boys, pixies, the velvet underground, brian eno, devendra banhart, the rolling stones, david bowie, clap your hands say yeah, arcade fire, cat power, bob dylan, the magnetic fields, the white stripes, mew, squarepusher, the beatles, stereolab, the knife, pink floyd, girl talk, jay-z, radiohead, bj?rk, lcd soundsystem, ladytron, t. rex, aphex twin, hot chip, deerhunter
daft punk, sade, phoenix, kings of convenience, cansei de ser sexy
billie holiday, mogwai, fleet foxes, the rolling stones, air, low, beck, stereolab
girls aloud, rufus wainwright, jamie cullum, the killers, jonas brothers, britney spears, babyshambles, johann sebastian bach, damien rice, sugababes, michael bublé, blur, radiohead, mika, muse, arcade fire, kt tunstall, arctic monkeys, mgmt, soundgarden, goldfrapp, klaxons, elvis costello, jack johnson, cat power, nirvana, feist, the fratellis
dropkick murphys, the clash, bad religion, nofx, rancid, the bouncing souls, against me!, ramones, social distortion, gogol bordello, rage against the machine, the specials, millencolin, sex pistols, red hot chili peppers, flogging molly, turbonegro, reel big fish, lagwagon, misfits, rise against, the distillers, anti-flag, pennywise, comeback kid, the hives
edguy, lacuna coil, ramones, tristania, haggard, sonata arctica, apocalyptica
faithless, depeche mode, nightmares on wax, gorillaz, télépopmusik, massive attack, the chemical brothers, seeed, u2, the police, seal, booka shade, amy winehouse, peter fox, groove armada, george michael, moloko, madonna, fiona apple, tosca, robbie williams, lamb, johnny cash, kings of leon, outkast, asian dub foundation, joss stone, parov stelar
third eye blind, brand new, alkaline trio, the flashbulb, say anything, the smashing pumpkins, m83, anberlin, motion city soundtrack, death cab for cutie, story of the year, justice, taking back sunday, afi, muse, relient k, shiny toy guns, incubus, rjd2, thursday, paramore, bloc party, boys like girls, blink-182, coheed and cambria, fall out boy, the postal service, keane, reel big fish, thrice, the killers, millencolin, foals, coldplay, bad religion, radiohead, the cribs
escape the fate, silverstein, alesana, atreyu, emery, 30 seconds to mars, the used, underoath, death cab for cutie, parkway drive, jimmy eat world, circa survive, placebo, alexisonfire, saosin, rise against
amon tobin, tom waits, burial, rjd2, flying lotus, nine inch nails, yann tiersen, [unknown], architecture in helsinki, massive attack, radiohead, the black keys, de-phazz, justice, jurassic 5, gogol bordello, black rebel motorcycle club, feist
michael bublé, a fine frenzy, erykah badu, tracy chapman, audioslave, damien rice, jem, jamie cullum, franz ferdinand, timbaland, natasha bedingfield, foo fighters, jack johnson
stratovarius, apocalyptica, blind guardian, rammstein, korpiklaani, nightwish, the gathering, opeth, gamma ray, hammerfall, paradise lost, pain of salvation, sonata arctica, die ?rzte, therion, skinny puppy, sentenced, gojira, gogol bordello
red hot chili peppers, david bowie, pink floyd, nine inch nails, eric clapton, queen, marvin gaye, eagles, prince, ozzy osbourne, van halen, bee gees, leonard cohen, beck, bob dylan, aerosmith, metallica, pearl jam, the jimi hendrix experience, jimi hendrix, the doors, u2, paul mccartney, the beach boys, aimee mann
cocteau twins, fugazi, the fall, my bloody valentine, frank zappa, pavement, kate bush, pixies, radiohead, the smiths, stereolab, jethro tull, the beach boys, talking heads, the kinks, the beatles, nick cave and the bad seeds, captain beefheart & his magic band, dream theater, tom waits, jeff buckley, belle and sebastian, pj harvey, genesis, the cure, the flaming lips, minor threat
squarepusher, aphex twin, boards of canada, daft punk, autechre, venetian snares, radiohead, amon tobin
rainbow, the prodigy, metallica, deep purple, coldplay, the police, cat stevens, iron maiden, dropkick murphys, radiohead, the doors
the killers, volbeat, kent, the kooks, blink-182, basshunter, bright eyes, arctic monkeys
radiohead, ryan adams, burial, sigur rós, calexico, bruce springsteen, snow patrol, slowdive, bloodhound gang, daft punk, my bloody valentine, the cure, tortoise, simon & garfunkel, bob dylan, crystal castles, panic at the disco, god is an astronaut, slipknot, the rolling stones, sia
eels, iron maiden, red hot chili peppers, dope, megadeth, slayer, massive attack, alice in chains, machine head, clint mansell, cake, fear factory, pearl jam, jimmy eat world, nine inch nails, rise against, green day, danny elfman, less than jake, sepultura, dragonforce, johnny cash, goldfinger, pantera, louis armstrong, barenaked ladies, static-x
kings of convenience, archive, jack johnson, yann tiersen, patrick wolf, r?yksopp, metric, the presets, sigur rós, the whitest boy alive, hot chip, the kills, sia, cut copy, feist, radiohead, boards of canada, burial, the postal service, dido, lykke li, city and colour, ladytron, phoenix, zero 7
enter shikari, bring me the horizon, a day to remember, the rasmus, interpol, placebo, breaking benjamin, crystal castles, at the drive-in, alesana, him, the used, the killers, green day, nada surf, 30 seconds to mars, bullet for my valentine, good charlotte
édith piaf, gogol bordello, nouvelle vague, anathema
bob marley, the beatles, deep purple, los hermanos
anberlin, 311, nine inch nails, modest mouse, foo fighters, tokyo police club, weezer, soundgarden, tool, angels & airwaves, goo goo dolls, marilyn manson, the killers, a perfect circle, arcade fire, mgmt, breaking benjamin, dredg, kings of leon, the all-american rejects, pearl jam, the smashing pumpkins, death from above 1979, the crystal method, phoenix, the strokes, the bravery, the prodigy, matisyahu
megadeth, slayer, lamb of god, pantera, killswitch engage, turbonegro, the game, pendulum, soilwork, rammstein, infected mushroom, kiss, black label society, norther, dark tranquillity, at the gates, nine inch nails, amon amarth, t.i., metallica, the haunted, heaven shall burn, basshunter, daft punk, snoop dogg, jay-z, ensiferum, the prodigy, all that remains, koЯn
cat power, built to spill, m. ward, johnny cash, bob dylan, badly drawn boy, the smiths, serge gainsbourg, joy division, junior boys, the velvet underground, the beatles, the cardigans, h?kan hellstr?m, beck, mirah, of montreal, aimee mann, the breeders
therion, yann tiersen, nightwish, amorphis, manowar, iron maiden, theatre of tragedy, bob marley, blind guardian, helloween, gamma ray, edguy, daft punk, rhapsody of fire, anathema, haggard, shpongle, moonspell, after forever, sonata arctica, tristania, avantasia, children of bodom, hammerfall, tiamat, dark tranquillity, finntroll, sirenia, system of a down, apocalyptica, guano apes, ayreon, gotan project, in flames, kamelot, opeth
amon tobin, dj krush, dj shadow, madlib, prefuse 73, bonobo, tool, the flashbulb, mos def, jurassic 5, morcheeba, archive, massive attack, the herbaliser, cypress hill, matisyahu, nine inch nails, tricky, sage francis, the roots, the streets
nightwish, after forever, muse, moonspell, radiohead, epica, serj tankian, god is an astronaut, eluveitie, the gathering, abba, tarja turunen, silverchair, carla bruni, lacuna coil
converge, dinosaur jr., elliott smith, the brian jonestown massacre, pj harvey, minor threat, pixies, pavement, tom waits, broken social scene, queens of the stone age, foo fighters, black flag, modest mouse, mos def, misfits, sonic youth, guided by voices, notorious b.i.g., death cab for cutie, at the drive-in, fugazi
bonnie prince billy, sufjan stevens, sigur rós, neil young, bj?rk, iron & wine, final fantasy, kings of leon, devendra banhart, the jam, bloc party, nick cave and the bad seeds, bob dylan, philip glass, bruce springsteen, arctic monkeys, múm, fleet foxes, johnny cash, antony and the johnsons, four tet, cocorosie, adam green, modest mouse, nina simone, beirut, bon iver, the white stripes, hot chip, the rolling stones, the strokes, the black keys, the kinks, mgmt, morrissey, bright eyes, klaxons, talking heads, leonard cohen, al green, the raconteurs
linkin park, motion city soundtrack, fall out boy, finch, manu chao, foo fighters, shakira, ramones, green day, bloc party, lily allen, the postal service, [unknown], matisyahu, édith piaf, various artists, depeche mode
boards of canada, dj krush, jurassic 5, nightmares on wax, jimi hendrix, seeed, gang starr, the doors, herbie hancock
queens of the stone age, placebo, depeche mode, radiohead, incubus, gorillaz, iamx, live, the beatles, tool, underworld, my chemical romance, skinny puppy, sneaker pimps, pink floyd, maroon 5, alice in chains, delerium, duran duran, unkle, bj?rk, imogen heap, muse, a perfect circle, lacuna coil, nirvana, garbage, fischerspooner, enigma, marilyn manson, david bowie, mindless self indulgence, the used, static-x, dave matthews band, the cure
tegan and sara, jason mraz, avril lavigne, katy perry, paramore, gym class heroes, a perfect circle, linkin park, blink-182, gorillaz, nine inch nails, alice in chains, system of a down, kanye west, 311, ashlee simpson, a fine frenzy, britney spears, counting crows, fall out boy, n*e*r*d, eminem, christina aguilera, bowling for soup, bright eyes, green day, imogen heap, disturbed, pink, placebo, matisyahu
linkin park, nirvana, gorillaz, the fray, pink floyd, paramore, deep purple, bob marley & the wailers, cascada, scooter, metallica, my chemical romance, in flames, the chemical brothers, him, iron maiden, nightwish, bullet for my valentine, system of a down, michael jackson, justice, koЯn, the beatles, queen, simple plan, dave matthews band, audioslave
queens of the stone age, static-x, mastodon, tom waits, the white stripes, modest mouse, melvins, soulfly, koЯn, devildriver, black sabbath, kyuss, queen, mot?rhead, dropkick murphys, rush, gojira, dethklok, metallica, blind guardian, apocalyptica, led zeppelin, green day
avenged sevenfold, muse, loreena mckennitt, sonata arctica, enya, scar symmetry, nightwish, coldplay, arctic monkeys, groove coverage, lady gaga, billy joel, pendulum, cake, linkin park, children of bodom, evanescence, skillet
cat stevens, creedence clearwater revival, bob dylan, cat power, jack johnson, dire straits, the smiths, jeff buckley, queen, duffy, mika, amy winehouse, elvis presley, elton john
sepultura, slayer, kmfdm, rammstein, nirvana, kreator
guns n roses, metallica, the offspring, paradise lost, pearl jam, faith no more, megadeth, nirvana, rammstein, him, system of a down, coldplay, slipknot, the cinematic orchestra, foo fighters, dire straits, black sabbath, the beatles, soundgarden, live, red hot chili peppers, koЯn, tool, alice in chains, porcupine tree, disturbed, marilyn manson, radiohead, the smashing pumpkins, oasis, deftones, godsmack, papa roach, black label society, anthrax
the clash, bob marley & the wailers, bruce springsteen, a-ha, paul simon, the fratellis, ac/dc, the rolling stones, the rasmus, jimi hendrix, nirvana, mgmt, queen, the beatles, kings of leon, kent, radiohead, vampire weekend, nickelback, dire straits, james blunt, beyoncé, bloc party, green day, 3 doors down, live, seal, eric clapton, guns n roses, bob marley, keane, u2, 2pac, oasis
system of a down, as i lay dying, linkin park, soilwork, trivium, nightwish, rob zombie, static-x, lamb of god, norther, bullet for my valentine, pendulum, strapping young lad, serj tankian, the hives, atreyu, ac/dc, paramore, pain, megadeth, dope, machine head, cypress hill, amorphis, papa roach
fugazi, neutral milk hotel, broken social scene, finch, cocorosie
red hot chili peppers, cake, the cranberries, sade, frédéric chopin, 3 doors down, guns n roses, maroon 5, radiohead, gorillaz, dido
the white stripes, basement jaxx, fiona apple, nouvelle vague, gorillaz, gwen stefani, fischerspooner, pixies, the faint, ladytron, t. rex, robyn, the raveonettes, cansei de ser sexy, moloko, calvin harris, spice girls, moby, sigur rós, daft punk, santogold, mika, abba, lcd soundsystem, the raconteurs, the chemical brothers, britney spears, billy talent
moonspell, katatonia, james blunt, joy division, the sisters of mercy, sentenced, ulver, iron maiden, pain of salvation, porcupine tree, tiamat, tenacious d, anathema, david bowie, new order, paradise lost, avantasia, the smashing pumpkins, the cure, turbonegro, symphony x, the black dahlia murder
hilary duff, a fine frenzy, boards of canada, bright eyes, tegan and sara, the beatles, rilo kiley, the shins, death cab for cutie, animal collective, the new pornographers, taylor swift, dashboard confessional, kelly clarkson, arcade fire, architecture in helsinki, maria mena, radiohead, metro station, the all-american rejects, the postal service, kate nash, feist, air, the velvet underground, ashlee simpson, beirut, lykke li, broken social scene, the veronicas, snow patrol, blonde redhead, bon iver
new order, pet shop boys, parov stelar, the smashing pumpkins, the cure, interpol, oasis, aphex twin, r?yksopp, air, my bloody valentine, massive attack, kings of convenience, the future sound of london, booka shade, primal scream, kanye west, joy division, the stone roses, burial, nightmares on wax, faithless, daft punk, hercules and love affair, cansei de ser sexy, madonna, trentem?ller, u2, morcheeba, dido, amy winehouse, the cranberries, santogold, corinne bailey rae, keane, sade
gogol bordello, elliott smith, wu-tang clan, bob dylan, of montreal, dropkick murphys, modest mouse, animal collective, blonde redhead, iron & wine, at the gates, dead kennedys, iron maiden, arch enemy, the beatles, weezer, against me!, cannibal corpse, amon amarth, as i lay dying, children of bodom, wolfgang amadeus mozart, chimaira, fischerspooner, caliban, a perfect circle, bob marley, the flaming lips, all that remains, placebo, flogging molly, elvis presley, the notwist
[vangelis]
nas, jack johnson, eminem, gnarls barkley, david guetta, missy elliott, moby, seeed, sean paul, rihanna, christina aguilera, black eyed peas, jay-z, coldplay, the pussycat dolls, nelly furtado, beastie boys, linkin park, snoop dogg, the roots, gorillaz, green day, groove armada, arctic monkeys
david guetta, faithless, 50 cent, fall out boy, amy winehouse, ice cube, kanye west, panic at the disco, gorillaz, fergie, timbaland, dr. dre, marvin gaye, nelly furtado, the streets, gwen stefani, snoop dogg, depeche mode, black eyed peas, paul van dyk, ti?sto
bauhaus, dead can dance, david bowie, depeche mode, siouxsie and the banshees, the dresden dolls, the cure, the clash
depeche mode, blank & jones, pet shop boys, autechre, new order, scooter, orbital, vnv nation
the national, alkaline trio, death cab for cutie, brand new, bright eyes, biffy clyro, mgmt, bloc party, kings of leon, vampire weekend, flogging molly, the decemberists, venetian snares, the shins, ratatat, david gray, band of horses, foo fighters, at the drive-in, iron & wine, minus the bear, the smashing pumpkins, feeder, coldplay, radiohead, sum 41, elliott smith, queens of the stone age, oasis, the album leaf, blur, interpol, rise against, ben folds, cold war kids
a perfect circle, brand new, wolfgang amadeus mozart, the faint, story of the year, the cure, the smashing pumpkins, thursday, afi, system of a down, queens of the stone age, massive attack, akira yamaoka, all that remains, rob zombie, thrice, benny benassi, adema, the smiths, clint mansell, the zombies
sufjan stevens, radiohead, john lennon, jens lekman, elvis presley, miles davis, frank sinatra, jack johnson, bj?rk, david bowie, the beach boys, paul mccartney, bob dylan, pulp, john mayer, of montreal, hot chip, air, beck, nick cave and the bad seeds, myslovitz, louis armstrong, the shins, patrick wolf, max richter, blur, nick drake, yeah yeah yeahs, the kinks, billie holiday, elliott smith, u2, black rebel motorcycle club, franz ferdinand, r.e.m., the smiths, red hot chili peppers, tom waits, james brown, devendra banhart, modest mouse, badly drawn boy, simon & garfunkel, the velvet underground
muse, u2, the prodigy, red hot chili peppers, queen, black sabbath, bob marley, good charlotte, metallica, the offspring, johnny cash, coldplay, the chemical brothers, limp bizkit, the killers, david guetta, kasabian, paul van dyk, phoenix, jay-z, depeche mode, arctic monkeys, faithless, moby, eminem, gnarls barkley, the shins, keane, placebo, pantera, morcheeba, the cranberries
outkast, jack johnson, ludacris, de-phazz, red hot chili peppers, air, moby, t.i., massive attack, thievery corporation, the shins
thom yorke, kings of convenience, the whitest boy alive, the libertines, the beatles, elliott smith, blur, the notwist, feist, yo la tengo, the last shadow puppets
[buzzcocks]
kanye west, girl talk, aesop rock, erykah badu, jay-z, alicia keys, foo fighters, the roots, h?kan hellstr?m, amy winehouse, talib kweli, common, nofx, gnarls barkley, feist, nina simone, mos def, the smiths, lil wayne, nas, de la soul, vampire weekend, outkast, mary j. blige, the prodigy, 2pac
iron maiden, metallica, ac/dc, notorious b.i.g., all time low, taylor swift, down, less than jake, killswitch engage, all that remains, rise against, new found glory, blink-182, anberlin, rage against the machine, dr. dre, dmx, bruce springsteen, skillet, dropkick murphys, lynyrd skynyrd, death, norther
air, marilyn manson, andrew lloyd webber, babyshambles, theatre of tragedy, red hot chili peppers, korpiklaani, queen, the police
muse, the beatles, moby, coldplay, franz ferdinand, gogol bordello, radiohead, queen, enya, u2, the killers, abba, depeche mode, switchfoot, the police, kaiser chiefs, evanescence, metallica, placebo, rammstein
johnny cash, 311
rise against, matisyahu, blink-182, dropkick murphys, against me!, anti-flag, bad religion, the strokes, amy winehouse, sex pistols, pennywise, the clash
aphex twin, venetian snares, autechre, boards of canada, plaid, the smiths, stereolab, the knife, animal collective, prefuse 73, the magnetic fields, squarepusher, múm, john coltrane, cocteau twins, deerhoof, sufjan stevens, burial, tv on the radio, m83, clint mansell
manic street preachers, kent, keane, depeche mode, kaiser chiefs, the killers, rufus wainwright, my chemical romance, queen, amy winehouse, muse, hard-fi, the national, coldplay, kasabian, george michael, morrissey, antony and the johnsons, the fray, onerepublic, the cardigans, mando diao, elton john, duffy, the rolling stones, cut copy, shout out louds, band of horses, death cab for cutie, my morning jacket, gavin degraw, anna ternheim, arcade fire
alicia keys, explosions in the sky, nirvana, cat power, yann tiersen, the beatles, yellowcard, linkin park, adele, the kooks, mogwai, the police, blink-182, red hot chili peppers, kanye west, sufjan stevens, fiona apple, the strokes, arctic monkeys, jeff buckley, incubus, led zeppelin, boys like girls, radiohead, staind, a fine frenzy, sigur rós, death cab for cutie, oasis, eels, the ataris, coldplay, dashboard confessional, the sounds
apparat, daft punk
coldplay, the killers, kings of convenience, bloc party, death cab for cutie, the kooks, red hot chili peppers, sufjan stevens, radiohead, r.e.m., snow patrol, frou frou, razorlight, deus, arcade fire, the strokes, dashboard confessional, the smashing pumpkins, incubus, the shins, the cure, eels, oasis, nirvana, minus the bear, foo fighters, brand new, interpol, mika, jack johnson, josé gonzález, blur, the fray, muse, sting, iron & wine, the bravery, damien rice, feeder, the police, the beatles
pink floyd, tool, elvis presley, nine inch nails, cypress hill, rage against the machine, the prodigy, aphex twin, die toten hosen, depeche mode, infected mushroom
mos def, bob marley, serge gainsbourg, radiohead, outkast, antony and the johnsons, the beatles, a tribe called quest, prince, common, édith piaf, stevie wonder, the cinematic orchestra, james brown, emilie simon, miles davis, erykah badu, nightmares on wax, bon iver, amy winehouse, the album leaf, jurassic 5, ray charles
tarja turunen, nightwish, eminem, manu chao, madness, disturbed, streetlight manifesto, the bouncing souls, me first and the gimme gimmes, tenacious d, against me!, r.e.m., amy winehouse
the libertines, babyshambles, bon iver, green day, kimya dawson, bob dylan, eminem, paramore, joy division, the beatles, yann tiersen, the postal service, band of horses, the verve, mgmt, billie holiday, leonard cohen, coldplay, muse, the velvet underground, kanye west, arctic monkeys, sigur rós, the killers, pixies, tegan and sara, david bowie, damien rice, the smiths, bonnie prince billy, descendents, wilco, snow patrol, portishead, the jesus and mary chain
death cab for cutie, isis, muse, circa survive, explosions in the sky, the get up kids, the brian jonestown massacre, thrice, wilco, mew, at the drive-in, the mars volta, silverchair, jeff buckley, the black keys, mogwai, modest mouse, depeche mode, spoon
pixies, radiohead, archive, tv on the radio, air, arcade fire, primal scream, yo la tengo, kings of leon, dead can dance, interpol, sonic youth, the cure, morphine, thom yorke, lcd soundsystem, kraftwerk, nine inch nails, beastie boys, blonde redhead, she wants revenge, bonnie prince billy, soundtrack, kasabian, dj shadow, blur, boards of canada
third eye blind, fiona apple, regina spektor, cat power, bob dylan, john mayer, death cab for cutie, coldplay, britney spears, snow patrol
lagwagon, the mountain goats, a day to remember, all time low, slayer, coheed and cambria, the postal service, against me!, hatebreed, modest mouse, alkaline trio, comeback kid, misfits, rancid, of montreal, dashboard confessional, my chemical romance, paramore, minus the bear
the weakerthans, death cab for cutie, r.e.m., sufjan stevens, beirut, hot chip, the national, the arcade fire, the shins, jimmy eat world, architecture in helsinki, the decemberists, modest mouse, calexico, of montreal, vampire weekend, bon iver, bright eyes, frou frou, the postal service, patrick wolf, coldplay, clap your hands say yeah, imogen heap, elbow, bloc party, iron & wine
o.s.t.r., lostprophets, the killers, underoath, story of the year, razorlight, at the drive-in, saosin, alexisonfire, funeral for a friend, guano apes, franz ferdinand, the used, the cranberries, atreyu, limp bizkit, the kooks, coma, iron maiden, dire straits, enter shikari, ozzy osbourne
britney spears, snow patrol, bloc party, panic at the disco, vampire weekend, coldplay, the ting tings, justice, arctic monkeys, rihanna, daft punk, maroon 5, beyoncé, hot chip, mgmt, madonna, crystal castles, paramore, onerepublic, kings of leon, lady gaga, kate nash, foals, justin timberlake, cobra starship, frou frou, kimya dawson, santogold, goldfrapp, black eyed peas, sigur rós, katy perry, outkast, hellogoodbye, death cab for cutie, bj?rk, the all-american rejects, gwen stefani, ne-yo, kylie minogue, regina spektor, digitalism
killswitch engage, daft punk, amon amarth, in flames, children of bodom, all shall perish, dark tranquillity, norther, iron maiden, hypocrisy, soilwork, samael, dream theater, hans zimmer, sonata arctica
radiohead, david bowie, franz ferdinand, foo fighters, muse, queens of the stone age, amy winehouse, pulp, red hot chili peppers, coldplay, the jimi hendrix experience, alice cooper, guns n roses, electric six, manic street preachers, the white stripes, blur, calexico
sage francis, ignite, metallica, refused, iron maiden, justice, minor threat, bad brains, bad religion, slayer
ani difranco, johnny cash, modest mouse, the get up kids, fugazi, aesop rock, bad religion, atmosphere, converge, built to spill, descendents, green day, slayer, the clash, misfits, the roots, the smashing pumpkins, miles davis, neil young, radiohead, alkaline trio, less than jake, rage against the machine
scissor sisters, m?tley crüe, elton john, andrew lloyd webber, genesis, backstreet boys, system of a down, ac/dc, aerosmith
kelly clarkson, santogold, christina aguilera, franz ferdinand, gwen stefani, dire straits, missy elliott, motion city soundtrack, rihanna, corinne bailey rae, benny benassi, shiny toy guns, bruce springsteen, m.i.a., no doubt, beyoncé, kylie minogue, janet jackson, goldfrapp, the faint, pink, michael jackson
radiohead, talking heads, red hot chili peppers, barenaked ladies, modest mouse, ratatat, the kooks, bloc party, daft punk, spoon, hot chip, the beatles, chromeo, the mountain goats, the new pornographers, kings of leon, band of horses, amon tobin, the flaming lips, the hives, boards of canada, broken social scene, the national, the smashing pumpkins, queens of the stone age, pavement, mylo, girl talk, the pogues, bob marley & the wailers, mogwai, arcade fire, animal collective, sonic youth, the smiths, stars
disturbed, backstreet boys, ac/dc, spice girls, elvis presley, girls aloud, britney spears, paramore, jimmy eat world, katy perry, the pussycat dolls
the distillers, the beatles, simon & garfunkel, blink-182, the libertines, nirvana, r.e.m., fleetwood mac, queens of the stone age, ashlee simpson, motion city soundtrack, queen, amy winehouse, elton john, the velvet underground, édith piaf, neil young, the sounds, kent, rancid, 44, oasis, lily allen, regina spektor, the kinks, the who, h?kan hellstr?m, the cure
fall out boy, paramore, kings of leon, motion city soundtrack, alkaline trio, brand new, coheed and cambria, say anything, chiodos, the fray, from first to last, blink-182, taking back sunday, enter shikari, pixies, anti-flag, sum 41, counting crows, red hot chili peppers, good charlotte, interpol, rammstein, new found glory, millencolin, rilo kiley, 36 crazyfists, queens of the stone age, reel big fish, eagles of death metal, dashboard confessional, gym class heroes, bloodhound gang, limp bizkit, death cab for cutie, panic at the disco, afi, relient k, red.jumpsuit.apparatus, 44
the cure, the magnetic fields, low, the smiths, built to spill, modest mouse, yo la tengo, band of horses, the rolling stones, m. ward, broken social scene, johnny cash, pixies, stereolab, pet shop boys, bonnie prince billy, elliott smith, the kinks, mogwai
bj?rk, amy winehouse, beyoncé, dido, joss stone, britney spears, gwen stefani, mariah carey, the cardigans, christina aguilera, feist, duffy, kylie minogue, nelly furtado, katy perry, adele, m.i.a., alicia keys, fiona apple, édith piaf, alanis morissette, lady gaga, robyn, rihanna, kate nash, colbie caillat, norah jones, sade, radiohead, leona lewis, cat power, sia, goldfrapp, kt tunstall, carla bruni, garbage, the pussycat dolls, natasha bedingfield
kings of leon, radiohead, placebo, josé gonzález, pink floyd, yeah yeah yeahs, paolo nutini, deftones, max?mo park, bloc party, fall out boy, kaiser chiefs, funeral for a friend
green day, the offspring, the fratellis, the corrs, sheryl crow, scooter, enya
britney spears, ramones, joss stone, roxette, james blunt, avril lavigne, scorpions, spice girls, duran duran, kaiser chiefs, nelly furtado, amy winehouse, michael jackson, travis, a-ha, madonna, fergie, mika
nick drake, coldplay, emilíana torrini, josé gonzález, the cinematic orchestra, elbow, zero 7, rjd2, tortoise, m83, the flashbulb, goldfrapp, bat for lashes, moby, air, kings of convenience, clueso, low, the national, múm, plaid, r?yksopp, sia
death cab for cutie, radiohead, pavement, sigur rós, fugazi, battles, nirvana, elliott smith, stars, eels, animal collective, pinback, modest mouse, sonic youth, sufjan stevens, prefuse 73, deerhoof, minus the bear, blonde redhead, the cure
the kinks, iggy pop, neil young, lou reed, the zombies, t. rex, kiss, the velvet underground, bob dylan
damian marley, kosheen, richard cheese, fischerspooner, serj tankian, cypress hill, depeche mode, fatboy slim, linkin park, tricky, bauhaus, dj shadow, the prodigy, tom petty and the heartbreakers, wu-tang clan, infected mushroom, morcheeba, r.e.m., black eyed peas
britney spears, pet shop boys, r?yksopp, thievery corporation, mylo, santogold, death cab for cutie, chromeo, moby, mgmt, zero 7, digitalism, the gathering, m.i.a., sia, róisín murphy, hot chip, amy winehouse, lamb
all that remains, bring me the horizon, lamb of god, ozzy osbourne, lordi, tenacious d, miley cyrus, killswitch engage, eminem, silverstein, johnny cash, him, evanescence, enya, disturbed, dope, scooter, rammstein, kings of leon, sirenia, escape the fate, santana, green day, richard cheese, sabaton, cascada, linkin park, akon, the cardigans, the offspring, amon amarth, flyleaf, slipknot, the who, turbonegro
justin timberlake, eminem, groove armada, korpiklaani, hans zimmer, nightwish, jamiroquai, jazzanova, duffy, amy winehouse, jason mraz, the cardigans, corinne bailey rae, adele, george michael, thomas newman, 2pac, sade, michael jackson, a fine frenzy, ennio morricone, r?yksopp, tarja turunen, goldfrapp, howard shore, linkin park, mika, amy macdonald, helloween, basement jaxx, prince, the doors, kanye west, bj?rk, santana, snoop dogg
kaiser chiefs, katy perry, metallica, bob marley, oasis, amy winehouse, coldplay, p.o.d., jack johnson, franz ferdinand, r.e.m., kings of leon, black label society, michael jackson, green day, fall out boy, system of a down, nickelback, slipknot, the offspring, britney spears, guns n roses, angra, david guetta, ramones, armin van buuren
daft punk, emilie simon, the smashing pumpkins, portishead, los hermanos, the white stripes, nirvana, explosions in the sky, arctic monkeys, james blunt, red hot chili peppers, cocorosie, cat power, the beatles, snow patrol, coldplay, creedence clearwater revival, counting crows, biffy clyro, bj?rk, the dresden dolls, bush, radiohead, sufjan stevens, death cab for cutie, mark ronson, pearl jam, antony and the johnsons
depeche mode, the who, daft punk, tom petty and the heartbreakers, bruce springsteen, justice, aerosmith, air, moby, the chemical brothers, lenny kravitz, the cure, led zeppelin, queen, pink floyd, the doors, massive attack, gorillaz, the bravery, prince, bloc party, simon & garfunkel, sublime, sting, the strokes, the killers, gotan project, jamiroquai, the prodigy, fleet foxes, radiohead, ennio morricone, supergrass, groove armada
radiohead, elliott smith, venetian snares, animal collective, mono, mogwai, bj?rk, interpol, placebo, cocorosie, arcade fire, múm, low, aphex twin, lou reed, explosions in the sky, stereolab, the white stripes, the knife, rjd2
jimi hendrix, satyricon, amon amarth, dream theater, sepultura, mindless self indulgence, in flames
metallica, pantera, van halen, jimi hendrix, led zeppelin, red hot chili peppers, ozzy osbourne, meshuggah, ray charles, beck, pink floyd, joe satriani, tom waits
madvillain, aesop rock, gym class heroes, akira yamaoka, mf doom, dj shadow, immortal technique, a tribe called quest, de la soul
kings of convenience, mogwai, the jesus and mary chain, the brian jonestown massacre, madvillain
coldplay, the bravery, deichkind, radiohead, the white stripes, babyshambles, air, booka shade, dirty pretty things, modest mouse, adam green
m?tley crüe, metallica, kiss, ac/dc, aerosmith, foo fighters, skid row, coldplay, placebo, nirvana, red hot chili peppers, apocalyptica, franz ferdinand, incubus, scorpions, oasis, the killers, iced earth, the smashing pumpkins, deep purple, def leppard, nightwish, the offspring, muse, radiohead, lacuna coil, bon jovi, kaiser chiefs, lynyrd skynyrd, van halen, queen, u2, led zeppelin
queens of the stone age, the new pornographers, the strokes, rage against the machine, rise against, avenged sevenfold
amy winehouse, amy macdonald, hey, the beatles, katie melua, feist, faithless, the doors, the cranberries, dido, myslovitz, avril lavigne, lily allen, akurat, happysad, sting, diana krall, linkin park, the white stripes, alanis morissette, eric clapton, alicia keys
the beatles, the beach boys, the who, air, emery, the chemical brothers
blank & jones, chicane, paul van dyk, atb, armin van buuren, ti?sto, daft punk, infected mushroom, groove armada, air, faithless, mike oldfield, moby, the prodigy, brian eno, basement jaxx, fatboy slim, kosheen, massive attack, sarah mclachlan, jamiroquai
radiohead, kings of leon, kings of convenience, coldplay, feist, john mayer, norah jones, mark ronson, the kooks, the streets, adele, justice, the beatles, led zeppelin, eric clapton, mylo, amy winehouse, kt tunstall, daft punk, jimi hendrix, bob marley, the white stripes, keane, fatboy slim, john legend, razorlight, calvin harris, kanye west, sigur rós, james morrison, groove armada, franz ferdinand, the fratellis, phoenix, u2, bj?rk, four tet
30 seconds to mars, dir en grey, mindless self indulgence, breaking benjamin, lostprophets, britney spears, linkin park, killswitch engage, three days grace, disturbed, papa roach, enter shikari, the rasmus, shiny toy guns, paramore, static-x, muse, arctic monkeys, evanescence, apocalyptica, panic at the disco, mgmt, creed, cute is what we aim for
papa roach, fall out boy, nickelback, three days grace, linkin park, mot?rhead, evanescence, my chemical romance, seether, tenacious d, good charlotte, goo goo dolls, aerosmith, alter bridge, 3 doors down, the killers, cat stevens, avenged sevenfold, maroon 5, the all-american rejects, simple plan, jimmy eat world, led zeppelin, the wombats, 30 seconds to mars, alice in chains, santana, kiss, foo fighters, panic at the disco, snow patrol, nirvana
pavement, modest mouse, the magnetic fields, blink-182, guided by voices, built to spill, death cab for cutie, rilo kiley, alkaline trio, pink floyd, dead kennedys, saves the day, the beatles, minus the bear, the get up kids, pixies, neutral milk hotel, r.e.m.
belle and sebastian, stereolab, madness, elbow, beck, pavement, n*e*r*d, band of horses, franz ferdinand, air, the black keys, the cardigans, cut copy, jay-z, ben folds, bon iver, m83, the killers, the last shadow puppets, bonobo, r?yksopp, calexico, doves, neil young, fleet foxes, blur, common
u2, the killers, bloc party, snow patrol, franz ferdinand, pixies, arcade fire, the new pornographers, kaiser chiefs, shout out louds, the raveonettes, radiohead, ladytron, max?mo park, depeche mode, norah jones, she wants revenge, editors, the strokes, thomas newman, pearl jam, yeah yeah yeahs, the pipettes, amy macdonald, the breeders, the who, the white stripes, squarepusher, joy division, joni mitchell, led zeppelin, the smiths, the cure, louis armstrong, manic street preachers, clap your hands say yeah
the whitest boy alive, travis, shout out louds, múm, oasis, nada surf, coldplay, badly drawn boy, calexico, placebo, archive, mando diao, regina spektor, u2, the weakerthans, bloc party, mgmt, bright eyes, cat power, phoenix, wilco, anna ternheim, eels, beirut, the notwist, the verve, the killers, massive attack, sara bareilles, radiohead, ben folds, feist, eddie vedder, arctic monkeys
camera obscura, of montreal, ramones, the clash, belle and sebastian, the hives, kimya dawson, misfits, paramore, otis redding, nouvelle vague, morrissey, pixies
buzzcocks, the clash, ramones, the specials, yo la tengo, carla bruni, manu chao, the subways, sex pistols
van halen, the beatles, alkaline trio, jack johnson, nine inch nails, black label society, thin lizzy, motion city soundtrack, fall out boy, thrice, queen, ray lamontagne, alice in chains, lamb of god, stevie wonder, the cure, bruce springsteen, oasis, john mayer, green day, dream theater, kings of leon, scissor sisters, the police, richard cheese, megadeth
ti?sto, linkin park, ferry corsten, scooter, die toten hosen, limp bizkit, paul oakenfold, faithless, armin van buuren, within temptation, cascada, the rasmus, groove coverage, nightwish, blank & jones, atb, hans zimmer, ill ni?o, koЯn, papa roach, die ?rzte, paul van dyk, the prodigy, p.o.d., static-x, howard shore, abba, rammstein
flight of the conchords, anberlin, kings of leon, angels & airwaves, rage against the machine, cute is what we aim for, daft punk, lcd soundsystem, sublime, dave matthews band, death cab for cutie, death from above 1979, the academy is..., tegan and sara, plain white ts, taking back sunday, anti-flag
stereophonics, three days grace, lily allen, alter bridge, infected mushroom, incubus, john mayer, imogen heap, the kooks, belle and sebastian, lostprophets, katie melua, kate nash, staind, billy talent, maroon 5, city and colour, snow patrol, kaiser chiefs, kings of leon, james morrison, the prodigy, death cab for cutie, radiohead, the pigeon detectives, u2, razorlight, red.jumpsuit.apparatus, 3 doors down, keane, coldplay, lifehouse, ferry corsten, josé gonzález, david gray
arctic monkeys, aphex twin, tegan and sara, bloc party, beck, daft punk, radiohead, spoon, the killers, the strokes, the white stripes, mudvayne, the black keys, metallica, foo fighters, devildriver, interpol, modest mouse, bon iver, queens of the stone age, santogold, kasabian, peter bjorn and john, the presets, johnny cash, calvin harris, gnarls barkley, deftones, tv on the radio, bj?rk, john mayer, the smashing pumpkins, battles, kaiser chiefs, killswitch engage, justice, alexisonfire
tool, a perfect circle, god is an astronaut, in flames, clint mansell, the hellacopters, godspeed you! black emperor, death from above 1979, prefuse 73, the mars volta, porcupine tree, explosions in the sky
him, simple plan, the 69 eyes, the killers, the birthday massacre
linkin park, moby, nelly furtado, mogwai, hans zimmer, john williams, massive attack, kiss, groove coverage, akon, katy perry, onerepublic, dido, basshunter, cascada, gnarls barkley
electric light orchestra, eagles, sheryl crow, the beatles
jeff buckley, kamelot, koЯn, hans zimmer, disturbed, subway to sally, the doors, the prodigy, tori amos, queens of the stone age, tom waits, parov stelar, rammstein, anathema, bj?rk, david guetta, echo & the bunnymen, apocalyptica, pendulum, andrew lloyd webber, avenged sevenfold, clint mansell, mika, deichkind
placebo, travis, muse, r?yksopp, tool, modest mouse, deftones, coldplay, incubus, him, r.e.m., guano apes, pixies, nickelback, foals, blink-182, radiohead, nightwish, green day, audioslave, the killers, the rasmus, depeche mode, a perfect circle, system of a down, dredg, the cranberries, the beatles, the cardigans, beck, pj harvey, evanescence, unkle, foo fighters, 30 seconds to mars, lacuna coil, moby, u2, the used
atmosphere, deftones, de la soul, aesop rock, slipknot, outkast, limp bizkit, common, the roots, koЯn, madlib, a tribe called quest, nas, jurassic 5, gang starr, mos def, system of a down, talib kweli, madvillain, dizzee rascal, jamiroquai, dr. dre, michael jackson, rage against the machine, the prodigy, immortal technique
the beatles, abba, beck, system of a down, beastie boys, devo, pink floyd, electric six, the sisters of mercy, my chemical romance, jurassic 5, weezer, kraftwerk, queen, metallica, nas, the who, john williams, the clash, nightwish, the killers, kanye west, the byrds, green day, the streets, gwen stefani
jack johnson, coldplay, snow patrol, bloc party, trentem?ller, stars, norah jones, r?yksopp, the crystal method, new order
tool, ladytron, dead can dance, fear factory, the chemical brothers, dead kennedys, rage against the machine, eagles of death metal, deep purple
depeche mode, inxs, duran duran, prince, red hot chili peppers, garbage, cypress hill, nine inch nails, ramones, iggy pop, beastie boys, kraftwerk, bonobo, devo, the beatles, public enemy, bj?rk, jimi hendrix, johnny cash, orbital, blur, fatboy slim, roots manuva, steely dan, the cure, rage against the machine, amon tobin, the crystal method, electric light orchestra, thievery corporation, the who, daft punk, groove armada, the smiths, the chemical brothers, nina simone
tori amos, mogwai, sufjan stevens, the magnetic fields, pj harvey, cocteau twins, m83, the cure, arcade fire, death cab for cutie, nine inch nails, architecture in helsinki, amon tobin, depeche mode, godspeed you! black emperor, placebo, portishead, the knife, ...and you will know us by the trail of dead, ladytron, cocorosie, yeah yeah yeahs, devendra banhart, the go! team, radiohead, animal collective, sonic youth, my bloody valentine, tom waits, band of horses, clint mansell, blonde redhead, air, belle and sebastian, the beatles, antony and the johnsons, sigur rós, the smashing pumpkins, the mars volta, broken social scene, eels, talking heads, kate bush, neil young, clap your hands say yeah, the postal service
nick cave and the bad seeds, tom waits, leonard cohen, bob dylan, lou reed, frank sinatra, the pogues, godspeed you! black emperor, ramones
devo, fleetwood mac, t. rex
devildriver, soulfly, as i lay dying, metallica, lamb of god, in flames, machine head, 36 crazyfists, trivium, arch enemy, children of bodom, amon amarth, pantera, caliban, killswitch engage, sepultura, slayer, chimaira, kreator, bullet for my valentine, koЯn, heaven shall burn, strapping young lad, all shall perish, fear factory, the haunted, all that remains, dark tranquillity, rammstein, apocalyptica, mudvayne, volbeat, static-x, drowning pool, at the gates, slipknot
slowdive, the radio dept., cocteau twins, my bloody valentine, pixies, air, black rebel motorcycle club
caliban, seeed, bring me the horizon, as i lay dying, die ?rzte, killswitch engage, bob marley, stone sour, system of a down, gentleman, deichkind, underoath, from autumn to ashes, placebo, alexisonfire, farin urlaub, oasis, ill ni?o, three days grace, subway to sally, evanescence, cypress hill, rammstein, panic! at the disco, clueso, hatebreed, britney spears
as i lay dying, unkle, marilyn manson, slipknot, queens of the stone age, the streets, the dresden dolls, bring me the horizon, stone sour, enter shikari, fiona apple, flyleaf, morcheeba
muse, nirvana, creedence clearwater revival, the beatles, queen, guns n roses, the police, the cranberries, system of a down, iron maiden, led zeppelin, pink floyd, scorpions, foo fighters, deep purple, metallica, the who, panic! at the disco, hans zimmer, judas priest, black sabbath, bob marley & the wailers, coldplay
daft punk, alkaline trio, the pipettes, 44, afi, blink-182, rancid, katy perry, reel big fish, motion city soundtrack, streetlight manifesto, refused
enya, pink floyd, stereophonics, massive attack, interpol, queen, dire straits, bonobo, booka shade, the beatles, supertramp, the cinematic orchestra, infected mushroom, st. germain, philip glass, mr. scruff, de-phazz, thomas newman, vangelis, broken social scene, creedence clearwater revival, enigma, the rolling stones, beck, pixies, ac/dc, thievery corporation, hans zimmer, arcade fire, eels, the cribs, air, gotan project, genesis, led zeppelin, sigur rós, mogwai, u2, max?mo park
rjd2, bonobo, cypress hill, cunninlynguists
the white stripes, eagles of death metal, kyuss, arctic monkeys, jimi hendrix, calexico, the hives, kings of leon, die ?rzte, led zeppelin, the subways, babyshambles, the black keys, the specials, mot?rhead, black rebel motorcycle club, various artists, tom waits, the chemical brothers, the kinks, ramones, the vines, the whitest boy alive, rage against the machine, franz ferdinand
ladytron, of montreal, death cab for cutie, the knife, the shins, radiohead, blonde redhead, peter bjorn and john, the magnetic fields, kings of convenience, crystal castles, klaxons, the decemberists, air, david bowie, neutral milk hotel, girl talk, captain beefheart & his magic band, devo, sonic youth, coldplay, fischerspooner, porcupine tree, the radio dept., the postal service, kraftwerk, hot chip, ratatat
blind guardian, slipknot, as i lay dying, paramore, armin van buuren, ill ni?o, stone sour, portishead, rainbow, kamelot, apocalyptica, nirvana, mot?rhead, him, katatonia, killswitch engage, all that remains, carcass, system of a down, nas, good charlotte, pendulum
john legend, john mayer, david gray, feist, fatboy slim, jack johnson, kings of convenience, the killers, dire straits, placebo, belle and sebastian, usher, coldplay, sade, red hot chili peppers, u2, rihanna, manu chao, lifehouse, frank sinatra, jamiroquai, bob marley, depeche mode, lenny kravitz, daft punk, bob dylan, bloc party, the whitest boy alive, kings of leon, gnarls barkley, moby, jurassic 5, arctic monkeys
my chemical romance, bright eyes, him, senses fail, silverstein, escape the fate, underoath
moby, kraftwerk, aphex twin, hooverphonic, orbital, enya, radiohead, vnv nation
say anything, dashboard confessional, fall out boy, avril lavigne, the ataris, the academy is..., afi, the all-american rejects, something corporate, death cab for cutie, blink-182, bowling for soup, good charlotte, sum 41, jimmy eat world, taking back sunday, the beach boys, red hot chili peppers, the killers, alkaline trio, johnny cash, mae
u2, the doors, the rolling stones, the velvet underground, miles davis, john coltrane
múm, crystal castles, blonde redhead, deftones, radiohead, the cardigans, placebo, sonic youth, massive attack, the cranberries, cocteau twins, the strokes, u2, tegan and sara, misfits, bj?rk, the whitest boy alive, r?yksopp, muse, vangelis, kings of leon, the chemical brothers, camera obscura, kyuss, the smashing pumpkins, ladytron, cocorosie, brian eno, lamb, air
neko case, johnny cash, the kinks, animal collective, antony and the johnsons, jens lekman, the national, bon iver, sufjan stevens, the brian jonestown massacre, the flaming lips, bonnie prince billy, a tribe called quest, j dilla, joy division, the black keys, the jesus and mary chain
underoath, jimmy eat world, killswitch engage, relient k, anberlin, brand new, emery, circa survive, p.o.d., lifehouse, switchfoot, city and colour, saosin, coldplay, blink-182, death cab for cutie, snow patrol, the used, thursday, chiodos, sage francis, paramore, rage against the machine, thrice, kings of leon, bloc party, enter shikari, alexisonfire, u2, linkin park, onerepublic
radiohead, tom waits, nirvana, nick cave and the bad seeds, queens of the stone age, beck, talking heads, pixies, foo fighters, pavement, death from above 1979, bloc party, the rolling stones, the white stripes, the who, camera obscura, weezer, the beatles, david bowie, doves, the shins, led zeppelin, wilco, the hives, dj shadow, the clash, cansei de ser sexy, johnny cash, the smashing pumpkins, elvis costello, soundgarden, beastie boys, pearl jam, neil young, franz ferdinand, manic street preachers, the mars volta, blur, the killers
boards of canada, aphex twin, the beatles, flying lotus, madlib, joy division, portishead, crystal castles, autechre, air, beck, cut copy, soundtrack, goldfrapp, ratatat, radiohead, daft punk, prefuse 73, grizzly bear, ladytron, josé gonzález, my bloody valentine, the cure, justice, the go! team, pixies, squarepusher, the jesus and mary chain, camera obscura, sonic youth, timbaland, digitalism, feist, peter bjorn and john, mgmt, the smashing pumpkins
joss stone, katie melua, jack johnson, manu chao, mando diao, the kooks, james blunt, adam green
immortal technique, sublime, red hot chili peppers, bob marley & the wailers, black sabbath, pink floyd, led zeppelin, bat for lashes, ratatat, dinosaur jr., the clash, tool, atmosphere, sonic youth, metallica, talib kweli, notorious b.i.g., neil young, kasabian, 2pac, rise against, boards of canada, nirvana, dr. dre, weezer, lily allen, the smashing pumpkins, tom waits, lamb of god, 311, cunninlynguists, blink-182, yeah yeah yeahs
busta rhymes, the kills, aesop rock, black eyed peas, m.i.a., nina simone, de la soul, red hot chili peppers, pixies, muse, the rolling stones, morrissey
tool, rise against, a perfect circle, in flames, lagwagon, the fall of troy, rage against the machine, alanis morissette, evanescence, infected mushroom, cradle of filth, kent, opeth, silverchair, marilyn manson, electric six, dead kennedys, ska-p, the smashing pumpkins, dropkick murphys, slipknot, flogging molly, less than jake, bullet for my valentine
behemoth, tiamat, my dying bride, hypocrisy, sepultura, judas priest, slayer, kreator, samael, sodom, dark tranquillity, vader, sentenced, amorphis, in flames, abba
65daysofstatic, cat power, incubus, deftones, eels, bob dylan, tenacious d, devendra banhart, die ?rzte, johnny cash, muse, atreyu, clueso, underoath, refused, tom waits, 36 crazyfists, my bloody valentine, pixies, at the drive-in, bad religion, radiohead, gorillaz, p.o.d., the killers, billy talent
weezer, the whitest boy alive, kings of convenience, eels, r?yksopp, tom waits, radiohead, josé gonzález, nick drake, my bloody valentine, st. germain, elliott smith, the cure, yann tiersen, interpol, the national, neil young, queens of the stone age, isis, deus, tool, justice, arctic monkeys, manu chao, sufjan stevens, mogwai, burial, thomas newman, bruce springsteen, mew, pearl jam, nine inch nails, beck, porcupine tree, sigur rós, bob dylan, lykke li, opeth, the clash, coldplay, the beatles, massive attack, led zeppelin, the beach boys
avril lavigne, streetlight manifesto, thrice, linkin park, paramore, clueso, rise against, afi, funeral for a friend, sum 41, the ataris, atreyu, mando diao, blink-182, die ?rzte, 44, dredg, good charlotte, sonata arctica, the mars volta, breaking benjamin, bullet for my valentine
animal collective, air, the flaming lips, grizzly bear, boards of canada, fleet foxes, the stone roses, the knife, tom waits, brian eno, sigur rós, radiohead, the national, kings of convenience
hans zimmer, john williams, peter gabriel, rush, jethro tull, elton john, marillion, camel, howard shore, genesis, death cab for cutie, ennio morricone, radiohead, supertramp, johann sebastian bach, led zeppelin, phil collins, the killers, bloc party, john lennon, pink floyd, coldplay, era, the police, queen, broken social scene
placebo, interpol, the national, she wants revenge, radiohead, cansei de ser sexy, cat power, queens of the stone age, justice, joy division, primal scream, unkle, four tet, einstürzende neubauten, hot chip, my morning jacket, siouxsie and the banshees, coldplay, editors, brian eno, boards of canada, mgmt, burial, dirty pretty things, ...and you will know us by the trail of dead, architecture in helsinki, depeche mode, sigur rós, the killers, tv on the radio, sonic youth, the dresden dolls
lamb, bj?rk, sigur rós, bat for lashes, apparat, thom yorke, avril lavigne, múm, aphex twin, diana krall, beirut, katy perry, devendra banhart, feist, radiohead, sting, amon tobin, plaid, groove armada, brian eno, lykke li, cocorosie
emery, black label society, alter bridge, foo fighters, robbie williams, anberlin, audioslave, killswitch engage, chris cornell, dark tranquillity, sonic syndicate, incubus, lostprophets, funeral for a friend, atreyu, coheed and cambria, maria mena, panic! at the disco, sentenced, the hellacopters, underoath, pink floyd, coldplay
darkthrone, millencolin, 2pac, ben folds, sodom, jurassic 5, lagwagon, deftones
sting, jamiroquai, depeche mode, coldplay, duran duran, prince, george michael, faithless, pink floyd, seal, pearl jam, the police, alicia keys, alice cooper, alice in chains, rage against the machine, n*e*r*d, cake, dave matthews band, r.e.m., system of a down, herbie hancock, radiohead, muse, morcheeba, green day, sade, michael jackson
amy winehouse, u2, rammstein, de-phazz, faithless, kt tunstall, seeed, loreena mckennitt, enigma, feist, christina aguilera, nine inch nails, no doubt, the chemical brothers, ennio morricone, nelly furtado, buena vista social club, marilyn manson, gorillaz, r.e.m., enya, soundtrack, joss stone, mary j. blige, guns n roses, tosca, gwen stefani, beyoncé, the prodigy, snow patrol
skillet, sonic syndicate, breaking benjamin, lady gaga, bullet for my valentine, anberlin, goldfinger, evanescence, black eyed peas, linkin park, metallica, system of a down, abba, soilwork, pink, bob marley & the wailers, roxette, colbie caillat, paramore, kanye west, blink-182, akon, bryan adams, green day, rihanna, flo rida, britney spears, nightwish, avril lavigne, guns n roses, fort minor
billy talent, the bouncing souls, elliott smith, cursive, say anything, bloc party, battles, rise against, ratatat, the strokes, explosions in the sky, the blood brothers, the streets, silverstein, cake, the faint, alkaline trio
ulver, jay-z, django reinhardt, busta rhymes, public enemy, the beach boys, eluveitie
mogwai, the radio dept., four tet, the jesus and mary chain, m83, air, cut copy, moby, elliott smith, the beatles, damien rice, daft punk, boards of canada, aphex twin, phoenix, hooverphonic, zero 7, the go! team, akira yamaoka
the beatles, jefferson airplane, the rolling stones, the beach boys, led zeppelin, jimi hendrix, otis redding
heaven shall burn, converge, joe satriani, as i lay dying, morcheeba
autechre, radiohead, underworld
system of a down, in extremo, rammstein, in flames, green day, bloodhound gang, limp bizkit, black eyed peas, billy talent, groove coverage, koЯn, nirvana, blind guardian, fort minor, the offspring, marilyn manson, avril lavigne, blink-182, slipknot, red hot chili peppers, gorillaz, beatsteaks, daft punk, iron maiden, cascada, nightwish, within temptation, children of bodom, hammerfall, papa roach, mindless self indulgence, ac/dc, kiss, reel big fish, metallica, p.o.d., arch enemy, bullet for my valentine, sum 41, atb
red hot chili peppers, radiohead, pink floyd, placebo, jack johnson, erykah badu, led zeppelin, muse, arctic monkeys, groove armada, amy winehouse, cypress hill, the dandy warhols, the rolling stones, thievery corporation, feist, razorlight, the white stripes, the doors, air, bob dylan, mos def, jeff buckley, grizzly bear, jimi hendrix, the verve
madonna, pink floyd, britney spears, queen, backstreet boys, depeche mode, def leppard, bon jovi, prince, abba, evanescence, rihanna
in flames, alexisonfire, arch enemy, caliban, 3 doors down, dark tranquillity, nightwish, schandmaul, heaven shall burn, korpiklaani, breaking benjamin, beatsteaks, subway to sally, die ?rzte, opeth, die apokalyptischen reiter, dropkick murphys, ska-p
chico buarque, pixies, regina spektor, miles davis, the beatles, portishead, joy division, amy winehouse, bob dylan
die toten hosen, linkin park, deichkind, farin urlaub, eminem, nirvana, green day, rammstein, bowling for soup, nickelback, scooter, red hot chili peppers, system of a down, b?hse onkelz, the offspring, the cranberries, the prodigy, the beach boys, good charlotte, bob marley, gentleman, placebo, the smashing pumpkins, nelly furtado, blink-182, coldplay, seeed, metallica, mando diao, the strokes, guano apes, iron maiden, limp bizkit, sum 41, pink, josé gonzález, killswitch engage, manu chao, the subways, bryan adams, the white stripes, beatsteaks, slipknot, cascada, bloodhound gang
infected mushroom, pendulum, apocalyptica, metallica, pain, the prodigy, t.a.t.u., linkin park, no doubt, 30 seconds to mars, gorillaz, the rasmus, rammstein, above & beyond, in flames
death cab for cutie, regina spektor, snow patrol, the clash, bright eyes, the get up kids, the dresden dolls, sex pistols, the killers, alanis morissette, the fray, the all-american rejects, say anything, rilo kiley, arctic monkeys, cake, the weakerthans, the libertines, green day, kate nash, motion city soundtrack, bloc party, something corporate, lily allen, new found glory, coheed and cambria, the streets, weezer, dashboard confessional, fall out boy, reel big fish, she wants revenge, radiohead, rufus wainwright
madonna, mindless self indulgence, daft punk, panic at the disco, janet jackson, linkin park, frou frou, fort minor, benny benassi, céline dion, a perfect circle, paul oakenfold, justin timberlake, britney spears, disturbed, september, rihanna, the cranberries, scissor sisters
sepultura, koЯn, the offspring, marilyn manson, rage against the machine, gojira, system of a down, chimaira, jamiroquai, slipknot
peter bjorn and john, cold war kids, the velvet underground, franz ferdinand, boards of canada, the clash
the presets, róisín murphy, bat for lashes, arcade fire, santogold, yann tiersen, of montreal, lykke li, kasabian, moloko, regina spektor, amy macdonald, lady gaga, tv on the radio, hooverphonic, frank sinatra, rilo kiley, sufjan stevens, zero 7, late of the pier, mgmt, cat power, r?yksopp, portishead, the ting tings, cocorosie, the national, nelly furtado, nouvelle vague, vampire weekend, goldfrapp
janet jackson, erykah badu, gnarls barkley, rihanna, sade, ella fitzgerald, alanis morissette, michael jackson, nina simone, jay-z, john legend, kanye west, beyoncé, miles davis, britney spears, mary j. blige
jack johnson, death cab for cutie, the beatles, john mayer, mando diao, red hot chili peppers, coldplay, motion city soundtrack, bruce springsteen, architecture in helsinki, clap your hands say yeah, u2, modest mouse, kate nash, john frusciante, the fray, the new pornographers, the rolling stones, kimya dawson, imogen heap, alicia keys, céline dion, the ting tings, babyshambles, oasis, the smiths, gnarls barkley, ok go
the national, múm, the album leaf, yann tiersen, tracy chapman, tom waits, ray lamontagne, death cab for cutie, dashboard confessional, jason mraz, norah jones, timbaland, josé gonzález, counting crows, frank sinatra, john legend, dave matthews band, the shins, broken social scene, adele, modest mouse, sigur rós, rilo kiley, john mayer, nick drake, erykah badu, elliott smith
fort minor, pain, good charlotte, 30 seconds to mars, papa roach, story of the year, three days grace, simple plan
the cure, bj?rk, placebo, morrissey, muse, siouxsie and the banshees, garbage, editors, philip glass, interpol, him, rufus wainwright, my chemical romance, radiohead, bauhaus, ludwig van beethoven, the smashing pumpkins, massive attack, avril lavigne, portishead, nine inch nails, incubus, david bowie, the smiths, the white stripes, sigur rós, the killers, tori amos
linkin park, within temptation, daft punk, jay-z, ludacris, n*e*r*d, outkast, cascada, aesop rock, télépopmusik, rihanna, wolfgang amadeus mozart
apparat, nine inch nails, air, aphex twin, the books, bj?rk, plaid, autechre, goldfrapp, depeche mode, four tet, regina spektor
elliott smith, george michael, pet shop boys, tracy chapman, genesis, bon jovi, dido
2pac, beastie boys, snoop dogg, cypress hill, nas, ice cube, notorious b.i.g.
slayer, strapping young lad, dimmu borgir, norah jones, faith no more, mastodon, descendents, nine inch nails, bad religion, aesop rock, queens of the stone age, ulver, anthrax, at the gates, radiohead, a perfect circle, beastie boys, system of a down, the dillinger escape plan, jedi mind tricks
mono, max richter, amon tobin, clint mansell, cunninlynguists, missy elliott, frédéric chopin, fiona apple, orbital
snoop dogg, nas, dr. dre, 2pac, dmx, ice cube, de la soul, chamillionaire
amy winehouse, coldplay, manu chao, natasha bedingfield, placebo, dido, amy macdonald
opeth, pain of salvation, satyricon, behemoth, bloodbath, katatonia, the birthday massacre, moonspell, eluveitie, agalloch, porcupine tree, dead can dance, aphex twin
blink-182, anti-flag, rise against, u2, 44, cute is what we aim for, goldfinger, nofx, good charlotte, motion city soundtrack, circa survive, alkaline trio, red.jumpsuit.apparatus, silverstein, radiohead, the cure, the used, oasis, jimmy eat world, billy talent, the shins
the beatles, simon & garfunkel, judas priest, iron maiden, queen, billy joel, ozzy osbourne, steely dan, jethro tull, black sabbath, pink floyd, frank zappa, alice in chains, david bowie, alice cooper, rush, buckethead, grateful dead, joe satriani, genesis, john lennon, dio, metallica, bob dylan, rainbow, the who, the doors, elton john, king crimson, stone temple pilots, black label society
mgmt, vampire weekend, tegan and sara, something corporate, bob dylan, sigur rós, third eye blind, sufjan stevens, the beatles, taking back sunday, dashboard confessional, damien rice, modest mouse, tokyo police club, joshua radin, the new pornographers, frank sinatra, norah jones, the faint, animal collective, snow patrol, sara bareilles, stars, metro station, atmosphere, the hush sound, okkervil river, sarah mclachlan
james morrison, sonata arctica, hammerfall, heaven shall burn, lily allen, amy macdonald, seether, disturbed, infected mushroom, the cardigans, jason mraz, benny benassi, oasis, david guetta, coldplay, mando diao, eagles of death metal, garbage, lenny kravitz, the fray, atb, armin van buuren, stone sour, paramore, snow patrol, system of a down, the vines
fleetwood mac, a-ha, tori amos, kate bush, kraftwerk, portishead, pj harvey, sade, neil young, nick drake, amy winehouse, duran duran, the beatles, bee gees, paul mccartney, kent, imogen heap, nina simone
system of a down, sum 41, limp bizkit, the white stripes, franz ferdinand, beastie boys, papa roach, red hot chili peppers, sex pistols, ramones, simple plan, rage against the machine, jefferson airplane, metallica, kasabian, the offspring, koЯn, the kinks, green day, nirvana, the killers, kaiser chiefs, the prodigy, good charlotte
air, crystal castles, radiohead, yeah yeah yeahs, the presets, digitalism, morrissey, klaxons, sigur rós, the killers, justice, madonna, britney spears, the smashing pumpkins, foo fighters, depeche mode, the strokes, cut copy, moby, daft punk, foals, ladytron, the cure, [unknown], coldplay, hot chip, calvin harris, blur, amy winehouse, the cardigans, the sounds, portishead
dead kennedys, serge gainsbourg
the knife, santogold, architecture in helsinki, peter fox, antony and the johnsons, amy winehouse, deichkind, mgmt, phoenix, justin timberlake, air, jeff buckley, pixies, édith piaf, nouvelle vague, john legend, bright eyes, m.i.a., hot chip, depeche mode, klaxons, fischerspooner, mika
britney spears, rihanna, enrique iglesias, leona lewis, ashlee simpson, good charlotte, maroon 5, avril lavigne, mika, shakira, jennifer lopez, spice girls, kylie minogue, beyoncé, nelly furtado, kelly clarkson, christina aguilera, 30 seconds to mars, justin timberlake, blink-182, natasha bedingfield, him, sugababes, girls aloud, travis, madonna, panic! at the disco
cypress hill, common, massive attack, red hot chili peppers, the cure
ignite, pendulum, killswitch engage, b?hse onkelz, all shall perish, the 69 eyes, him, parkway drive, cradle of filth, rammstein, as i lay dying, hatebreed
coldplay, sufjan stevens, kings of convenience, mando diao, michael jackson, the beatles, editors, bon iver, arcade fire, franz ferdinand, michael bublé, morrissey, ray charles, sigur rós, death cab for cutie, muse, kings of leon, max richter, carla bruni, nick drake, r?yksopp, damien rice, belle and sebastian, de-phazz, joss stone, red hot chili peppers, radiohead, mylo, john legend, arctic monkeys, paolo nutini, alicia keys, eric clapton, tom waits, jack johnson, oasis, mgmt, animal collective, pj harvey, the smiths, the libertines, [unknown], babyshambles
andrew bird, mirah, beirut, david bowie, devendra banhart, architecture in helsinki, final fantasy, the new pornographers, the magnetic fields, the mountain goats, stars, jens lekman, kimya dawson
mogwai, kraftwerk, cocteau twins, low, new order, sonic youth, underworld, my bloody valentine, boards of canada, orbital, elbow, the fall, stereolab, the flaming lips, the future sound of london, dead can dance, joy division, dinosaur jr., slowdive, aphex twin, the mars volta, ladytron, plaid, echo & the bunnymen
nofx, my morning jacket, descendents, the pogues, johnny cash, against me!, alkaline trio, nada surf, the cure, the jesus and mary chain, tom petty and the heartbreakers, modest mouse, the get up kids, foo fighters, black sabbath, tom waits, atmosphere, misfits, ramones, eels, the clash
usher, atb, ti?sto, chicane, paul van dyk, above & beyond, armin van buuren, groove armada, blank & jones, alicia keys, ne-yo, ferry corsten, david guetta, backstreet boys, george michael, mylo, daft punk
metallica, dope, jedi mind tricks, system of a down, koЯn, anti-flag, mobb deep, green day, rage against the machine, alice cooper, misfits, ramones, nirvana, bloodhound gang, minor threat, serj tankian
lily allen, metric, mgmt, coldplay, the knife, santogold, tokyo police club, radiohead, portishead, cocorosie, katy perry, the ting tings
the rolling stones, nirvana, stone temple pilots, bee gees, ramones, van halen, fleetwood mac, mindless self indulgence, the beach boys
sufjan stevens, beirut, elliott smith, boards of canada, regina spektor, the magnetic fields, feist, fleet foxes, bonnie prince billy, my bloody valentine, broken social scene, the books, the cinematic orchestra, cat power, joanna newsom, the go! team, lcd soundsystem, philip glass, yo la tengo, stars, burial, johnny cash, antony and the johnsons, max richter, bon iver, nina simone, hot chip, david bowie
combichrist, cradle of filth, subway to sally, lacrimosa, nightwish, depeche mode, rammstein, sepultura, einstürzende neubauten, sentenced, evanescence, the 69 eyes, type o negative, the police, hammerfall
modest mouse, minus the bear, converge, kanye west, blink-182, saosin, city and colour, new found glory, saves the day, girl talk, band of horses, immortal technique, tenacious d, bring me the horizon, thursday, brand new, thrice, a day to remember, the blood brothers, atmosphere
belle and sebastian, the stone roses, the smiths, depeche mode, joy division, nouvelle vague, mika, the pipettes, adam green, amy winehouse, the cure, new order, rufus wainwright, counting crows, pet shop boys, arcade fire, django reinhardt, fleet foxes, radiohead, carla bruni, sigur rós, architecture in helsinki, the cardigans
gorillaz, type o negative, staind, red.jumpsuit.apparatus, godsmack
green day, amy macdonald, beyoncé, katy perry, avril lavigne, natasha bedingfield, carla bruni, michael jackson, jonas brothers, [unknown], nelly furtado, maria mena, rihanna, coldplay, hans zimmer, kt tunstall, britney spears, sugarcult, black eyed peas, duffy, travis, andrew lloyd webber, a fine frenzy, onerepublic, bee gees, sheryl crow, christina aguilera, maroon 5
kanye west, amy winehouse, frank sinatra, de la soul
lil wayne, lykke li, snoop dogg, soundtrack, disturbed, high contrast, limp bizkit, alicia keys, various artists, ice cube, koЯn, 50 cent, jack johnson, air, beastie boys
usher, john legend, lupe fiasco, nelly, britney spears, ne-yo, nelly furtado, busta rhymes, beyoncé, t.i., mary j. blige, ludacris, missy elliott, common, mariah carey, snow patrol
van halen, rush, dream theater, led zeppelin, green day, def leppard, ac/dc, queensr?che, jet
the used, killswitch engage, the black dahlia murder, bring me the horizon, alexisonfire, all time low, saosin, a day to remember, paramore, rise against, rammstein, funeral for a friend, jimi hendrix, ac/dc, story of the year
in flames, nightwish, ti?sto, eminem, soilwork, scooter, the prodigy, disturbed, nickelback, rammstein, metallica, breaking benjamin, stratovarius, mindless self indulgence, sentenced, atb, 36 crazyfists, amorphis, arch enemy, children of bodom, manowar, 50 cent, paradise lost
burial, boards of canada, yann tiersen, hot chip, cocorosie, architecture in helsinki, dizzee rascal, animal collective, patrick wolf, gogol bordello, m83, múm, david bowie, tv on the radio, sigur rós, enya, peter bjorn and john, amon tobin, bonobo, the streets, beck, the cure, joy division, godspeed you! black emperor, the go! team
[serge gainsbourg]
the hush sound, the postal service, adele, regina spektor, kelly clarkson, motion city soundtrack, jason mraz, natasha bedingfield, death cab for cutie
the pogues, the rolling stones, the velvet underground, guided by voices, new order, bob dylan, joy division
morcheeba, radiohead, junior boys, koЯn, hot chip, cut copy, goldfrapp, bj?rk, amy winehouse, portishead, moby, system of a down, cansei de ser sexy, phoenix, depeche mode, arctic monkeys, queens of the stone age, placebo, limp bizkit, the chemical brothers, massive attack, bush, linkin park, red hot chili peppers, duran duran, rammstein, static-x, vangelis, the smashing pumpkins
the cranberries, muse, kaiser chiefs, john lennon, the killers, the rolling stones, red hot chili peppers, onerepublic, atb, klaxons, queen, sting, michael jackson, the fray, the police, the beach boys, enya, bee gees, johnny cash, james blunt, jack johnson, elton john, razorlight, oasis, franz ferdinand, a-ha, cat stevens, madness, my chemical romance, elvis presley
phil collins, queen, creedence clearwater revival, eric clapton, the beatles, madonna, paul mccartney, u2, nickelback, john lennon, michael jackson, inxs, norah jones, stevie wonder, ac/dc, abba, alanis morissette, joe satriani, jamiroquai, coldplay, the cure, metallica, roxette, sheryl crow
hilary duff, avril lavigne, beyoncé, r?yksopp, [unknown], lady gaga, rihanna, eminem, nickelback, red hot chili peppers, ashlee simpson, kylie minogue, britney spears, david guetta, kelly clarkson, the pussycat dolls
muse, ignite, alice in chains, deftones, chimaira, all shall perish, rammstein, los hermanos, manu chao, metallica, portishead, as i lay dying, caliban, rage against the machine, jamiroquai, radiohead, after forever, system of a down, refused, vader, the mars volta, him
the kooks, mando diao, coldplay, the killers, nada surf, radiohead, death cab for cutie, the arcade fire, franz ferdinand, arctic monkeys, the strokes, jet, tegan and sara, editors, bloc party, the wombats, oasis, belle and sebastian, interpol, mgmt, pj harvey, beirut, the libertines, modest mouse, snow patrol, damien rice, the shins, muse, hot hot heat, razorlight
boards of canada, coldplay, depeche mode, seal, live, the cinematic orchestra, death cab for cutie, prefuse 73, u2, zero 7, thomas newman
bon jovi, nickelback, the beatles, sonata arctica, guns n roses, beck, the smashing pumpkins, deep purple, ac/dc, the rolling stones, kiss, angra, skid row, led zeppelin, santana, u2, ramones, pink floyd, bob dylan, the clash, the corrs, los hermanos, nirvana, avantasia, john lennon, t. rex, jimi hendrix, james blunt, the veronicas, oasis, blind guardian, metallica, van halen, ozzy osbourne, amy macdonald
the used, killswitch engage, good charlotte, red.jumpsuit.apparatus, less than jake, the beatles, bowling for soup, lostprophets, atreyu, david bowie, slipknot, avril lavigne, tenacious d, papa roach, sum 41, fall out boy, taking back sunday, foo fighters, funeral for a friend, the all-american rejects, ashlee simpson, boys like girls, all time low, new found glory, natasha bedingfield, hellogoodbye, girls aloud, 44, 36 crazyfists, disturbed
bon jovi, miles davis, led zeppelin, deep purple, ludwig van beethoven, john coltrane, pink floyd, iron maiden, black sabbath
avril lavigne, blondie, christina aguilera, abba, the raconteurs, amy winehouse, the doors, the strokes, belle and sebastian
in flames, slipknot, parkway drive, mindless self indulgence, disturbed, system of a down, bullet for my valentine, dethklok, lamb of god, fall out boy, linkin park, sum 41, reel big fish, dope, all that remains, devildriver, iron maiden, enter shikari, avenged sevenfold, koЯn, dragonforce, rise against, limp bizkit, hammerfall, breaking benjamin, metallica, dropkick murphys, eminem, my chemical romance, heaven shall burn, slayer, the black dahlia murder, ill ni?o, tenacious d
dredg, deftones, anthrax, ac/dc, melvins, faith no more, mastodon, rage against the machine, incubus, sepultura, tool, metallica, coheed and cambria, chevelle, the mars volta, the raconteurs, kings of leon, the strokes, the fall of troy, black sabbath, red hot chili peppers, pink floyd, alice in chains, refused, bob marley & the wailers, system of a down, thursday, the dillinger escape plan, soundgarden, foo fighters, van halen, down
radiohead, air, the beatles, black sabbath, r?yksopp, groove armada, manic street preachers, u2, ramones, aerosmith, moby, zero 7, black rebel motorcycle club, tom waits, black flag, amy winehouse, nick cave and the bad seeds, the rolling stones, the doors, the stone roses, sigur rós, streetlight manifesto, the verve, gorillaz, bob marley & the wailers, rage against the machine, the libertines, roots manuva, the streets, paolo nutini, queens of the stone age, r.e.m., bob dylan, coldplay, king crimson, santana, reel big fish, the hives, the strokes, bruce springsteen, echo & the bunnymen, the white stripes, orbital, pulp, primal scream, def leppard, muse, the smiths
nightwish, within temptation, armin van buuren, atb, above & beyond, evanescence, september, goldfrapp, the corrs, ferry corsten, ti?sto, metallica, garbage, massive attack, lamb, sarah mclachlan, basement jaxx, madonna, róisín murphy, enigma, in flames, richard cheese, infected mushroom, chicane, paramore, kylie minogue
iron & wine, brand new, bright eyes, bon iver, bob dylan, wu-tang clan, yeah yeah yeahs
yeah yeah yeahs, arcade fire, radiohead, antony and the johnsons, my bloody valentine, animal collective, the whitest boy alive, broken social scene, joy division, grizzly bear, bon iver, regina spektor
feist, the police, journey, n*e*r*d, j dilla, natasha bedingfield, eric clapton, ramones, the shins, the beatles
kanye west, alkaline trio, blink-182, new found glory, something corporate, taking back sunday, death cab for cutie, coldplay, the get up kids, saves the day, jack johnson, brand new, the beatles, camera obscura, dashboard confessional, the smiths, nada surf, fall out boy, bloc party, jimmy eat world, matchbox twenty, alanis morissette, weezer, jay-z, the faint
dr. dre, armin van buuren, t.i., 2pac, eminem, ti?sto, scooter, jay-z, immortal technique, timbaland, mos def, kanye west, flo rida
belle and sebastian, the cure, morrissey, joanna newsom, elliott smith, amy winehouse, beck, joni mitchell, the killers, the jesus and mary chain, pixies, bob dylan, the beatles, kate bush, depeche mode, the smiths, echo & the bunnymen, mgmt, my bloody valentine, david bowie, rufus wainwright, jeff buckley, simon & garfunkel, new order, nick drake, sonic youth, the doors, air, leonard cohen, pulp, radiohead, siouxsie and the banshees, t. rex, the velvet underground, blur, tori amos
porcupine tree, coldplay, live, anathema, u2, james blunt, cocorosie, blackfield, morcheeba, manu chao, marilyn manson, antony and the johnsons, scorpions, creedence clearwater revival, calexico, dredg, dead can dance, timbaland, eddie vedder, bob marley, pain of salvation, jason mraz, kiss, ladytron, dido, the libertines, justin timberlake, kent, pink martini
the smashing pumpkins, anathema, porcupine tree, sentenced, pink floyd, volbeat, radiohead, in flames, iggy pop, alice in chains, norah jones, a perfect circle, trivium, depeche mode, queens of the stone age
red hot chili peppers, black label society, johnny cash, pearl jam, pink floyd, chris cornell, ac/dc, ozzy osbourne, radiohead, dinosaur jr., a perfect circle, system of a down, elliott smith, soundgarden, the smashing pumpkins, nick cave and the bad seeds, creed, janis joplin, foo fighters, muse, katatonia, type o negative, alice in chains, john frusciante, silverchair, tool, audioslave, scorpions
the who, jimi hendrix, kiss, santana, john lennon, michael jackson, rainbow, cream, mot?rhead, the byrds, the zombies, rammstein, scorpions, black sabbath, the kinks, the doors
me first and the gimme gimmes, avantasia, creedence clearwater revival, jefferson airplane, finntroll, slayer, rammstein, journey, yann tiersen, madness, bloodbath, kreator, johann sebastian bach, alice cooper, therion, misfits, dire straits, turisas, rainbow, édith piaf
beirut, sufjan stevens, sigur rós, cut copy, death cab for cutie, final fantasy, radiohead, the radio dept., the flaming lips, jens lekman, bright eyes, belle and sebastian, porcupine tree, explosions in the sky, junior boys, daft punk, queens of the stone age, arcade fire, bj?rk, iron & wine, coldplay, andrew bird, bloc party, digitalism, feist, stars, god is an astronaut, the knife, broken social scene, the album leaf, the go! team
belle and sebastian, the national, david bowie, elvis costello, bruce springsteen, radiohead, judas priest, the fall, pulp, they might be giants, sonic youth, the smiths, r.e.m., talking heads, aphex twin, neil young, modest mouse, tom waits, lou reed, deus, guided by voices, manic street preachers, pavement, the beatles, peter gabriel, elvis presley
ramones, johnny cash, metallica, pid?ama porno, mot?rhead, manu chao, ac/dc, damian marley, lynyrd skynyrd, combichrist
cypress hill, the beatles, tom waits, peter gabriel, miles davis, tiamat, the doors, eagles of death metal, the prodigy, metallica, leonard cohen, bob dylan, the white stripes, clint mansell, frank sinatra, the rolling stones, 311, faith no more, radiohead, nine inch nails, primus, paradise lost, rob zombie, depeche mode, bj?rk, the fratellis, the offspring, django reinhardt, david bowie, moonspell, iron maiden, incubus, lostprophets, the smashing pumpkins, kult, red hot chili peppers, elvis presley, r.e.m., rage against the machine
rammstein, red hot chili peppers, nickelback, frank sinatra, queen, cat stevens, elvis presley
minus the bear, cursive, death cab for cutie, death from above 1979, stars, broken social scene, modest mouse, the black dahlia murder, animal collective, sufjan stevens, bloc party, ratatat
limp bizkit, the jimi hendrix experience, audioslave, buena vista social club
michael jackson, michael bublé, akon, bee gees, enya, a-ha, queen, black eyed peas, tom petty and the heartbreakers, enigma, enrique iglesias, pet shop boys, phil collins, paul mccartney, katie melua, lady gaga, britney spears, eagles
katie melua, jamiroquai, tenacious d, dethklok, dire straits, tom waits, janis joplin, jimi hendrix, marvin gaye, james brown, cream, hammerfall, eric clapton, ray charles, flight of the conchords, norah jones
the gathering, epica, kamelot, breaking benjamin, after forever, lacuna coil, sirenia, t.a.t.u., staind, flyleaf
hypocrisy, dragonforce, dream theater, megadeth, amon amarth, moonspell, abba
john lennon, buzzcocks, eric clapton, simon & garfunkel, otis redding, the beach boys, ac/dc, paul mccartney, elvis presley, abba
she wants revenge, my bloody valentine, the streets, black sabbath, blur, the beach boys, pulp, isis, the cure, the white stripes, cake, manu chao, metallica, cansei de ser sexy, primal scream
pixies, pavement, the kinks, the beatles, of montreal, stereolab, frédéric chopin, the velvet underground, billie holiday, a tribe called quest, django reinhardt, the strokes, nirvana, bad brains, the beach boys, the white stripes, the clash, dinosaur jr., johnny cash, the go! team
the strokes, arctic monkeys, blink-182, the fratellis, the libertines, the beatles, the wombats, vampire weekend, the hives, mando diao, max?mo park, relient k, band of horses, the kooks
nick cave and the bad seeds, bonnie prince billy, the cure, brian eno, max richter, bj?rk, bob dylan, boards of canada, slowdive, aphex twin, nirvana, tom waits, leonard cohen, iggy pop
avenged sevenfold, atreyu, paramore, 30 seconds to mars, bullet for my valentine, escape the fate, slipknot, linkin park, papa roach, 3 doors down, alesana, avril lavigne, bush, finch, 44, thrice, a day to remember, adema, evanescence, panic at the disco, silverstein, alter bridge, my chemical romance, nickelback, sum 41, bring me the horizon, alexisonfire, fall out boy, chiodos, cradle of filth, muse, funeral for a friend, as i lay dying, incubus, three days grace, the used, yeah yeah yeahs, from first to last, enter shikari, good charlotte, saosin, stone sour, garbage
interpol, mgmt, foals, late of the pier, mando diao, arcade fire, the kooks, bloc party, tv on the radio, muse, the radio dept., the whitest boy alive, editors, the cure, shout out louds
akira yamaoka, queen
n*e*r*d, timbaland, jay-z, kanye west, michael jackson, james morrison, common, amy winehouse, adele, sia, janet jackson, nelly furtado, mark ronson, nas, gym class heroes, razorlight, justin timberlake, joss stone, duffy, lupe fiasco, corinne bailey rae, madonna, the ting tings, santogold, john legend, talib kweli, mika, alicia keys, snoop dogg
cansei de ser sexy, mgmt, queen, the sounds, the ting tings, metro station, lily allen, kings of leon, the fratellis, the beatles, rihanna, katy perry, cascada, crystal castles, the killers, arcade fire, girls aloud, pink, snow patrol, kaiser chiefs, coldplay, lady gaga, kate nash, sigur rós, u2, the verve, michael jackson, oasis, moby, bloc party, madonna, keane, sugababes, black eyed peas, britney spears, kylie minogue, arctic monkeys, the kooks, elton john, fatboy slim, hot chip, justin timberlake, robbie williams
venetian snares, bob marley, shpongle, damian marley, gentleman, sean paul, the roots, bob marley & the wailers, the prodigy, red hot chili peppers
pavement, beirut, animal collective, elliott smith, grizzly bear, vampire weekend, spoon, tv on the radio, a tribe called quest, the shins, bon iver, beck, the national, the cure, modest mouse, iron & wine, the smiths, cat power, joy division, built to spill, bright eyes, arcade fire, pinback, the beatles, sufjan stevens, battles, wolfgang amadeus mozart, lcd soundsystem, death cab for cutie, late of the pier, yo la tengo, rjd2, deerhunter, neutral milk hotel, hercules and love affair
gang starr, cake, rjd2, asian dub foundation, gentleman, damian marley, jurassic 5, jedi mind tricks, kings of convenience, manu chao, atmosphere, outkast
bonnie prince billy, radiohead, the shins, goldfrapp, sufjan stevens, n*e*r*d, devendra banhart, elliott smith, josé gonzález, the whitest boy alive, feist, aimee mann, aphex twin, hot chip, richard cheese, antony and the johnsons, underworld, beck, cocorosie, blonde redhead, iron & wine
sting, the beatles, sarah mclachlan, ella fitzgerald, queen, billy joel, stevie wonder, u2, death cab for cutie, the corrs, alanis morissette, enya, bob dylan, the police, rilo kiley, tom waits, dave matthews band, ryan adams, the who, cake, the cranberries, johnny cash, nina simone, fiona apple, m. ward, sheryl crow, ramones
pj harvey, alice in chains, die ?rzte, beatsteaks, oomph!, rob zombie, dethklok, deep purple, blur
rjd2, groove armada, daft punk, r?yksopp, fatboy slim, thievery corporation, the prodigy, massive attack, basement jaxx, booka shade, jack johnson, david guetta, mylo, goldfinger, morcheeba, pendulum, moby, goldfrapp, peaches, digitalism, [unknown], gorillaz
daft punk, rammstein, scooter, david guetta, the chemical brothers, cascada, benny benassi, timbaland
eels, muse, the smashing pumpkins, elbow, bj?rk, the knife, mogwai, portishead, jack johnson, sigur rós, red hot chili peppers, massive attack, devendra banhart, coldplay, dj shadow, kings of convenience, diana krall, jamiroquai, joni mitchell, prefuse 73, ryan adams, dj krush, boards of canada, feist, thom yorke, moby, george michael, autechre, the postal service, de-phazz, bob marley, air, queen, tori amos, dire straits, rage against the machine, gotan project, tenacious d, the beach boys
toto, herbie hancock
deep purple, kate bush, isis, the sounds, iron maiden, moloko, burzum, ennio morricone, the hellacopters, megadeth, symphony x, dire straits
sigur rós, ben folds, jimmy eat world, the album leaf, feeder, the clash, kings of leon, alkaline trio, thin lizzy, less than jake, coldplay, nofx, blink-182, reel big fish, sugarcult, billy talent, arctic monkeys, ben folds five, sum 41, bullet for my valentine, rancid, green day, system of a down, lostprophets, bloc party, avenged sevenfold, biffy clyro, funeral for a friend, linkin park, snow patrol, the smashing pumpkins, muse, dashboard confessional, damien rice, led zeppelin, stereophonics
audioslave, u2, muse, led zeppelin, soundgarden, foo fighters, blur, aerosmith, weezer, bush, thin lizzy, green day, alice cooper, scorpions, deep purple, primus, no doubt, the beatles, def leppard
the smiths, the smashing pumpkins, muse, bj?rk, david bowie, the beatles, in flames, morrissey, neutral milk hotel, james blunt, alkaline trio, the cure, john williams, the cranberries, my chemical romance, antony and the johnsons, radiohead, coldplay, the used, john lennon, beirut, cobra starship, pink floyd, the white stripes, green day, r.e.m., echo & the bunnymen, opeth, arctic monkeys
iron & wine, sufjan stevens, regina spektor, joni mitchell, the beatles, duffy, nick drake, bob dylan, al green, stevie wonder, the beach boys, eric clapton, gotan project, otis redding, manu chao, eels, scissor sisters, miles davis, bob marley, fleet foxes
metallica, iron maiden, ska-p, rise against, nightwish, led zeppelin
rancid, pennywise, rise against, bad religion, comeback kid, hatebreed, the black keys, ramones, deftones, 311, streetlight manifesto, beastie boys, killswitch engage, the beatles, refused, eagles of death metal, atreyu
norther, system of a down, roxette, red hot chili peppers, dire straits, ac/dc, serj tankian, dragonforce, iron maiden, metallica
nelly, nas, outkast
alkaline trio, the offspring, 3 doors down, sum 41, rammstein, b?hse onkelz, subway to sally, fall out boy, slipknot, incubus, dashboard confessional, jack johnson, avenged sevenfold, blink-182, plain white ts, breaking benjamin, billy talent, peter fox, paramore, sugarcult, clueso, lostprophets, metallica, ac/dc, in extremo, kanye west, afi, finch, boys like girls, matchbox twenty, nightwish, die ?rzte, basshunter, benny benassi
the beatles, the doors, genesis, led zeppelin, king crimson, supertramp, radiohead, jefferson airplane, oasis, the rolling stones, deep purple, janis joplin, u2, jethro tull, ray charles, bob dylan, the white stripes, jimi hendrix, the who, herbie hancock, tom waits
the beatles, the smashing pumpkins, gwen stefani, oasis, the killers, los hermanos, fatboy slim, no doubt, jack johnson, red hot chili peppers, franz ferdinand, the white stripes, arctic monkeys, the strokes, the hellacopters, kings of leon, placebo, system of a down, chico buarque, radiohead, architecture in helsinki, belle and sebastian, jet, blink-182, the postal service, creedence clearwater revival, david bowie, foo fighters, lily allen, cansei de ser sexy, sublime, justin timberlake, imogen heap, mgmt, the libertines, black rebel motorcycle club, p.o.d., snow patrol, the vines, queens of the stone age, slipknot
p.o.d., alexisonfire, missy elliott, akira yamaoka, josé gonzález, daft punk, rihanna, phil collins, fort minor, justin timberlake, orbital, timbaland, deftones, sugababes, seal, papa roach, sting, 30 seconds to mars, sean paul, panic at the disco, the veronicas, evanescence, linkin park
infected mushroom, daft punk, mindless self indulgence, depeche mode, kraftwerk, regina spektor, vnv nation, sonata arctica, system of a down, r?yksopp
judas priest, at the drive-in, the doors, the crystal method, oasis, black sabbath, air, rage against the machine, massive attack, morcheeba, ac/dc, gang starr, alice in chains, audioslave, norah jones, madvillain, snoop dogg, pink floyd, koЯn, rush, fiona apple, stone temple pilots, nine inch nails, pantera, slayer, justin timberlake, the chemical brothers
alanis morissette, santana, linkin park, radiohead, amy winehouse, evanescence
bob dylan, grateful dead, johnny cash, tom waits, the jimi hendrix experience, janis joplin, bob marley & the wailers, the kinks, david bowie, louis armstrong, the rolling stones, elvis presley, pink floyd, cream, frank zappa, the beatles, otis redding, van morrison, creedence clearwater revival, the who, wolfgang amadeus mozart, johann sebastian bach, eric clapton, the doors, leonard cohen, miles davis, john coltrane, nina simone, édith piaf, the velvet underground, pearl jam, beastie boys, ella fitzgerald
joy division, belle and sebastian, philip glass, frank zappa, the new pornographers, pj harvey, the fall, ennio morricone, bob dylan, david bowie, captain beefheart & his magic band, tom waits, pavement, stereolab, mot?rhead, neutral milk hotel, broken social scene, misfits, ramones, grateful dead, the blood brothers, chet baker, sufjan stevens, andrew bird
death cab for cutie, snow patrol, onerepublic, britney spears, dashboard confessional, sufjan stevens, imogen heap, anberlin, cobra starship, evanescence, jimmy eat world, paramore, tegan and sara, brand new, rilo kiley, lady gaga, frou frou, fall out boy, avril lavigne, all time low, lifehouse, kelly clarkson, the ting tings, the dresden dolls, skillet, the hush sound, backstreet boys, maroon 5, damien rice, taking back sunday, the postal service, flyleaf, sugarcult, 3 doors down, the academy is..., rihanna, kate nash
madonna, jamiroquai, led zeppelin, james brown, frank sinatra, pink floyd, manu chao, santana, sting
avril lavigne, james blunt, jennifer lopez, rihanna, hilary duff, the corrs, dido, kelly clarkson, shakira, the cranberries, céline dion, good charlotte, kylie minogue, enrique iglesias, linkin park, alicia keys, christina aguilera, the pussycat dolls, ashlee simpson, beyoncé, leona lewis, sheryl crow, nelly furtado, maroon 5, katy perry, mariah carey, pink
metallica, megadeth, rammstein, system of a down, black label society, epica, nightwish, the gathering, symphony x, opeth, lacuna coil, scorpions, guano apes, alice in chains, type o negative, within temptation, die ?rzte, disturbed, sirenia, tool, ozzy osbourne, creed, trivium, bush, arch enemy
snow patrol, muse, hot hot heat, blink-182, editors, new found glory, taking back sunday, nada surf, the hush sound
beck, eels, cake, modest mouse, kasabian, radiohead, blur, supergrass, the flaming lips, the dandy warhols, sonic youth, the smashing pumpkins, pavement, andrew bird, the arcade fire, they might be giants, gorillaz, clap your hands say yeah, badly drawn boy, elliott smith, spoon, built to spill, rufus wainwright, tv on the radio, kaiser chiefs
seal, a-ha, depeche mode, bon jovi, david bowie, [unknown], michael jackson
erykah badu, kanye west, mary j. blige, fergie, bob marley, gym class heroes, craig david, justin timberlake, hellogoodbye, ne-yo, hercules and love affair, mika, outkast, the ting tings, usher, daft punk, the fray, colbie caillat, lily allen
manu chao, god is an astronaut, ska-p, 65daysofstatic, deftones, placebo, tool, explosions in the sky, coldplay, mew, clint mansell, breaking benjamin, pulp, nickelback, sigur rós, depeche mode, hoobastank, ill ni?o, radiohead, pink floyd, mindless self indulgence, three days grace, antonio vivaldi, isis, panic at the disco, a perfect circle, damien rice, dead can dance, 30 seconds to mars, queen, the mars volta, mogwai, nirvana, godspeed you! black emperor, arctic monkeys
bring me the horizon, the used, bright eyes, metro station, my chemical romance, blink-182, from first to last, slipknot, the cure, chiodos, taking back sunday, bloc party, enter shikari, motion city soundtrack, cradle of filth, fall out boy, funeral for a friend, marilyn manson, parkway drive, the academy is..., alesana, hellogoodbye, afi, kimya dawson, red.jumpsuit.apparatus, placebo, all time low, cute is what we aim for, boys like girls, paramore, alexisonfire, cobra starship, death cab for cutie
joy division, rob zombie, dead kennedys, rage against the machine, the bouncing souls, the flashbulb, sublime, pennywise, the offspring, r.e.m., the album leaf, the specials, coldplay, editors, 65daysofstatic, massive attack, the clash, muse, the distillers, godspeed you! black emperor, madness
rammstein, dethklok, therion, behemoth, lacrimosa, john williams, the 69 eyes, the birthday massacre, amon amarth, deathstars, combichrist, him, samael, nightwish
the album leaf, beck, devendra banhart, tom waits, boards of canada, kings of convenience, eric clapton, john mayer, sufjan stevens, iron & wine, stevie wonder, radiohead, aphex twin, neil young, four tet, u2, jack johnson, josé gonzález, steely dan
belle and sebastian, ani difranco, sufjan stevens, aretha franklin, janis joplin, razorlight, architecture in helsinki, blonde redhead, kate nash, jefferson airplane, elliott smith, aimee mann, bj?rk, feist, the beatles, of montreal, the cranberries
placebo, incubus, queens of the stone age, system of a down, die ?rzte, burial, boards of canada, tool, tosca, klaxons, nine inch nails, the killers, muse, air, sneaker pimps, serj tankian, johnny cash, bloodhound gang, the offspring, bloc party, tori amos, the smashing pumpkins, the dresden dolls, calexico, turbonegro, in flames, the strokes, venetian snares, the kills, moby, nick cave and the bad seeds, deftones
kent, linkin park, rise against, mindless self indulgence, evanescence, combichrist, underoath, gorillaz, coldplay, children of bodom, eminem, mgmt, daft punk, anna ternheim, basshunter, bullet for my valentine, saosin, infected mushroom, massive attack, [unknown], disturbed, benny benassi, metric, the crystal method, mew, moby, the knife, gnarls barkley, justice, paramore
rage against the machine, beatsteaks, asian dub foundation, billy talent, audioslave, in extremo, sum 41, the beatles, seeed, linkin park, metallica, papa roach, bush, bad religion, eric clapton, aerosmith, flogging molly, manu chao, maria mena, morcheeba, moby, ska-p, the offspring, red hot chili peppers, staind
the beatles, kate bush, aphex twin, pet shop boys, pink floyd, strapping young lad, katatonia, kent, keane, converge, depeche mode, air, type o negative, new order, isis, coldplay, klaxons, massive attack, the presets, goldfrapp, placebo, the dillinger escape plan, fear factory, moby, the cardigans, pantera, napalm death, down, the future sound of london, the prodigy, kylie minogue, david bowie, nine inch nails, underworld, mew
camel, genesis, faith no more, led zeppelin, kyuss, lou reed, pink floyd, porcupine tree, fleetwood mac, metallica, slayer, iggy pop, pj harvey, black sabbath, pearl jam, system of a down, the cure, peter gabriel, meshuggah, the smashing pumpkins, kate bush, soundgarden, the beatles, radiohead, rammstein, steely dan, toto, isis, depeche mode, jethro tull, type o negative, the doors, tortoise, yann tiersen, air
against me!, god is an astronaut, rise against, the get up kids, descendents, thrice, mogwai
the beatles, sigur rós, apocalyptica, nickelback, mew, green day, flogging molly, scorpions, van halen, dire straits, bon jovi, aerosmith, staind, belle and sebastian, switchfoot, shiny toy guns, the who, hans zimmer, linkin park, the doors, simon & garfunkel, matchbox twenty, the killers, my chemical romance
hammerfall, amon amarth, die toten hosen, bloodhound gang, die ?rzte, scooter, bon jovi, michael jackson, r.e.m., linkin park, rammstein, ac/dc
bob dylan, red hot chili peppers, kreator, scorpions, iced earth, johann sebastian bach, creedence clearwater revival, marillion, megadeth, rush, nirvana, jethro tull, ac/dc, king crimson, pantera, epica, the doors, deep purple, rainbow, nightwish, joe satriani, howard shore, the smashing pumpkins, symphony x
delerium, atb, above & beyond, armin van buuren, massive attack, moby, katy perry, chicane
ti?sto, armin van buuren, aphex twin, paul van dyk, the crystal method
[venetian snares]
boards of canada, pink floyd, brian eno, aphex twin, massive attack, the future sound of london, bob dylan, bonobo, radiohead, the beatles, peter gabriel, justice, m.i.a., the police, the chemical brothers, the dandy warhols, squarepusher, moby, trentem?ller, fleet foxes, talking heads, kraftwerk, bj?rk, new order, dj shadow
mogwai, soundtrack, radiohead, coldplay, travis, bush, pink floyd, god is an astronaut, yann tiersen, clint mansell, loreena mckennitt, enigma, john legend, weezer, morrissey, blonde redhead
devendra banhart, the velvet underground, bob marley, the libertines, the beatles, jimi hendrix, the strokes, gorillaz, beirut, james brown, t. rex, kings of leon, the specials, the white stripes, mr. scruff, paul simon, bob dylan, the doors, jurassic 5, fatboy slim, manu chao, nouvelle vague, bonobo, the clash, ray charles, the kinks, led zeppelin, pixies, otis redding, blur, cocorosie, sublime, red hot chili peppers, neil young
kt tunstall, a-ha, mike oldfield, howard shore, kylie minogue, pink floyd, genesis, the beatles, enya, robbie williams, alanis morissette, abba, shakira
moby, pearl jam, radiohead, pink floyd, system of a down, aerosmith, velvet revolver, muse, queen, arch enemy, metallica
finntroll, kreator, testament, behemoth, van halen, stratovarius, scorpions, linkin park, cradle of filth, rammstein, dimmu borgir, gamma ray, mot?rhead, three days grace
ac/dc, metallica, u2, the who, foo fighters, minor threat, the clash, the beatles, bob dylan, black sabbath
minus the bear, the mountain goats, radiohead, spoon, okkervil river, modest mouse, the national, explosions in the sky, wilco, cursive, death cab for cutie, the black dahlia murder, grizzly bear, the new pornographers, the black keys, brand new, the decemberists, neil young, saves the day, iron & wine, ryan adams, mogwai, the velvet underground, bonnie prince billy, sufjan stevens, the kinks, josé gonzález, mastodon, the weakerthans
bob marley, hans zimmer, dethklok, thievery corporation, maroon 5, zero 7, enigma, daft punk, mylo, bob marley & the wailers, van halen, elvis presley, coldplay, creedence clearwater revival, frank sinatra, dropkick murphys, the beatles, ramones, u2, flogging molly, queen, paul oakenfold, michael jackson, ella fitzgerald, depeche mode, red hot chili peppers, guns n roses, jamiroquai, infected mushroom, ti?sto, garbage, amy winehouse, stone temple pilots
fatboy slim, bob marley & the wailers, dj krush, jazzanova, j dilla, a tribe called quest, black eyed peas, aretha franklin, dj shadow, kanye west
arctic monkeys, max?mo park, the pigeon detectives, the fratellis, paolo nutini, late of the pier, red hot chili peppers, razorlight, the vines, klaxons, the libertines
akon, a day to remember, alkaline trio, eminem, parkway drive, alesana
serge gainsbourg, radiohead, bloc party, the knife, cocteau twins, vangelis, unkle, dj krush, darkthrone, editors, dead can dance, sonic youth, crystal castles, m83, pixies, gorillaz, j dilla, mogwai, beirut, air, carla bruni, aphex twin, mono, madvillain, tv on the radio
linkin park, good charlotte, the rasmus, billy talent, james morrison, fall out boy, maroon 5, disturbed, justin timberlake, eric clapton, my chemical romance, lifehouse, backstreet boys, the killers, green day, the fray, lady gaga, 3 doors down, phil collins, counting crows, billy joel, michael jackson, koЯn, 30 seconds to mars, panic at the disco, bon jovi, goo goo dolls, mika, deichkind, red hot chili peppers, timbaland, toto, foo fighters
nickelback, linkin park, bon jovi, eddie vedder, foo fighters, the offspring, maroon 5, eric clapton, blink-182, deep purple, fort minor, eminem, nightwish, queen, guns n roses, 3 doors down, coldplay, abba, robbie williams, marvin gaye, breaking benjamin, depeche mode, enrique iglesias, no doubt, aerosmith, backstreet boys, sum 41
morrissey, depeche mode, tori amos, feist, rufus wainwright, george michael, bj?rk, imogen heap, moby, abba, lady gaga, leonard cohen
eels, the doors, the rolling stones, pj harvey, tom waits, david bowie, depeche mode, joy division, billie holiday, bob dylan, the velvet underground, the cardigans, lou reed, moloko, new order, modest mouse, metric, amy winehouse, nouvelle vague, ladytron, alice in chains, cat power, devendra banhart, beirut, arctic monkeys, supergrass, led zeppelin, jimi hendrix, frank zappa, blur, beck, bloc party, pearl jam, air
ben harper, goo goo dolls, jack johnson, pearl jam, alice in chains, iron maiden, beatsteaks, the white stripes, nirvana, soundgarden, foo fighters, silverchair, the all-american rejects, 3 doors down, bush, live, dio, stone temple pilots, rammstein, chris cornell, shakira, senses fail, depeche mode, black sabbath, blink-182, red.jumpsuit.apparatus, boys like girls, fall out boy, yellowcard
morrissey, enya, the smashing pumpkins, brian eno, steely dan, grateful dead, marillion, gotan project, evanescence, elvis costello, depeche mode, bj?rk, supertramp, bruce springsteen, peter gabriel, pink floyd, johnny cash, the who, jimi hendrix, ella fitzgerald, miles davis, radiohead, bob dylan, david bowie, the kinks, tom waits, iron maiden, outkast, frank sinatra, genesis, pet shop boys, the beatles, u2, kate bush, pavement, the rolling stones, frank zappa, melvins, janis joplin, elvis presley, eric clapton, fleetwood mac, alice cooper, queen, the byrds, the clash, beck, cream, captain beefheart & his magic band, de la soul, napalm death, doves, talking heads, led zeppelin, the cure
four tet, placebo, the magnetic fields, the white stripes, beirut, the kooks, high contrast, air, the streets, arcade fire, the killers, the shins, coldplay, aphex twin, modest mouse, kosheen, hot chip, pendulum, snow patrol, nouvelle vague, death cab for cutie, explosions in the sky, peter bjorn and john, the knife, r?yksopp, eels, apparat, ok go, pixies, the smiths, mogwai, inxs, the beatles, amon tobin, elliott smith, gorillaz
the 69 eyes, the cranberries, creed, norther, nine inch nails, from autumn to ashes, pain, sum 41, archive, jefferson airplane, joy division, the velvet underground, thursday
mgmt, girl talk, simian mobile disco, the presets, ratatat, beck, pj harvey, justice, depeche mode, against me!, cut copy, t.i., the herbaliser, stevie wonder, hot chip
pink floyd, iron maiden, the doors, soundgarden, nirvana, stone temple pilots, the rolling stones, radiohead, queens of the stone age, led zeppelin, guns n roses, the chemical brothers, metallica, alice in chains, bon jovi, aerosmith, the smashing pumpkins, chris cornell, red hot chili peppers, the police, coldplay, system of a down, u2, bush, audioslave, green day, kings of leon, incubus, manu chao, foo fighters, eric clapton
[hooverphonic]
placebo, slipknot, rihanna, sneaker pimps, rammstein, radiohead, queen, the beatles, jack johnson, black eyed peas, u2, sublime, t.i.
the 69 eyes, him, misfits, marilyn manson, ramones, dead kennedys, slipknot, iron maiden, mindless self indulgence, sex pistols, rob zombie, led zeppelin, bob marley, opeth, children of bodom, buzzcocks, britney spears, the beatles, bob dylan, devildriver, the cure, skid row, dragonforce, cannibal corpse, jimi hendrix, metallica
gnarls barkley, missy elliott, manu chao, the last shadow puppets, charlie parker, nouvelle vague, jamiroquai, m.i.a., franz ferdinand, the doors, system of a down, robbie williams, madonna, britney spears, miles davis, deep purple, duffy, calexico, the beatles, beirut, kaiser chiefs, amy winehouse, christina aguilera, jimi hendrix, norah jones, mgmt, jazzanova, michael jackson, amy macdonald
my bloody valentine, weezer, the decemberists, nas, the shins, gorillaz, radiohead, fleet foxes, yo la tengo, belle and sebastian, grizzly bear, ladytron, kanye west, the new pornographers, usher, the zombies, creedence clearwater revival, tom waits
john mayer, linkin park, a-ha, stratovarius, dream theater, blind guardian, nightwish, hammerfall, helloween
the prodigy, limp bizkit, disturbed, godsmack, koЯn, gym class heroes, enigma, marilyn manson, dmx, red hot chili peppers, ti?sto, tenacious d, system of a down, eminem, guano apes, manowar, yellowcard, seether, sean paul, pendulum, in flames, cypress hill, dope
bad religion, flogging molly, the bouncing souls, nouvelle vague, nofx, garbage, the cranberries, a perfect circle, the offspring, the fray, the doors, me first and the gimme gimmes, rancid, amy macdonald, audioslave, lily allen, stereophonics
the who, dropkick murphys, tenacious d, howard shore, aerosmith, nirvana, frank zappa, eric clapton, grateful dead, jimi hendrix, red hot chili peppers, john lennon, creedence clearwater revival, blink-182, the jimi hendrix experience, blind guardian, evanescence, metallica, clint mansell, linkin park, the white stripes
enigma, rihanna, enya, britney spears
jimi hendrix, katie melua, james blunt, death cab for cutie, rage against the machine, marilyn manson, jefferson airplane, john coltrane, andrew lloyd webber, scorpions, soundgarden, r.e.m., danny elfman, john lennon, josé gonzález, vangelis, stone temple pilots
nick cave and the bad seeds, cocorosie, pj harvey, air, nine inch nails, tom waits, massive attack, the dresden dolls, sigur rós, bj?rk, the hives, emilie simon, philip glass, the white stripes, antony and the johnsons, einstürzende neubauten, beck, porcupine tree, ray charles, depeche mode, regina spektor, the smashing pumpkins, unkle, portishead, gorillaz, the cinematic orchestra, de la soul, manu chao, moloko, jazzanova
rob zombie, marilyn manson, creedence clearwater revival, rammstein, electric six, infected mushroom, the chemical brothers, soulfly, fatboy slim, chris cornell, audioslave, breaking benjamin, daft punk, a perfect circle, pantera, groove armada, tosca, mgmt, hooverphonic, the mars volta, deftones, 3 doors down, fear factory, r?yksopp, the prodigy, pink floyd, moloko, the crystal method, disturbed, porcupine tree, morcheeba, franz ferdinand, pendulum, air
helloween, mike oldfield, foo fighters, stratovarius, kreator, linkin park
johnny cash, norah jones, bruce springsteen, dropkick murphys, the clash, rush, radiohead, otis redding
shpongle, lamb
led zeppelin, green day, red hot chili peppers, system of a down, the white stripes, aerosmith, pink floyd, sublime, grateful dead, tom petty and the heartbreakers, jethro tull, radiohead, nirvana, cat stevens, creedence clearwater revival, queen, the who, van morrison, coldplay, modest mouse, paul simon, dire straits, billy joel, guns n roses, the doors, the rolling stones, soundgarden, paul mccartney, janis joplin, jimi hendrix, joni mitchell, the offspring, stone temple pilots
bloc party, britney spears, m.i.a., radiohead, foo fighters, linkin park, santogold, girls aloud, leona lewis, bat for lashes, timbaland, muse, max?mo park, kt tunstall, amy macdonald, fergie, moby, mariah carey, bon iver, franz ferdinand, enter shikari, duffy, sugababes, pink, coldplay, garbage, portishead, adele, amy winehouse, gorillaz, nelly furtado, queens of the stone age, the ting tings, late of the pier, evanescence, lady gaga, blink-182, stereophonics, dizzee rascal, kings of leon, rihanna, jem, hard-fi
deerhoof, emilíana torrini, melvins, fugazi, pixies, mr. scruff, manu chao, mf doom, madvillain, bonobo, beck, beastie boys, led zeppelin, dj shadow, the cinematic orchestra, jurassic 5, the books, tom waits, pavement, primus, cake, feist, tv on the radio, roots manuva, daft punk, dead kennedys
elliott smith, the smashing pumpkins, shout out louds, pixies, interpol, kings of leon, the shins, bon iver, tool, built to spill, the kooks, beastie boys, the dandy warhols, mogwai, muse, queens of the stone age, bloc party, circa survive, bright eyes, death cab for cutie, deftones, flight of the conchords, hard-fi
tom waits, melvins, nick drake, maria mena, king crimson, isis, opeth
oomph!, rammstein, pain, amon amarth, 30 seconds to mars, apoptygma berzerk, depeche mode, afi, lacrimosa, system of a down, schandmaul, die toten hosen, die ?rzte, subway to sally, my chemical romance, placebo, godsmack, kasabian, arch enemy
ladytron, the velvet underground, the doors, jimi hendrix, radiohead, kings of leon, muse, animal collective, arcade fire, bob dylan, the strokes, david bowie, manu chao, the killers, crystal castles, jefferson airplane, beirut, the raveonettes, franz ferdinand, the byrds, neutral milk hotel, interpol, the flaming lips, editors, janis joplin, iggy pop, buzzcocks, pixies, the kinks, mgmt, nine inch nails, the smiths
[dropkick murphys]
rise against, comeback kid, alkaline trio, billy talent, gym class heroes, goldfinger, blink-182, anti-flag, dropkick murphys, flogging molly, misfits, gogol bordello, ignite, soundtrack
[unknown], britney spears
kings of convenience, beirut, david bowie, arcade fire, feist, aphex twin, múm, the strokes, pet shop boys, belle and sebastian, the knife, digitalism, yann tiersen, boards of canada, the velvet underground, animal collective, m83, final fantasy, cat power, broken social scene, andrew bird, joanna newsom, antony and the johnsons, norah jones, sonic youth, stereolab, yeah yeah yeahs, anna ternheim, the doors
orbital, strapping young lad, cradle of filth, infected mushroom, metallica, pink floyd, dream theater, toto, the prodigy, kosheen, a-ha, duran duran, sufjan stevens, system of a down, foo fighters, skinny puppy, sepultura, dire straits, genesis, the gathering, the cure, john williams, delerium, peter gabriel
chet baker, sufjan stevens, radiohead, beirut, death cab for cutie, damien rice, andrew bird, air, counting crows, koop, belle and sebastian, kings of convenience, iron & wine, josé gonzález, norah jones, dave matthews band, elliott smith, ben folds, r.e.m., deus, mika, sigur rós, interpol, coldplay, snow patrol, the cure, the killers, tori amos, manu chao, the smashing pumpkins
arctic monkeys, rise against, bright eyes, beatsteaks, the subways, death cab for cutie, die ?rzte, plain white ts, my chemical romance, mando diao, clueso, nirvana, the hives, billy talent, 30 seconds to mars, koЯn, sum 41, silverstein, franz ferdinand, the vines, the fratellis, james blunt, the kooks, blink-182, bloc party, paramore, green day, incubus, linkin park, panic at the disco, kaiser chiefs, 3 doors down, eagles, simple plan, foo fighters, the all-american rejects, boys like girls, the white stripes, yeah yeah yeahs, jet, guano apes, rage against the machine
télépopmusik, antony and the johnsons, parov stelar, dj krush, r?yksopp
riverside, 65daysofstatic, beastie boys, kate bush, radiohead, soundtrack, dead can dance, lenny kravitz, the fall of troy, iced earth, tricky, sia, miles davis, the strokes, deus
o.s.t.r., wu-tang clan, system of a down, gang starr, mobb deep, dizzee rascal, snoop dogg, ice cube, nas, cypress hill, beastie boys, fatboy slim, rage against the machine, 2pac, p.o.d., jurassic 5, notorious b.i.g., dr. dre, damian marley, kanye west
deep purple, alice cooper, metallica, volbeat, story of the year, thin lizzy, blink-182, the offspring
subway to sally, red hot chili peppers, richard cheese, elvis presley, the offspring, volbeat, dropkick murphys, billy talent, green day, system of a down, children of bodom, millencolin, blink-182, die ?rzte, incubus, bob marley, b?hse onkelz, schandmaul, eric clapton, dave matthews band
tortoise, prefuse 73, ...and you will know us by the trail of dead, josé gonzález, four tet, broken social scene, the books, death cab for cutie
pink floyd, the beatles, antonio vivaldi, madonna, adele, mika, chico buarque, joni mitchell, norah jones, rufus wainwright, the doors, elvis presley, alanis morissette, wolfgang amadeus mozart, carla bruni, portishead, david bowie, nick drake, janis joplin, amy winehouse, the cranberries, abba, red hot chili peppers, bj?rk
squarepusher, deerhoof, boards of canada, bright eyes, plaid, johann sebastian bach, the beatles, lcd soundsystem, radiohead, peter bjorn and john, m.i.a., arctic monkeys, amon tobin, thom yorke, kanye west, roots manuva, the chemical brothers, aphex twin, autechre, four tet, bob dylan, beck, sufjan stevens, portishead, dj krush, the whitest boy alive, beastie boys, hercules and love affair, bob marley & the wailers
beck, silverchair, modest mouse, ben folds, incubus, fugazi, pj harvey, interpol, black rebel motorcycle club, muse, queens of the stone age, the arcade fire, sonic youth, bright eyes, andrew bird, the strokes, circa survive, damien rice, the kooks, ben folds five, thom yorke
joni mitchell, the cinematic orchestra, beck, steely dan, aimee mann, the beach boys, herbie hancock, caetano veloso, the doors, david bowie, elliott smith, miles davis, jack johnson
the beatles, broken social scene, cocorosie, yeah yeah yeahs, yann tiersen, sigur rós, múm, the doors, cat power, thievery corporation, beirut, damien rice, regina spektor, feist, r?yksopp, elliott smith, fiona apple, neutral milk hotel, radiohead, portishead, of montreal, the velvet underground, bj?rk, camera obscura, pj harvey, lcd soundsystem, tokyo police club
john mayer, regina spektor, the cure, colbie caillat, jason mraz, kate nash, michael jackson, kt tunstall, feist, norah jones, franz ferdinand, belle and sebastian, yann tiersen, fiona apple, cat power, radiohead, the beatles, editors, the hives, tom waits, cocorosie, abba, paolo nutini
ignite, rise against, iron maiden, megadeth, misfits, testament, anthrax, metallica, hatebreed, millencolin, ozzy osbourne, slayer, social distortion
david guetta, benny benassi, daft punk, pendulum, placebo, crystal castles, groove coverage, mindless self indulgence
wolfgang amadeus mozart, linkin park, alanis morissette, dire straits
atreyu, blink-182, jimmy eat world, boys like girls, lostprophets, oasis, rise against, angels & airwaves, coldplay, alter bridge, the smashing pumpkins, incubus, sum 41, paramore, avenged sevenfold, aerosmith, the killers, stone sour, alesana, keane, green day, afi, muse, rage against the machine, coheed and cambria, creed, all that remains, hoobastank, my chemical romance, ac/dc, seether, limp bizkit, enter shikari, koЯn
korpiklaani, dire straits, gorillaz, rammstein, manu chao, serj tankian, red hot chili peppers, lamb, black sabbath, slipknot, system of a down, frédéric chopin, franz ferdinand, refused, oomph!, faithless, bloodhound gang, nightwish, kt tunstall, jethro tull, stratovarius
the smashing pumpkins, muse, bloc party, massive attack, radiohead, the cinematic orchestra, morcheeba, hooverphonic, limp bizkit, nirvana, sigur rós, moby, dido, r?yksopp, franz ferdinand, incubus, atb, coldplay, the prodigy, m83, foo fighters, the beatles, the offspring, 65daysofstatic, aphex twin, red hot chili peppers, snow patrol, thievery corporation, tricky, keane, the crystal method, alice in chains, pearl jam, queen, biffy clyro, koЯn, pixies, rage against the machine, stereophonics, placebo, oasis, porcupine tree, a perfect circle, metallica, tool, rammstein, slipknot, pink floyd
metallica, hey, joy division, the clash, soundtrack, kult, nirvana, the doors, jefferson airplane, iggy pop, koop, red hot chili peppers, soundgarden, the cure, tom waits, koЯn, led zeppelin, ac/dc, janis joplin
the beatles, radiohead, muse, the doors, hot chip, massive attack, the clash, manu chao, pink floyd, the smiths, the fratellis, the rolling stones, the who, joy division, einstürzende neubauten, kraftwerk, led zeppelin
nas, gang starr, atmosphere, thievery corporation, wu-tang clan, morcheeba, groove armada, r?yksopp, mos def, robbie williams, regina spektor, cunninlynguists, tricky, norah jones, james brown, lenny kravitz
def leppard, bon jovi, bryan adams, roxette, pet shop boys, robbie williams, r.e.m., soundtrack, scorpions, alice cooper, lifehouse, goo goo dolls, journey, metallica, michael jackson, 2pac, backstreet boys, creedence clearwater revival
mika, the prodigy, robbie williams, hilary duff, amy macdonald, gorillaz, enrique iglesias, pink, duffy, eminem, simple plan, pendulum, kaiser chiefs, avril lavigne
pavement, the velvet underground, the smiths, the pogues, the flaming lips, the beatles, the clash, mew, radiohead, pink floyd, rush, marillion, charlie parker, king crimson, bob dylan, tom waits, david bowie, the who, genesis, pulp, johnny cash, stereolab, neil young, kate bush, the kinks, ayreon
nelly furtado, pink, cascada, timbaland, rihanna, mary j. blige, kelly clarkson, maria mena, groove coverage, beyoncé, alicia keys, christina aguilera, the veronicas, mariah carey, leona lewis, dido
the beatles, red hot chili peppers, jimi hendrix, ben harper, jack johnson, tenacious d, ben folds, pink floyd, the smashing pumpkins, radiohead, the jimi hendrix experience, sublime, pearl jam, foo fighters, ac/dc, the doors, cream, john frusciante, the rolling stones, rage against the machine, counting crows, eagles, led zeppelin, coldplay, eric clapton, audioslave, matisyahu, the police
amy winehouse, christina aguilera, rufus wainwright, final fantasy, koop, john coltrane, scissor sisters, morcheeba, queen, the pipettes, queens of the stone age
[moby]
deftones, limp bizkit, metallica, santana, papa roach, pink floyd, blink-182, radiohead, chris cornell, the beatles, incubus
kings of leon, neutral milk hotel, bon iver, jeff buckley, amy winehouse, johnny cash, leonard cohen, nirvana, led zeppelin, josé gonzález, iron & wine, against me!, coldplay, death cab for cutie, minus the bear, nick drake, afi, at the drive-in, the shins, justice
the books, thom yorke, sigur rós, aphex twin, nine inch nails, beastie boys, the notwist, four tet, jeff buckley, josé gonzález, daft punk, flying lotus, deerhunter, andrew bird, the smashing pumpkins, death cab for cutie, bat for lashes, tortoise, bright eyes, nina simone, my bloody valentine, portishead, talking heads, elliott smith, the cure
iron maiden, 3 doors down, metallica, evanescence, linkin park, enrique iglesias, sum 41, green day, simon & garfunkel, nickelback, led zeppelin, breaking benjamin, red hot chili peppers, papa roach, limp bizkit, audioslave, godsmack, coldplay, slayer, goo goo dolls, u2, creed, incubus, good charlotte, avril lavigne, hoobastank
metallica, stone sour, nightwish, slipknot, koЯn, billy talent, bullet for my valentine, sigur rós, the smashing pumpkins, in flames, sonata arctica, limp bizkit, him, system of a down, coldplay, children of bodom, judas priest, norther, cradle of filth, eminem, rammstein, therion, red hot chili peppers, papa roach, kiss, simple plan, dragonforce, apocalyptica, kanye west, amorphis, soilwork
usher, john legend, jay-z, nas, ludacris, kanye west, 2pac, ne-yo, dmx, outkast, the game, notorious b.i.g., dr. dre, snoop dogg
type o negative, my dying bride
ozzy osbourne, dream theater, metallica, ayreon, black label society, opeth, pearl jam, queen, blackfield, radiohead, katatonia, pink floyd
boys like girls, story of the year, fall out boy, hilary duff, rihanna, muse, avril lavigne, pink, the all-american rejects, red.jumpsuit.apparatus, eminem, linkin park, craig david, goo goo dolls, justin timberlake, evanescence, 3 doors down, madonna, b?hse onkelz, switchfoot, my chemical romance, die ?rzte, silverstein, hoobastank, maroon 5, ne-yo, timbaland, mariah carey, the fray, britney spears, snow patrol, city and colour, sugababes, atb, slayer
iced earth, [unknown], avantasia, iron maiden, metallica, edguy, kiss, rise against, in flames, him, ac/dc, symphony x
jethro tull, stevie wonder, jamiroquai, the beatles, john frusciante, genesis, johnny cash, pink floyd, radiohead, john coltrane, miles davis, dream theater
regina spektor, goldfrapp, the postal service, pearl jam, moloko, the cranberries, kosheen, the smashing pumpkins, dido, stars, grateful dead, creedence clearwater revival, the jimi hendrix experience, blur, the police, tori amos, the doors
radiohead, elbow, elliott smith, beck, andrew bird, the raveonettes, neil young, peter gabriel, r.e.m., camera obscura, paul simon, the flaming lips, aimee mann, sufjan stevens, adele, cake, kt tunstall, ben harper
tom waits, radiohead, flying lotus, nine inch nails, animal collective, deerhunter, santogold, mf doom, madlib, m83, andrew bird, outkast, beirut, broken social scene, morphine, justice, the flaming lips, the roots, fleet foxes, ratatat, miles davis, arcade fire, the beatles, tv on the radio, death cab for cutie, common, sade, elvis costello, the clash, aphex twin, grizzly bear, kanye west, erykah badu, rage against the machine
m. ward, bonnie prince billy, cat power, iron & wine, the mountain goats, flight of the conchords, andrew bird, devendra banhart, my morning jacket
tom waits, regina spektor, yann tiersen, django reinhardt, eels, dave matthews band, the white stripes, bright eyes, nina simone
mogwai, bob dylan, the fall, blonde redhead, led zeppelin, air, deerhoof, m.i.a., aphex twin, iron & wine, dinosaur jr., modest mouse, pinback, belle and sebastian, boards of canada, the blood brothers
justice, mgmt, amy winehouse, moby, faithless, katy perry, rage against the machine, david guetta, metallica, buena vista social club, iggy pop, duffy, fall out boy, mark ronson, daft punk, the subways, bloc party, deichkind, panic at the disco, green day, bob marley & the wailers, jamiroquai, the ting tings
nelly furtado, september, lady gaga, u2, the sounds, scooter, kanye west, robbie williams, kelly clarkson, r.e.m., deichkind, green day, cascada, daft punk, moby, farin urlaub, fort minor, guano apes, peter fox
sufjan stevens, radiohead, the kinks, [unknown], led zeppelin, the who, t. rex, the beatles, the white stripes, tv on the radio, the doors, sublime, pixies, the flaming lips, bright eyes, the national, bloc party, the jimi hendrix experience, cream, ...and you will know us by the trail of dead, the arcade fire, nick drake, pink floyd, interpol, air, badly drawn boy, kings of leon, tori amos, queen, tom waits, jimi hendrix, the pogues, new order, gogol bordello, editors, charlie parker, norah jones
[unknown], kult, beirut, joy division, hey, gogol bordello, leonard cohen, norah jones, madness, gentleman, pink floyd
foo fighters, nine inch nails, alice in chains, a perfect circle, limp bizkit, tool, koЯn, sting, aerosmith, the smashing pumpkins, ac/dc, the verve, garbage, travis, pearl jam, deftones, u2, michael jackson, massive attack, dave matthews band, the cure, alanis morissette, gorillaz, my morning jacket, prince, inxs, armin van buuren, tricky, incubus, oasis, peter gabriel, audioslave, the offspring
dark tranquillity, ensiferum, hypocrisy, opeth, amon amarth, gojira, equilibrium, my dying bride, amorphis, bloodbath
testament, down, machine head, black label society, metallica, placebo, blind guardian, tenacious d, muse, pearl jam, lamb of god, kreator, godsmack, bon jovi, ulver, coldplay, carcass, hatebreed, creed, staind, slayer, pain of salvation, behemoth, opeth, ozzy osbourne, stone sour, riverside
bad religion, misfits, kamelot, system of a down, slayer, rancid, dead kennedys, paradise lost, blind guardian, pennywise, goldfinger, rammstein, soundgarden, anathema, nofx, amorphis, evanescence, megadeth, helloween, nightwish, nirvana, linkin park, faith no more, rage against the machine, the offspring, dropkick murphys, black flag
booka shade, trentem?ller, timbaland, robyn, nelly furtado, justin timberlake, air, apparat, the streets, santogold, rihanna, t.i., radiohead, common, simian mobile disco, 50 cent, moby, jay-z, high contrast, snoop dogg
system of a down, disturbed, heaven shall burn, dope, marilyn manson, slipknot, lamb of god, placebo, anathema, arch enemy, paradise lost, drowning pool, serj tankian, koЯn, guano apes, megadeth, machine head, soulfly, at the gates, the killers, killswitch engage, muse, the haunted, godsmack, soilwork, static-x, red hot chili peppers, deftones, children of bodom, stone sour, pain
john coltrane, pink floyd, philip glass, ludwig van beethoven, the doors, johnny cash, antonio vivaldi, king crimson, frédéric chopin, led zeppelin, the beatles, the cinematic orchestra, chet baker, bob marley & the wailers
kanye west, nas, lil wayne, gnarls barkley, t.i., alicia keys, gym class heroes
boards of canada, amy winehouse, amon tobin, mike oldfield, air, aphex twin, depeche mode, evanescence, new order, gwen stefani, squarepusher, madonna, abba, venetian snares, autechre, plaid, nirvana, the cure
joy division, the jam, the specials, stevie wonder, cat power, the beatles, blur, daft punk, david bowie, vampire weekend, cold war kids, fleet foxes, pet shop boys, feist, madness, bob marley & the wailers, prince, manu chao, michael jackson, the cure
edguy, james blunt, journey, nightwish, avantasia, bon jovi, helloween, within temptation, dream theater, sonata arctica, dragonforce, deathstars, bryan adams, rhapsody of fire, led zeppelin, mika, kamelot, lordi, abba
flyleaf, turbonegro, green day, napalm death
porcupine tree, nightwish, iron maiden, lacrimosa, coldplay, the gathering, billy talent, megadeth, daft punk, ayreon, infected mushroom, regina spektor, muse, depeche mode
radiohead, depeche mode, nirvana, prince, pixies, muse, placebo, sonic youth, sigur rós, led zeppelin, mike oldfield, inxs, u2, ella fitzgerald, serge gainsbourg, massive attack, bj?rk, the kills, emilie simon, the dandy warhols, the smashing pumpkins, cocteau twins, tricky, django reinhardt, rjd2, frank zappa, morrissey, the cure, r.e.m., miles davis, nouvelle vague, pj harvey, the rolling stones, the smiths, the stone roses, david bowie, moby, coldplay, the chemical brothers
roxette, rammstein, the corrs, enya, céline dion, mike oldfield, dead can dance, mariah carey
the smiths, isis, mogwai, godspeed you! black emperor, mono, pixies, sonic youth, my bloody valentine, god is an astronaut, low, boards of canada
the national, the white stripes, gorillaz, iron & wine, the jimi hendrix experience, archive, seeed, nirvana, muse, led zeppelin, snow patrol, cat power, radiohead, jimi hendrix, moby, beastie boys, cypress hill, amy winehouse, the bravery, chris cornell, fatboy slim, kings of leon, the mars volta, ramones, the ting tings, the killers, pink, black rebel motorcycle club, josé gonzález, the clash, apocalyptica, the fray
the album leaf, t.i., blank & jones, david guetta, coldplay, the pussycat dolls, nelly, enrique iglesias, stereophonics, the prodigy, louis armstrong, jamiroquai, john legend, missy elliott, gorillaz, enigma, gym class heroes, 30 seconds to mars, ludacris, sade, rihanna, beyoncé, ne-yo, red hot chili peppers, sum 41, lady gaga, damien rice, chris brown, r?yksopp, craig david, koЯn, timbaland, snoop dogg, télépopmusik
mono, sigur rós, nick drake, blur, jason mraz, kings of convenience, rufus wainwright, mogwai
death cab for cutie, the beach boys, bat for lashes, queen, amy macdonald, beastie boys, flogging molly, hooverphonic, a fine frenzy, u2, genesis, the prodigy, zero 7, eels, scooter, boards of canada, madonna, archive, the crystal method, r.e.m., cypress hill, nelly furtado, peter bjorn and john, rammstein, panic at the disco, massive attack, moby, dj krush, dj shadow, the fratellis
the beatles, something corporate, leonard cohen, christina aguilera, the hush sound, ben folds, muse, kelly clarkson, abba, paul simon, m.i.a., imogen heap, alanis morissette, natasha bedingfield, leona lewis, katy perry, backstreet boys, michael bublé, lily allen, amy winehouse, sublime, john lennon, billy joel, john mayer
aesop rock, jurassic 5, atmosphere, asian dub foundation, roots manuva, cunninlynguists, the roots, the black keys, the herbaliser, n*e*r*d
air, hans zimmer, coldplay, depeche mode, the killers, audioslave, maroon 5, editors, the cure, michael jackson, radiohead, arctic monkeys, muse, blink-182, norah jones, interpol, daft punk, gotan project, foo fighters, the cribs, the beatles, my chemical romance, dido, moby, kasabian, groove armada, u2, enigma, pulp, bloc party, oasis, green day, onerepublic, max?mo park, aerosmith, switchfoot, linkin park, travis, snow patrol
pink floyd, scooter, johnny cash, nightwish, enigma, mike oldfield, duran duran, die toten hosen, dire straits, helloween, abba, enya, bryan adams, seal, deep purple, madonna, the prodigy, u2
deichkind, clueso, green day, die ?rzte, nirvana, the streets, the roots, jay-z, eminem, beatsteaks, fergie
oomph!, vangelis, philip glass, mindless self indulgence, ennio morricone
bob dylan, deep purple, jack johnson
queen, the beatles, dream theater, aerosmith, pink floyd, bob dylan, michael jackson, lynyrd skynyrd, van halen, bon jovi
massive attack, hooverphonic, air, gotan project, jamiroquai, tosca, groove armada, de-phazz, jazzanova, moby, koop, r?yksopp, coldplay, portishead, télépopmusik
minus the bear, lostprophets, in flames, incubus, 30 seconds to mars, katatonia, faith no more, bring me the horizon, a perfect circle, deftones, alexisonfire, killswitch engage, paradise lost, bullet for my valentine, thursday, funeral for a friend, nine inch nails, isis, anathema, burial
eels, nine inch nails, broken social scene, radiohead, modest mouse, rjd2, tom waits, spoon, the faint, they might be giants, the beatles, tv on the radio, bright eyes, bad religion, grizzly bear, nirvana, gorillaz, a perfect circle, beck, pixies, mindless self indulgence, the future sound of london, pearl jam, the new pornographers, the knife, guided by voices, gnarls barkley, aphex twin, pj harvey, the white stripes
lady gaga, black eyed peas, placebo, yeah yeah yeahs, klaxons, britney spears, mgmt, gogol bordello, beyoncé, deichkind, the veronicas, miley cyrus, clueso
the rolling stones, the doors, bruce springsteen, the jesus and mary chain, neil young, joy division, led zeppelin, creedence clearwater revival, johnny cash, ryan adams, david bowie, cat stevens, pixies, modest mouse, kings of convenience, pink floyd, thin lizzy, the shins, nick drake, the cure, iggy pop, simon & garfunkel, kate bush, jimi hendrix, the velvet underground, vampire weekend, jack johnson, mogwai, koop, lou reed, damien rice, elliott smith, duffy, fleetwood mac
elliott smith, against me!, the bouncing souls, the postal service, alkaline trio, descendents, streetlight manifesto
joe satriani, led zeppelin, jimi hendrix, black sabbath, iced earth, kiss, pink floyd, dream theater, blind guardian, megadeth, slayer, opeth, anthrax, dire straits, van halen, iron maiden, aerosmith, mot?rhead, deep purple, eric clapton, ac/dc, manowar, dio, ray charles, sonata arctica
hans zimmer, sabaton, therion, god is an astronaut, dead can dance, pink floyd, dark tranquillity, ensiferum, anathema, dire straits, led zeppelin, eluveitie, amon tobin, blind guardian, equilibrium, porcupine tree, the doors, katatonia, explosions in the sky, my dying bride, leonard cohen
descendents, black flag, justice, nofx, green day, the ting tings, minor threat
kent, bloc party, pet shop boys, interpol, muse, r?yksopp, sigur rós, editors, mew, low, the gossip, radiohead, plaid, enter shikari, placebo, coldplay, ratatat, megadeth, ozzy osbourne, arcade fire, moloko, a perfect circle, volbeat, trentem?ller, air, faith no more, moby, the knife, patrick wolf, judas priest, sting, ladytron, metallica
rufus wainwright, prince, gogol bordello, nick cave and the bad seeds, tosca, elvis costello, antony and the johnsons, jeff buckley, blondie, the cure, carla bruni, nouvelle vague, elvis presley, gorillaz, shpongle, talking heads, r.e.m., amon tobin, lou reed, the chemical brothers, marilyn manson, bloodhound gang, nick drake, the doors
coldplay, duran duran, gorillaz, lacuna coil, mike oldfield, apparat, pj harvey, sia, the chemical brothers
slipknot, louis armstrong, pink floyd, scorpions, eric clapton, sting, nirvana, deep purple, metallica
calexico, ray charles, abba, eric clapton, stevie wonder, james brown, manu chao, loreena mckennitt, miles davis
red hot chili peppers, jack johnson, gentleman, clueso, kosheen, michael bublé, coldplay, james blunt, peter fox, depeche mode, portishead, mylo, robbie williams, pearl jam, oasis, mando diao, seeed, the chemical brothers, gnarls barkley, afi, the prodigy, róisín murphy, moby, gorillaz, nirvana, massive attack, daft punk
sonic youth, aesop rock, stereolab, beck, pj harvey
simple plan, apocalyptica, groove coverage, system of a down, the rasmus, three days grace, september, sum 41, ludwig van beethoven, green day, robbie williams, rihanna, bloodhound gang, metallica, disturbed, hoobastank, p.o.d.
slayer, at the gates, dethklok, sepultura, red hot chili peppers, amon amarth, disturbed, devildriver, guns n roses, serj tankian, the haunted, black sabbath, nirvana, killswitch engage, tenacious d, pantera, kyuss, atreyu, machine head, metallica, ozzy osbourne, r.e.m., slipknot, barenaked ladies, koЯn, children of bodom, gorillaz, kelly clarkson, rage against the machine, led zeppelin, john lennon, iron maiden
the kinks, johnny cash, cat stevens, neil young, fleetwood mac, the zombies, simon & garfunkel
die toten hosen, eminem, stars, die ?rzte, james blunt, rise against, regina spektor, coheed and cambria, rammstein
coldplay, the shins, lupe fiasco, muse, oasis, modest mouse, the raconteurs, snow patrol, pink floyd, spoon, jimi hendrix, david bowie, death cab for cutie, jay-z, nas, vampire weekend, the white stripes, shout out louds, avril lavigne, gorillaz, kasabian, the rolling stones, queen, blur, interpol, ok go, clap your hands say yeah, creedence clearwater revival, dr. dre, nirvana, bob dylan, grateful dead, green day, keane, outkast, jason mraz, jet, timbaland, the who, t.i., sublime
the kooks, lostprophets, 30 seconds to mars, him, paramore, razorlight, t.a.t.u., the all-american rejects, mew, my chemical romance, the used, coldplay, avril lavigne, simple plan, arctic monkeys, poets of the fall, evanescence, lily allen, linkin park, muse, good charlotte, radiohead, red.jumpsuit.apparatus, city and colour, the rasmus, the wombats
archive, dream theater, pink floyd, david bowie, against me!, electric six, disturbed, the chemical brothers, massive attack, air, gorillaz, unkle, portishead, the doors, depeche mode, radiohead, enya, flogging molly, jack johnson, simon & garfunkel, dj krush, yann tiersen, dropkick murphys, dir en grey, bullet for my valentine, hooverphonic, blur, nightwish, angra, metallica
nas, mobb deep, a tribe called quest, eminem, sage francis, notorious b.i.g., 2pac, the roots, mos def, atmosphere, mf doom, public enemy, ice cube, jedi mind tricks, madlib, beastie boys, madvillain
jason mraz, coldplay, [unknown], mika, maroon 5, wu-tang clan, jet
cursive, the faint, no doubt, placebo, beirut, the arcade fire, jimmy eat world, tokyo police club, garbage, snow patrol, manic street preachers, from autumn to ashes, the shins, modest mouse, hellogoodbye
queens of the stone age, fatboy slim, jamiroquai, limp bizkit, beck, daft punk, groove armada, p.o.d., supergrass, pendulum, justice, gorillaz, the chemical brothers, nine inch nails, lenny kravitz, rob zombie, stone sour, boards of canada, alice in chains, soundgarden, nirvana, elvis presley
ac/dc, deep purple, rush, van halen, pink floyd, jethro tull, genesis, [unknown], aerosmith, queensr?che, led zeppelin, dream theater, eric clapton, the rolling stones, guns n roses, thin lizzy, lynyrd skynyrd, black sabbath, kiss, ozzy osbourne, dire straits, metallica
beck, depeche mode, stereolab, r?yksopp, orbital, franz ferdinand, the presets, nine inch nails, goldfrapp, the chemical brothers, akira yamaoka, massive attack, moby, cocteau twins, air, basement jaxx, underworld, lcd soundsystem, bj?rk, ok go, modest mouse, new order, the prodigy, arcade fire, gorillaz, the killers, the white stripes, pj harvey, scissor sisters, no doubt, aphex twin, bauhaus
kiss, ozzy osbourne, deep purple, journey, van halen, thin lizzy, aimee mann, steely dan, joe satriani, black sabbath, judas priest, rush, toto, paul mccartney, the kinks, john lennon, electric light orchestra, lynyrd skynyrd, the who
the kills, hey, danny elfman, kt tunstall, the crystal method, hooverphonic, 3 doors down, erykah badu, nina simone, coma, oasis, bj?rk, john legend
thievery corporation, jimi hendrix, nirvana, third eye blind, deftones, godsmack, bj?rk, johnny cash, sex pistols, erykah badu, mos def, nas, 3 doors down, outkast, red hot chili peppers, nick drake, bob dylan, jay-z, the chemical brothers, danny elfman, ben harper, leonard cohen, led zeppelin
bj?rk, [unknown], sigur rós, damien rice, billie holiday, mirah, air
lacuna coil, rammstein, oasis, 30 seconds to mars, the rasmus, bon jovi, cradle of filth, duran duran, angra, within temptation, mudvayne, evanescence, three days grace, nightwish, afi, linkin park, foo fighters, children of bodom, amy winehouse, paramore, panic at the disco, nirvana, simple plan, creed, garbage, alice in chains, weezer, dimmu borgir, tristania, system of a down, misfits, the offspring, queen, aerosmith
modest mouse, animal collective, arcade fire, neutral milk hotel, the smashing pumpkins, death cab for cutie, okkervil river, sigur rós, fleet foxes, sufjan stevens, broken social scene, elliott smith, cold war kids, deerhunter, electric six, blondie, shout out louds, cat power, queens of the stone age, the shins, lou reed
in flames, led zeppelin, cradle of filth, pink floyd, koЯn, editors, behemoth, my dying bride, happysad, audioslave, archive, system of a down, interpol, thrice, snow patrol, linkin park, 30 seconds to mars, lacuna coil, poets of the fall, nine inch nails, dope, death, moonspell, agalloch, iron maiden, air, riverside, portishead, tristania, the killers, trivium
the killers, the kinks, bloodhound gang, stereolab, cat stevens, édith piaf, belle and sebastian, pink floyd, the ting tings, john mayer, aretha franklin, u2
a tribe called quest, mos def, gang starr, the roots, mf doom, bob marley, j dilla, madlib, system of a down, common, madvillain
pink floyd, the mars volta, the doors, metallica, bob marley, nirvana, queen, kings of leon, haggard, jamiroquai, guns n roses, rammstein, system of a down, gorillaz, led zeppelin, in flames, dead can dance, battles, thievery corporation, leonard cohen, enya, marilyn manson, howard shore, iron maiden, bj?rk, the smashing pumpkins
machine head, subway to sally, in flames, rammstein, die toten hosen, schandmaul, peter fox, bob dylan, john williams, johnny cash, as i lay dying, koЯn, david bowie, tori amos, creedence clearwater revival, godsmack, janis joplin, metallica, serj tankian, b?hse onkelz, die ?rzte, pantera, muse, radiohead, disturbed, tool, amy macdonald, coldplay, howard shore, paradise lost, soilwork, hammerfall, richard cheese, the doors
j dilla, common, jay-z, kanye west, de la soul, talib kweli, lupe fiasco, nas, the roots, a tribe called quest, john legend, madvillain, 2pac
garbage, paramore, enter shikari, the strokes, the ting tings, coldplay, bring me the horizon, taking back sunday, placebo, the killers, ramones, misfits, p.o.d., franz ferdinand, travis, cobra starship, guano apes, billy talent, blur, the cardigans, soundtrack, stereophonics, clint mansell, the sounds
elvis presley, sheryl crow, the new pornographers, franz ferdinand, arcade fire, metric, cake, [unknown], the killers, snow patrol, feist, gorillaz, moby, regina spektor, death cab for cutie, neutral milk hotel, rilo kiley, belle and sebastian, bob dylan, the postal service, the books, coldplay, nada surf, modest mouse, imogen heap, air, the mountain goats, architecture in helsinki, the decemberists, muse, scissor sisters, m.i.a., red hot chili peppers
daft punk, bloc party, the beatles, franz ferdinand, muse, jamiroquai, manu chao, r?yksopp, bob marley, my chemical romance, kasabian, air, gorillaz, kylie minogue, thievery corporation, justice, the chemical brothers, arctic monkeys, the killers, radiohead, coldplay, mylo, fall out boy, klaxons, shpongle, kaiser chiefs, de-phazz, jimi hendrix, pink floyd, gogol bordello, lily allen, funeral for a friend, the herbaliser, calvin harris, thom yorke, the rapture, deftones, the prodigy, a perfect circle, infected mushroom, madonna, red hot chili peppers
dmx, burial, jay-z, dr. dre, bloc party
the fall, nick cave and the bad seeds, the velvet underground, the clash, the smiths, morrissey, bob dylan, blur, serge gainsbourg, the hives, blondie, the cure, the brian jonestown massacre, the dandy warhols, the kinks
cypress hill, the doors, moby
nightwish, tarja turunen, epica, sirenia, cradle of filth, sabaton, children of bodom, tristania, stratovarius, opeth, sonata arctica, the offspring, therion, rhapsody of fire, linkin park, blind guardian, john williams, moonspell, nirvana, after forever, kult, in flames, queen, scorpions
the cure, coldplay, u2, robbie williams, matchbox twenty, placebo, papa roach, counting crows, seal, him, foo fighters, muse, kylie minogue, morcheeba, nelly furtado, faith no more, oasis, three days grace, snow patrol, audioslave, garbage, the offspring, sugarcult, alicia keys, death cab for cutie, john mayer, blur, travis, switchfoot, taking back sunday, september, david guetta, bruce springsteen, jet, breaking benjamin, the killers, creed, bob dylan, stone sour
jay-z, n*e*r*d, kanye west, nas, simian mobile disco, coldplay, dizzee rascal, lupe fiasco, a tribe called quest, daft punk, lykke li, atmosphere, calvin harris, santogold, j dilla, common, m.i.a.
the new pornographers, sufjan stevens, belle and sebastian, neutral milk hotel, the beatles, the zombies, band of horses, david bowie, of montreal, andrew bird, sigur rós, coheed and cambria, the kinks, flight of the conchords, saves the day, joy division, the velvet underground, talking heads
ramones, led zeppelin, bee gees, radiohead, simon & garfunkel, red hot chili peppers, r.e.m., kiss, flight of the conchords, aerosmith, elton john, metallica, the police, elvis presley, the doors, abba, def leppard, the kinks, the rolling stones, cat stevens, bj?rk, the velvet underground, van morrison, faith no more, david bowie, michael jackson
r.e.m., david bowie, arctic monkeys, the doors, beck, norah jones, beirut, the beatles, red hot chili peppers, the rolling stones, bob dylan, bob marley, sex pistols, moby, pink floyd, ramones, led zeppelin, system of a down, the fratellis, oasis, t. rex, blondie, radiohead, the cure, the who, manu chao, bob marley & the wailers, gorillaz, depeche mode, electric light orchestra, iggy pop, sigur rós, simon & garfunkel, aerosmith, underworld
moby, josé gonzález, regina spektor, norah jones, robbie williams, the knife, foo fighters, john mayer, sufjan stevens, kanye west, david guetta, madonna, muse, m.i.a., r?yksopp, missy elliott, lenny kravitz, bj?rk, justin timberlake, robyn, the prodigy, kings of convenience, nelly furtado, queens of the stone age, gnarls barkley, daft punk, iron & wine, marilyn manson, yann tiersen, christina aguilera, joss stone, beyoncé, sigur rós, spice girls, amy winehouse, benny benassi, duffy, gorillaz, britney spears, foals, jamiroquai
jeff buckley, armin van buuren, skid row, avril lavigne, incubus
gorillaz, britney spears, lady gaga, moby, akon, katy perry, michael jackson, madonna, the pussycat dolls, lil wayne, beyoncé, sum 41, miley cyrus, david guetta, rihanna, three days grace, nickelback, the prodigy, snoop dogg, sean paul, system of a down, basshunter, muse, t.i., drowning pool, flo rida, [unknown], pink
the cure, god is an astronaut, oasis, coldplay, depeche mode, andrew lloyd webber, the fratellis, u2, the birthday massacre, brian eno, deathstars, the killers, travis, blur, ramones, tom waits
róisín murphy, miles davis, the police, jamiroquai, n*e*r*d, janet jackson, jurassic 5, christina aguilera, john legend, faithless, josé gonzález, beyoncé, the pipettes, the kooks, moloko, robbie williams, fatboy slim, kylie minogue, kings of convenience, basement jaxx, girls aloud, diana krall, michael jackson, cat power, guns n roses, morcheeba, outkast
linkin park, iggy pop, eric clapton, the cranberries, talking heads, the smashing pumpkins, ramones, neil young, eagles, jethro tull, faith no more
rage against the machine, johann sebastian bach, the who, pink floyd, ...and you will know us by the trail of dead, creedence clearwater revival, led zeppelin, the decemberists, stevie wonder, black eyed peas, the cure, modest mouse, t. rex, the strokes, the beach boys, red hot chili peppers, the white stripes, the doors, ludwig van beethoven, neutral milk hotel, the jimi hendrix experience, elvis costello, sublime, regina spektor, the vines, bob marley, nirvana, simon & garfunkel, u2, ac/dc, bob dylan, pixies, jimi hendrix, norah jones, queen, david bowie, paramore, the clash, the specials
matisyahu, pink floyd, the beatles, my chemical romance, pendulum, dire straits, tegan and sara, sex pistols, manu chao, regina spektor, the white stripes, guns n roses, josé gonzález, moby, pearl jam, radiohead, coma, damian marley, cat stevens, jet, the fray, goo goo dolls, incubus, marvin gaye
from first to last, disturbed, cannibal corpse, bring me the horizon, bullet for my valentine, linkin park, fall out boy, chiodos, from autumn to ashes, arch enemy, the all-american rejects, as i lay dying
cut copy, mgmt, ratatat, tv on the radio, late of the pier, the whitest boy alive, foals, crystal castles, of montreal, the faint, cansei de ser sexy, the cure, pixies, the cribs, the presets, chromeo, hot chip, ...and you will know us by the trail of dead, at the drive-in, modest mouse, nirvana, panic at the disco, vampire weekend, ok go
deichkind, lamb of god
pink floyd, explosions in the sky, boards of canada, bj?rk, pj harvey, the white stripes, god is an astronaut, aphex twin, zero 7, portishead, red hot chili peppers, pain of salvation, jamiroquai, john williams, thom yorke, arctic monkeys, soundtrack, battles, massive attack, tool, the rolling stones, jeff buckley, faith no more, the mars volta, kings of convenience, interpol, the doors, jimi hendrix, animal collective, a perfect circle, imogen heap, broken social scene, hot chip, incubus, josé gonzález
neil young, low, built to spill, elliott smith, nada surf, animal collective, ryan adams, descendents, death cab for cutie, my morning jacket, cat power, the weakerthans, the brian jonestown massacre, wilco, johnny cash, the beatles, the flaming lips, joy division, bright eyes, nick drake, bonnie prince billy, múm, the notwist, devendra banhart, radiohead, sonic youth, the get up kids, junior boys, portishead
corinne bailey rae, the beatles, john mayer, billie holiday, kanye west, justin timberlake, the strokes, michael bublé, panic at the disco, the doors, maroon 5, goo goo dolls, coldplay, jason mraz, billy joel, bob marley & the wailers, the shins, damien rice, three days grace, rihanna, michael jackson, switchfoot, akon, queen, beyoncé, aerosmith, john legend, daft punk, led zeppelin, lenny kravitz, elton john, red hot chili peppers, spoon, britney spears, jem, usher
scooter, sonata arctica, groove coverage, cascada, the bravery, pet shop boys, roxette, basshunter, david guetta, enrique iglesias, bee gees
[linkin park]
bullet for my valentine, in flames, system of a down, slipknot, rise against, guano apes, billy talent, koЯn, all that remains, muse, disturbed, gojira, funeral for a friend, serj tankian, trivium, beck, arctic monkeys, foo fighters, the prodigy, the offspring, marilyn manson, fall out boy, dragonforce, dope, asian dub foundation
brand new, death cab for cutie, kanye west, the beatles, common, girl talk, alicia keys, jay-z, nas, bright eyes, john legend, the game, lupe fiasco, michael jackson, gnarls barkley, ne-yo, the decemberists, sage francis, a tribe called quest, justin timberlake, notorious b.i.g., incubus, the shins, bob dylan, dr. dre, 2pac
ramones, the sounds, bob marley, rise against, janis joplin, metric, sex pistols, tegan and sara, cypress hill, ska-p, matisyahu, hatebreed, damian marley, paramore, comeback kid, erykah badu, the distillers, arctic monkeys, 2pac, the clash, the used, killswitch engage, blondie, the wombats, gentleman, cascada, all that remains, robyn, kaiser chiefs, bob marley & the wailers
daft punk, damien rice, sufjan stevens, amy winehouse, peter bjorn and john, mika, arcade fire, madonna, fiona apple, new order, david bowie, metric, the libertines, interpol, hot chip, britney spears, mgmt, cat power, green day, justice, the last shadow puppets, jens lekman, the fratellis, cansei de ser sexy, franz ferdinand, the strokes, bright eyes, stars, kylie minogue, maroon 5, klaxons, of montreal, max?mo park
cocorosie, cat power, iron & wine, modest mouse, thievery corporation, sigur rós, the album leaf, louis armstrong, elliott smith, the notwist, múm, tosca, gotan project, mogwai, the books, radiohead, digitalism, frank sinatra, the black keys, billie holiday, portishead, boards of canada, justice, the mountain goats, dave matthews band
misfits, children of bodom, metallica, skid row, m?tley crüe, bullet for my valentine
dj shadow, the white stripes, madlib, kings of convenience, the smashing pumpkins, belle and sebastian, portishead, radiohead, the raconteurs, beastie boys, jefferson airplane, amy winehouse, air, red hot chili peppers, beck, david bowie, goldfrapp, bob dylan, trentem?ller, the fratellis, kaiser chiefs, paul simon, nick cave and the bad seeds, van morrison, the raveonettes, billie holiday, hooverphonic, sting, kings of leon, the ting tings, moby
bob dylan, wilco, grateful dead, pink floyd, radiohead, neil young, the beatles, red hot chili peppers, coldplay, my morning jacket
fatboy slim, linkin park, daft punk, sade, cascada, paul oakenfold, basshunter, bloodhound gang, groove coverage, justin timberlake, armin van buuren, enigma, david guetta, paul van dyk, rihanna, the chemical brothers, ti?sto, atb, sia
grizzly bear, sufjan stevens, andrew bird, yo la tengo, múm, the cinematic orchestra, the album leaf, beck, air, tv on the radio, cat stevens, hot chip, boards of canada
alexisonfire, heaven shall burn, in flames, ...and you will know us by the trail of dead, incubus
nouvelle vague, the postal service, goldfrapp, feist, radiohead, the pipettes, apparat, the cinematic orchestra, beirut, the strokes, massive attack, édith piaf, the album leaf, lamb, antony and the johnsons, the notwist, coldplay, clap your hands say yeah, peter bjorn and john, portishead, r?yksopp, bj?rk, four tet, m.i.a., múm
king crimson, frank zappa, pink floyd, miles davis, herbie hancock, the mars volta, caetano veloso, morphine, the jimi hendrix experience, wolfgang amadeus mozart
my dying bride, the beatles, amorphis, bathory, in flames, sepultura, slayer, led zeppelin, opeth, agalloch, eluveitie, soulfly, black sabbath, stratovarius, primus, death, nile, the doors, metallica, amon amarth, bloodbath, dimmu borgir, korpiklaani, dark tranquillity, kreator, sodom
iced earth, the cure, scorpions, the doors, daft punk, ti?sto, anathema, my chemical romance, 30 seconds to mars, linkin park, 50 cent, akon, black sabbath, kanye west, the cardigans
guns n roses, pink floyd, nick cave and the bad seeds, radiohead, norah jones, pearl jam, metallica, velvet revolver, prince, the beatles, jimi hendrix, linkin park, diana krall, john lennon, aerosmith, george michael, lenny kravitz, queen, the doors, opeth, deep purple, alice cooper, disturbed, tool, various artists, black sabbath, led zeppelin
notorious b.i.g., cypress hill, jedi mind tricks, cunninlynguists, a tribe called quest, goldfinger, blink-182, [unknown], pennywise, kings of leon
nofx, rancid, ramones, the bouncing souls, alkaline trio, misfits, ashlee simpson, minor threat, social distortion, anti-flag, the veronicas, the beach boys, bad religion, bob marley & the wailers, buzzcocks, dethklok, me first and the gimme gimmes, elvis costello, finch, hilary duff, amy winehouse, the distillers
t.i., eminem, saosin, lady gaga
nas, o.s.t.r., notorious b.i.g., mos def, gang starr, jay-z, j dilla, ludacris, a tribe called quest
opeth, dimmu borgir, anathema, combichrist, nightwish, moonspell, my dying bride, within temptation, siouxsie and the banshees, yann tiersen, pearl jam, rammstein, theatre of tragedy, joy division, the 69 eyes, the sisters of mercy, regina spektor, dark tranquillity, haggard, system of a down, tristania, evanescence, emilie autumn, loreena mckennitt, placebo, garbage, marilyn manson, in extremo, epica
mf doom, atmosphere, prefuse 73, aesop rock, madvillain, jedi mind tricks, gang starr, rjd2, sage francis, t.i., portishead, madlib, immortal technique, dj krush, cunninlynguists, nas
n*e*r*d, marvin gaye, jay-z, busta rhymes, jack johnson, ludacris, incubus, nas, justin timberlake, eminem, missy elliott, outkast, system of a down, timbaland, rihanna, rage against the machine, gwen stefani, koЯn, deftones, the roots, limp bizkit, james brown, seeed, red hot chili peppers, sean paul, nelly furtado
norther, dark tranquillity, howard shore
feist, death cab for cutie, bright eyes, adele, the white stripes, sigur rós, broken social scene, lily allen, tegan and sara, the corrs, architecture in helsinki, amy winehouse, the decemberists, muse, morrissey, delerium
coheed and cambria, a tribe called quest, flying lotus, n*e*r*d, j dilla, amy winehouse, sade, kanye west, lupe fiasco, gnarls barkley, jay-z, timbaland, ludacris, lil wayne, m.i.a., nas, erykah badu, paramore, madonna, 50 cent, system of a down, busta rhymes, daft punk, alicia keys, linkin park, rush, ice cube
bob dylan, the beatles, 65daysofstatic, john frusciante, frank zappa, pink floyd, jimi hendrix, radiohead, red hot chili peppers, miles davis, the jimi hendrix experience, louis armstrong, david bowie, charlie parker, cream, the flaming lips, jefferson airplane, arctic monkeys, ...and you will know us by the trail of dead, bon iver, lou reed, bright eyes, god is an astronaut, mogwai, devendra banhart, eels, john lennon, explosions in the sky, various artists, nirvana, the mars volta, dirty pretty things
feist, pixies, sonic youth, my bloody valentine, stars, explosions in the sky, the knife, queens of the stone age, broken social scene, the killers, the beatles, weezer, the cardigans, mogwai, travis, jimmy eat world, beck, incubus, david bowie, nouvelle vague, of montreal, blonde redhead, black rebel motorcycle club, coldplay, the flaming lips, oasis, camera obscura, new order, pulp, akira yamaoka, the vines, nirvana, fiona apple, cat power
gotan project, air, modest mouse, interpol, amy winehouse, kasabian, the knife, four tet, the kills, bat for lashes, nouvelle vague, the raveonettes, amy macdonald, franz ferdinand, thom yorke, feist, the postal service, madvillain, deftones, crystal castles, joy division, thievery corporation
placebo, the chemical brothers, nickelback, coldplay, system of a down, mika, metallica, tenacious d, booka shade, depeche mode, michael jackson, santana, anathema
pink, avril lavigne, soundtrack, fort minor, chris brown, clueso, 2pac, justin timberlake, a fine frenzy, akon, ne-yo, 50 cent, oasis
coldplay, john mayer, porcupine tree, depeche mode, the police, john williams, king crimson, rush, genesis, eagles, red hot chili peppers, dave matthews band, radiohead, pink floyd, elvis costello, led zeppelin, bruce springsteen, fleetwood mac, r.e.m., moby, santana, kate bush, simon & garfunkel, the beatles, christina aguilera, norah jones
keane, the kooks, joss stone, coldplay, beyoncé, lenny kravitz, alicia keys, pink, britney spears, rihanna, shakira, john legend, sugababes, u2, leona lewis, jennifer lopez, duffy, bon jovi, the killers, kelly clarkson, natasha bedingfield, fall out boy, chris brown, kaiser chiefs, corinne bailey rae, kylie minogue, the beatles, madonna, the cardigans, kate nash, michael jackson, jamie cullum, kanye west, maroon 5
cat power, pulp, of montreal, primal scream, the byrds, the national, the decemberists, depeche mode, elliott smith, the smiths, echo & the bunnymen, david bowie, the beatles, the velvet underground, the cure, talking heads, the mountain goats, the breeders, nick cave and the bad seeds
bob dylan, guided by voices, moby, josé gonzález, fleet foxes, camera obscura, bat for lashes, the decemberists, andrew bird, death cab for cutie, yo la tengo, alicia keys, flight of the conchords, the beatles, the mountain goats, bob marley & the wailers, vampire weekend, deerhunter, the velvet underground, pavement, girl talk, autechre, mgmt, radiohead
gorillaz, kings of convenience, neutral milk hotel, radiohead, death cab for cutie, franz ferdinand, andrew bird, calexico, vampire weekend
new found glory, fall out boy, relient k, all time low, say anything, a day to remember, cute is what we aim for, blink-182, dashboard confessional, good charlotte, the academy is..., brand new, silverstein, cobra starship, panic at the disco
bob dylan, emilíana torrini, the white stripes, porcupine tree, the magnetic fields, adele, mew, emilie simon, rilo kiley, the last shadow puppets, camera obscura, lily allen
the beatles, no doubt, bob marley & the wailers, system of a down, the knife, gwen stefani, simon & garfunkel, bj?rk, they might be giants, queen, tenacious d, madonna, john lennon, jimi hendrix, garbage, r?yksopp, nightwish, marilyn manson, dimmu borgir, rammstein, talking heads, bad religion, gorillaz, koЯn, the rolling stones, the offspring, creedence clearwater revival
the beatles, feist, the corrs, lily allen, cat power, iron & wine, girl talk, coldplay, kt tunstall, imogen heap, red hot chili peppers, sufjan stevens, bright eyes, modest mouse, spice girls, jack johnson, kimya dawson, radiohead, the white stripes, frou frou, ani difranco, ray lamontagne, sublime, dido, moby, death cab for cutie, jason mraz, u2, britney spears, belle and sebastian, céline dion, michael bublé, norah jones, bloc party, cocorosie, queen
nouvelle vague, bat for lashes, kings of convenience, joy division, death cab for cutie, lykke li, lily allen, r?yksopp, amy winehouse, kings of leon, built to spill, kate nash, kent, nelly furtado, queens of the stone age, fergie, rilo kiley, paolo nutini, kanye west, placebo, sigur rós, robyn
marilyn manson, portishead, r?yksopp, amon tobin, rammstein, tori amos, katatonia, the white stripes, a perfect circle, nick cave and the bad seeds, sneaker pimps, system of a down, panic at the disco, boards of canada, lcd soundsystem, nouvelle vague, sade, interpol, rjd2, combichrist, cut copy, depeche mode, digitalism, lamb of god, placebo, air, john coltrane, róisín murphy, bj?rk, muse, tool, bullet for my valentine, apoptygma berzerk
morcheeba, john mayer, amy winehouse, bob marley, a fine frenzy, hooverphonic, duffy, sia, alicia keys, nelly furtado, queen, u2, dido, beyoncé, james morrison, adele, guns n roses, james blunt, mariah carey, michael jackson, rihanna, katie melua, chris brown, coldplay, kosheen, norah jones, r?yksopp, lifehouse, moloko, the shins, keane, green day, dave matthews band, onerepublic, atb, lenny kravitz, air, natasha bedingfield, madonna, maroon 5, sade
[various artists]
neil young, venetian snares, beastie boys
david bowie, kings of leon, steely dan, bee gees, kasabian, jamiroquai, george michael, supergrass, radiohead, elvis presley, fleetwood mac
jay-z, the rapture, beck, the strokes, black sabbath, miles davis, at the drive-in, pink floyd, the doors, the faint, bob marley & the wailers, the mars volta, incubus, queens of the stone age, the smashing pumpkins, led zeppelin, stevie wonder, john lennon, bloc party, nas, manu chao, jimi hendrix, atmosphere, klaxons, ramones, santana, the shins, the blood brothers, daft punk, marvin gaye, the rolling stones, death from above 1979, thom yorke, rush, gorillaz, snoop dogg, the white stripes
daft punk, the corrs, bloc party, soundtrack, cansei de ser sexy, new order
ac/dc, black rebel motorcycle club, the rolling stones, the hellacopters, aerosmith, faith no more, tom petty and the heartbreakers, van halen, the 69 eyes, red hot chili peppers, turbonegro, ramones
booka shade, supergrass, basement jaxx, mos def, hot chip, peter bjorn and john, wilco, of montreal, the weakerthans, foals, santogold, lupe fiasco, bj?rk, the whitest boy alive, nina simone, mgmt, bloc party, common, junior boys, the knife, chromeo, frou frou, m.i.a., talking heads
dream theater, blind guardian, pain of salvation, danny elfman, porcupine tree, die ?rzte, [unknown], charlie parker, avantasia, toto, linkin park, frank sinatra, in extremo, schandmaul, ac/dc, symphony x, apocalyptica, bob marley, tenacious d, howard shore, django reinhardt, frank zappa
ska-p, iron maiden, after forever, iced earth, gamma ray, blind guardian, hammerfall, epica, within temptation, judas priest, christina aguilera, guano apes, helloween
yann tiersen, pink floyd, tiamat, the beatles, lacrimosa, mono, katatonia, nick cave and the bad seeds, dead can dance, paradise lost, placebo, akira yamaoka, a-ha, r.e.m., the rasmus, haggard
low, dead can dance
queen, jimi hendrix, pink floyd, the corrs, dire straits, the cranberries, deep purple, manu chao, the doors, soundtrack, led zeppelin
bruce springsteen, talking heads, sufjan stevens, neil young, bob dylan, radiohead, tom waits, tool, dave matthews band, the police, modest mouse, the white stripes, the beatles, beck, rage against the machine, the mars volta, led zeppelin, primus, pearl jam, the who, the velvet underground, tenacious d, the rolling stones, a perfect circle, paul simon, tom petty and the heartbreakers, johnny cash, incubus, frank zappa, dr. dre, arctic monkeys, sonic youth, alice in chains, eric clapton, the jimi hendrix experience, captain beefheart & his magic band, deerhunter, david bowie
beyoncé, depeche mode, amy winehouse, madonna, christina aguilera, n*e*r*d, m.i.a., the verve, hot chip, kanye west, stereophonics, the last shadow puppets, missy elliott, the libertines, adele, daft punk, babyshambles, coldplay, santogold, justin timberlake, mgmt, norah jones, franz ferdinand, basement jaxx, joss stone, joy division, radiohead, faithless, klaxons
disturbed, red hot chili peppers, nirvana, metallica, nickelback, bob marley, the offspring, ti?sto, koЯn, system of a down, sugarcult, limp bizkit, cypress hill, serj tankian, seether, blink-182, sonata arctica, armin van buuren, def leppard, aerosmith, ill ni?o, bon jovi, deep purple, lenny kravitz, santana, simple plan, audioslave, lacuna coil
linkin park, jem, foo fighters, kt tunstall, dido, avril lavigne, sarah mclachlan, natasha bedingfield, amy macdonald, katie melua, maria mena, the corrs, sheryl crow, colbie caillat, nelly furtado, danny elfman, aimee mann, shakira, paolo nutini
paradise lost, the birthday massacre, the cure, the gathering, stone temple pilots, anathema, depeche mode, papa roach, in flames, theatre of tragedy, slipknot, the killers, my dying bride, disturbed, bj?rk, dead can dance, the cranberries
elvis presley, david bowie, chico buarque, the beatles, amy winehouse, belle and sebastian, serge gainsbourg, the libertines, édith piaf, los hermanos, cat power, the smiths, arctic monkeys, sonic youth, eels, blondie, morphine, bright eyes, babyshambles, iggy pop, the ting tings, evanescence, johnny cash, the velvet underground, bob dylan, the kooks, sex pistols, duffy, garbage, the raveonettes
eels, snow patrol, placebo, of montreal, the pigeon detectives, beirut, aerosmith, cake, keane, simple plan, hot hot heat, soundtrack, blind guardian, the all-american rejects, maroon 5, yo la tengo
portishead, the breeders, yann tiersen, sonic youth, the cure, devendra banhart, django reinhardt, bonnie prince billy, the notwist, pixies, the books, emilíana torrini, beck
cocorosie, santogold, the cinematic orchestra, madlib, j dilla, prefuse 73
evanescence, agalloch, tristania
akon, talib kweli
feist, kanye west, the gossip, los hermanos, gogol bordello, corinne bailey rae, hercules and love affair, rihanna, spice girls, duffy, sean paul, kate nash, mariah carey, phoenix, justin timberlake, justice
fleetwood mac, arcade fire, bob dylan, boards of canada, wilco, guided by voices, talking heads
alicia keys, arctic monkeys, linkin park, 2pac, the game, usher, mary j. blige, dmx, dr. dre, mobb deep, eminem, sean paul, nelly, akon, nirvana, black eyed peas, christina aguilera, justin timberlake, ne-yo, beyoncé, kanye west, talib kweli
danny elfman, bryan adams, the killers, the fratellis, blink-182, sum 41, placebo, good charlotte, oasis, fall out boy, simple plan, jason mraz, coldplay, pink, keane, new found glory, maroon 5, kasabian, the verve, kaiser chiefs, the used, paramore, katy perry, green day, story of the year, 44, avenged sevenfold, my chemical romance, third eye blind, incubus, the bravery, goldfinger, billy talent, the all-american rejects
amy winehouse, alicia keys, lily allen, diana krall, jamiroquai, nina simone, pulp, damien rice, norah jones, kate nash, travis, the beatles, mika, the cranberries, blur, joss stone, feist, prince, architecture in helsinki, justice, kings of convenience, beyoncé, the flaming lips, justin timberlake
pet shop boys, the knife, daft punk, the beatles, placebo, calexico, snow patrol, the chemical brothers, girls aloud, air, scissor sisters, belle and sebastian, battles, antony and the johnsons, cocorosie, r?yksopp, fischerspooner, rammstein, justice, madonna, the rolling stones, r.e.m., queens of the stone age, of montreal, deep purple, gorillaz, my chemical romance, blur, the beach boys, boards of canada, kylie minogue, michael jackson
die toten hosen, peter fox, rise against, linkin park, system of a down, nirvana, slipknot, jack johnson, b?hse onkelz, die ?rzte, volbeat, red hot chili peppers, t.i.
the blood brothers, queens of the stone age, coheed and cambria, andrew bird, siouxsie and the banshees, ulver, blonde redhead, tool, incubus, lady gaga, kylie minogue, cocteau twins, boards of canada, neko case, kate bush, devendra banhart, eagles of death metal, m.i.a., sia, opeth, brand new, elvis costello, dead can dance, burial, vampire weekend, enya
kylie minogue, cascada, coldplay, lady gaga, backstreet boys, mariah carey, dimmu borgir, t.a.t.u., abba, rihanna, sum 41, all time low, groove coverage, ne-yo, sia, silverchair, jordin sparks, katy perry, chris brown
chimaira, as i lay dying, caliban, parkway drive, machine head, hatebreed, all shall perish, killswitch engage, system of a down, trivium, slipknot, lamb of god, bring me the horizon, opeth, slayer, fear factory, children of bodom, sepultura, rammstein, avenged sevenfold, soulfly, bullet for my valentine, the black dahlia murder, ill ni?o, napalm death
jamiroquai, avenged sevenfold, alter bridge, alicia keys, gentleman, tool, papa roach, seether, dmx, metallica, adema, limp bizkit, audioslave, oasis, pearl jam, bush, in flames, koЯn, slipknot, thievery corporation, santana, godsmack, mary j. blige, christina aguilera, dream theater, iron maiden, linkin park, bullet for my valentine, ill ni?o, incubus, alice in chains
m.i.a., beastie boys, the chemical brothers, o.s.t.r., rjd2, michael jackson, the roots, depeche mode, fatboy slim, the herbaliser, massive attack, james brown, faithless, goldfrapp, the beatles, jamiroquai, r?yksopp, the verve, sean paul, a-ha, hot chip, bonobo, dj shadow, missy elliott, the streets
radiohead, bob marley, rufus wainwright, ani difranco, death cab for cutie, fatboy slim, talking heads, dinosaur jr., ben folds five, john mayer, amy winehouse, neutral milk hotel, the decemberists, grateful dead, corinne bailey rae, the beatles, neil young, vangelis, badly drawn boy, cake, philip glass, aimee mann, beck, bj?rk, soundtrack, cocteau twins, nine inch nails, led zeppelin, moby, bob dylan, cypress hill, the smashing pumpkins, nina simone, the pogues, cat power, the postal service, joanna newsom
the corrs, jamiroquai, amy macdonald, beirut, flight of the conchords, the offspring, infected mushroom, koЯn, the prodigy, rihanna, ben harper, madonna, mika, morcheeba, dj shadow, cypress hill, slipknot, air, daft punk, david guetta, sepultura, rjd2, boys noize, gojira, the chemical brothers, black eyed peas, phil collins
neutral milk hotel, the shins, my bloody valentine, sufjan stevens, the beatles, belle and sebastian, the mountain goats, dinosaur jr., of montreal, guided by voices, camera obscura, stars, beirut, joanna newsom, the magnetic fields, abba, pavement, blur, architecture in helsinki, cat power, andrew bird, mirah, animal collective, the beach boys, elliott smith, nirvana, pixies
moonspell, nine inch nails, ac/dc, the prodigy, anathema, koЯn, the gathering, ozzy osbourne, megadeth, opeth, type o negative, slayer, tiamat
frank zappa, charlie parker, the beatles, lou reed, miles davis, jimi hendrix, the rolling stones, cream, the jimi hendrix experience, eric clapton, led zeppelin, grateful dead, bob dylan, joni mitchell, bob marley & the wailers
katatonia, slayer, riverside, anathema, all that remains, my dying bride, alanis morissette, the dillinger escape plan, scar symmetry, heaven shall burn, paradise lost, samael, the cure, coheed and cambria, poets of the fall, amorphis, alter bridge, bloodbath, moonspell, tenacious d, pain, blackfield, opeth, soilwork, def leppard, good charlotte, enter shikari
kmfdm, rage against the machine, crystal castles, nofx, weezer, marilyn manson, koЯn, the used, finch, queens of the stone age, coheed and cambria, muse, sublime, nirvana, tenacious d, the prodigy, 30 seconds to mars, alanis morissette, green day, foo fighters, brand new, from first to last
michael bublé, alicia keys, amy winehouse, britney spears, katy perry, natasha bedingfield, backstreet boys, duffy, norah jones, lily allen, kylie minogue, u2, fergie, rihanna, beyoncé, jennifer lopez, spice girls, colbie caillat, jason mraz, lady gaga, linkin park, james morrison, sugababes, cobra starship, black eyed peas, lifehouse, nelly furtado, james blunt, maroon 5
saves the day, the beatles, the beach boys, alkaline trio, less than jake, afi, rancid, blink-182, anti-flag, the magnetic fields, against me!, new found glory, the ataris, say anything, the bouncing souls, dashboard confessional, iron & wine, the get up kids, death cab for cutie, fall out boy, rise against, taylor swift, akira yamaoka, sum 41, the academy is..., bloc party, bruce springsteen, bob dylan, coheed and cambria, city and colour, reel big fish, anberlin
michael jackson, kylie minogue, bee gees
blink-182, angels & airwaves, bad religion, koЯn, the offspring, metallica, 30 seconds to mars, sum 41, papa roach, afi, nirvana, anti-flag, new found glory, avenged sevenfold, sonic syndicate, the used, cradle of filth, atreyu, 44, arch enemy, from first to last, eminem, nofx, rancid, deftones, good charlotte, coldplay, as i lay dying, rammstein, finch, the clash
britney spears, nelly furtado, fergie, kelly clarkson, rihanna, chris brown, paramore, madonna, beyoncé, the pussycat dolls, black eyed peas, christina aguilera, maroon 5, gym class heroes, timbaland, david guetta, jennifer lopez, kanye west, alicia keys, katy perry, snoop dogg, backstreet boys, fall out boy, duffy, pink, amy winehouse, hilary duff, jordin sparks, mariah carey, avril lavigne, kylie minogue, kate nash, nickelback, bee gees, justice, the offspring
manu chao, p.o.d., silverchair, massive attack, rob zombie, andrew lloyd webber, the kinks, the mars volta, a perfect circle, the beatles, garbage
megadeth, metallica, thin lizzy, judas priest, slayer, dream theater, [unknown]
slayer, dragonforce, lordi, all that remains, dream theater, megadeth, killswitch engage, iron maiden, nightwish, heaven shall burn, bon jovi, sonata arctica, metallica, symphony x, skid row, children of bodom, caliban, avenged sevenfold, testament, at the gates, bad religion, the beatles, rage against the machine, red hot chili peppers, trivium, in flames, portishead, angra, blind guardian, 3 doors down, marilyn manson, cradle of filth, disturbed
sonata arctica, three days grace, seether, dark tranquillity, lacuna coil, hammerfall, paradise lost, in flames, nickelback, linkin park, evanescence, breaking benjamin, kamelot, theatre of tragedy, 30 seconds to mars, godsmack, blind guardian, dream theater, stratovarius, 3 doors down, simple plan, ensiferum, katatonia, muse, system of a down, depeche mode, girls aloud, timbaland, avril lavigne, madonna
enya, carla bruni, paul mccartney, michael bublé, the who, norah jones, elton john, arctic monkeys, ray charles, dire straits, steely dan, elvis presley, queen, billy joel, the libertines, oasis, amy macdonald, dropkick murphys, christina aguilera, feist, electric light orchestra, loreena mckennitt, michael jackson, babyshambles, vangelis
billie holiday, st. germain, chet baker, cut copy, portishead, air, daft punk, booka shade, goldfrapp, caetano veloso, jamiroquai, massive attack, joss stone, lcd soundsystem, mgmt, bob dylan, chico buarque, nina simone
my dying bride, therion, katatonia, anathema, paradise lost, bauhaus, tiamat, tristania, lacuna coil, apocalyptica, nightwish, nile, rammstein, opeth, haggard, agalloch, sirenia, lacrimosa, the sisters of mercy, type o negative, theatre of tragedy, the birthday massacre
30 seconds to mars, myslovitz, coma, green day, iron & wine, happysad, the all-american rejects, pid?ama porno, in flames, sex pistols, taking back sunday, simple plan, taylor swift, nirvana, kult, die toten hosen, hey, poets of the fall, apocalyptica, rammstein, the subways, clint mansell, the veronicas, funeral for a friend, sonata arctica
the fall of troy, immortal technique, circa survive, dredg, death cab for cutie, muse, aesop rock, say anything, coheed and cambria, system of a down, chevelle, saosin, hellogoodbye, rjd2, alexisonfire, red hot chili peppers, radiohead, panic at the disco, the mars volta, imogen heap, ratatat, frou frou, sage francis, interpol, finch, modest mouse
kanye west, thrice, fall out boy, nofx, paramore, nirvana, ladytron, marilyn manson, taking back sunday, lagwagon, anti-flag, atreyu, converge, turbonegro, bj?rk, depeche mode, aphex twin, kmfdm, misfits, ministry, lily allen, the streets, death from above 1979, my chemical romance
amon amarth, enigma, pink floyd, manowar, bon jovi, metallica, queen, dimmu borgir, type o negative, burzum, alice cooper, aerosmith, dio, rainbow, bathory
franz ferdinand, muse, radiohead, johnny cash, arctic monkeys, madness, the killers, chris cornell, clint mansell, queen, max?mo park, biffy clyro, gnarls barkley, anberlin, david bowie, lily allen, the white stripes, the prodigy, kasabian, the kooks, ennio morricone, snow patrol, audioslave, mark ronson, emery, blur, electric light orchestra, live, pink floyd, the strokes, kings of leon, john lennon, stereophonics, talking heads, placebo, fatboy slim, electric six, pulp, bob dylan, foo fighters, oasis
t.i., lil wayne, 2pac, notorious b.i.g., nelly, ghostface, 50 cent, lupe fiasco, michael jackson, ne-yo, usher, common, mariah carey, billy joel, ludacris, eminem, akon, dr. dre, the prodigy, snoop dogg, talib kweli, dmx, outkast, elton john, mobb deep
gorillaz, nelly furtado, die ?rzte, alicia keys, christina aguilera, bloodhound gang, morcheeba, amy winehouse, the offspring, sugababes, blink-182, eels, scooter, gwen stefani, jennifer lopez, rihanna, gnarls barkley, pink, norah jones, beyoncé, seeed, britney spears, hoobastank, atb, lenny kravitz, van halen
katatonia, paradise lost, anathema, pain, amorphis, opeth, him, the birthday massacre, nine inch nails, agalloch, natasha bedingfield, static-x, koЯn, my dying bride, sentenced, tiamat, theatre of tragedy, moonspell, riverside, apocalyptica, the gathering, slipknot, fear factory, queensr?che, flyleaf, pain of salvation, oomph!, hypocrisy, disturbed, frou frou, soundtrack, lacuna coil, megadeth
nick cave and the bad seeds, burial, neil young, cat power, calexico, david bowie, the rolling stones, grizzly bear, m. ward, bonnie prince billy, bob marley, amy winehouse, deerhunter, camera obscura, antony and the johnsons, frank sinatra, cocorosie, the white stripes, the national, the beatles, devendra banhart, jens lekman, al green, elvis presley, goldfrapp, belle and sebastian, gnarls barkley, pj harvey
edguy, gamma ray, rammstein, nightwish, equilibrium, die apokalyptischen reiter, avantasia, helloween, sonata arctica, queen, turisas, ensiferum, dredg, blind guardian
kamelot, therion, lacuna coil, symphony x, theatre of tragedy, avantasia, tristania, angra, evanescence
radiohead, elliott smith, death cab for cutie, modest mouse, pavement, beck, the new pornographers, cake, mogwai, the beatles, ani difranco, sigur rós, spoon, daft punk, bright eyes, electric light orchestra, metric, belle and sebastian, rjd2, wilco, no doubt, rilo kiley, bloc party, pink floyd, feist, grateful dead, arcade fire, the faint, my morning jacket, the vines, tegan and sara, the postal service, the strokes, cursive, boards of canada, the decemberists, the books, the white stripes, yeah yeah yeahs, rufus wainwright
radiohead, the libertines, the beatles, bloc party, the smiths, arctic monkeys, babyshambles, oasis, the strokes, foals, led zeppelin, thrice, the streets, editors, razorlight, kings of leon, kasabian, max?mo park, the fratellis, cold war kids, franz ferdinand, michael jackson, death cab for cutie, nirvana, brand new, coldplay, the cribs, rage against the machine, the decemberists, modest mouse
neil young, behemoth, minus the bear, the album leaf, radiohead, isis
depeche mode, mylo, cut copy, pet shop boys, the streets, goldfrapp, kylie minogue, r?yksopp, gorillaz, blur, kaiser chiefs, scissor sisters, franz ferdinand, pulp, basement jaxx, dizzee rascal, air, manic street preachers, calvin harris, jem, r.e.m.
red hot chili peppers, the prodigy, franz ferdinand, led zeppelin, charlie parker, klaxons, ennio morricone, john coltrane, lou reed, garbage, joe satriani, chet baker
the chemical brothers, hans zimmer, depeche mode, venetian snares, evanescence, placebo, bloc party, moby, pet shop boys, fort minor, jem, lily allen, david guetta, eminem, faithless, timbaland, mark ronson, keane, gorillaz, good charlotte, fall out boy, maroon 5, jay-z, my chemical romance, justice, kylie minogue
[aretha franklin]
sonata arctica, manowar, edguy, sabaton, iron maiden, judas priest, dio, stratovarius, jedi mind tricks, in flames, nightwish, avantasia, dragonforce, basshunter, scorpions, creedence clearwater revival, ac/dc
feist, dead kennedys, johnny cash, kings of convenience, belle and sebastian, morphine, regina spektor
billie holiday, frank sinatra, louis armstrong, the beatles, abba, elvis presley, james brown
dream theater, elvis costello, frank zappa, pain of salvation, steely dan, system of a down, ayreon, red hot chili peppers, stevie wonder, camel, radiohead, opeth, pink floyd, bruce springsteen, coldplay, the beatles, rush, blur, billie holiday, bob dylan, mika, sufjan stevens, portishead, gorillaz, led zeppelin, david bowie, porcupine tree, muse, serge gainsbourg, aretha franklin, aerosmith, caetano veloso, king crimson
evanescence, coldplay, norah jones, tori amos, gnarls barkley, kt tunstall, foo fighters, enya, enigma, van morrison, corinne bailey rae, simon & garfunkel, fleetwood mac, peter gabriel, sarah mclachlan, joss stone, paul simon, fiona apple
gogol bordello, cocorosie, animal collective, beirut, devendra banhart, the pogues, the beatles, refused, grizzly bear, the velvet underground, against me!, the black keys, crystal castles, bob marley & the wailers, the doors, modest mouse, battles, miles davis, yann tiersen, cake, portishead
b?hse onkelz, bullet for my valentine, papa roach, rise against, 36 crazyfists, as i lay dying, escape the fate, subway to sally, alesana, bring me the horizon, good charlotte, dope, sonic syndicate, the all-american rejects, silverstein, simple plan, koЯn, fall out boy, senses fail, from first to last, atreyu, disturbed, 30 seconds to mars, the used, 3 doors down, children of bodom, alexisonfire, slipknot, underoath, a day to remember, three days grace, bad religion, all shall perish, enter shikari, killswitch engage, my chemical romance
manu chao, bob dylan, the rolling stones, dave matthews band, pink floyd, neil young, cream, led zeppelin, the doors, red hot chili peppers, bob marley & the wailers, franz ferdinand, radiohead, creedence clearwater revival, nick cave and the bad seeds, ben harper
emilie autumn, muse, the flaming lips, the fray, alkaline trio, system of a down, thrice, brand new, nine inch nails, avenged sevenfold, opeth, the postal service, motion city soundtrack, type o negative, led zeppelin, rammstein, tool, the shins, dragonforce, blink-182, less than jake, jimmy eat world
rammstein, muse, red hot chili peppers, dream theater, 36 crazyfists, the beatles, system of a down, pendulum, ludwig van beethoven, daft punk, primus, the prodigy, rush, led zeppelin, lostprophets, david bowie, jamiroquai, nirvana, soundgarden, deftones, slayer, digitalism, tool, black label society, joe satriani, the whitest boy alive, mr. scruff, foo fighters, serj tankian, gorillaz
portishead, opeth, therion, my dying bride, ulver, paradise lost, ramones, tiamat, bad religion, black sabbath, katatonia, porcupine tree, gotan project, blind guardian, apocalyptica, finntroll, the gathering, haggard, mot?rhead, anathema, morbid angel, in flames, a perfect circle, alice in chains, dream theater
agalloch, in flames, vnv nation, dimmu borgir, porcupine tree, pain, paradise lost, korpiklaani, opeth, finntroll, children of bodom, norther, eluveitie, type o negative, samael, amon amarth, rammstein, soilwork, arch enemy, nightwish, a perfect circle
nine inch nails, rammstein, the pogues, tom waits, dead kennedys, kmfdm, pj harvey, misfits, mot?rhead, gogol bordello, queens of the stone age, the smashing pumpkins, ac/dc, deftones, kings of convenience, beastie boys, the chemical brothers, the prodigy
led zeppelin, black sabbath, rainbow, iron maiden, ac/dc, pink floyd, aerosmith, ray charles, jethro tull, helloween, andrew lloyd webber, skid row, avantasia, guns n roses, queen, ozzy osbourne, manowar
jamie cullum, herbie hancock, michael bublé, jack johnson, norah jones, katie melua, robbie williams, sting, diana krall, stevie wonder, louis armstrong, ray charles, john mayer, santana, joss stone, amy winehouse, frank sinatra, nina simone
the knife, depeche mode, kraftwerk, beck, arctic monkeys, deichkind, goldfrapp, the last shadow puppets, the chemical brothers, joy division, coldplay, kings of convenience, mgmt, the whitest boy alive, air, the streets, emilíana torrini, john coltrane, nouvelle vague, mando diao, the prodigy, franz ferdinand, interpol, télépopmusik, r?yksopp, miles davis, daft punk
katatonia, anathema, cocteau twins, theatre of tragedy, cradle of filth, the smiths, david bowie, moonspell, therion
nelly furtado, rihanna, justin timberlake, avril lavigne, chris brown, beyoncé, maroon 5, the offspring, paramore, akon, linkin park, gwen stefani, kelly clarkson, evanescence, the pussycat dolls, fergie, ne-yo, timbaland, lily allen, jennifer lopez, my chemical romance, madonna, lady gaga, gym class heroes, black eyed peas, nickelback, chamillionaire, infected mushroom, fall out boy, pink, the fray, cansei de ser sexy, lil wayne
gentleman, stone sour, amy macdonald, staind, flyleaf, peter fox, nelly furtado, norah jones, sheryl crow, plain white ts, elvis presley, colbie caillat, alanis morissette, foo fighters
guns n roses, dave matthews band, seal, pearl jam, barenaked ladies, alanis morissette, jason mraz, velvet revolver, the police, metallica, green day, hot hot heat, cake, foo fighters, sheryl crow, silverchair, the beatles, third eye blind, radiohead, sublime, the decemberists, beastie boys, stone temple pilots, matchbox twenty, ben folds five, goldfinger, live, maroon 5, nickelback, sum 41, kelly clarkson, new found glory
panic at the disco, matchbox twenty, imogen heap, gorillaz, fall out boy
placebo, parkway drive, thursday, system of a down, the blood brothers, at the gates, senses fail, nofx, rise against, bright eyes, death cab for cutie, saosin, slayer, rage against the machine, ramones, tool, lamb of god, bob marley & the wailers, silverstein, anti-flag, alkaline trio, dead kennedys, foo fighters, hatebreed, the cure, pantera, taking back sunday
justice, fatboy slim, daft punk, kate nash, snoop dogg, arctic monkeys, the white stripes, the prodigy, the who, pendulum, muse, rage against the machine, the killers, calvin harris, the hellacopters, kanye west, bloc party, air, electric six, band of horses, basshunter, 50 cent, led zeppelin, high contrast, beastie boys, eminem, mgmt, the kooks, jimi hendrix, guns n roses
kent, the knife, sigur rós, system of a down, the killers, flogging molly, ani difranco, damien rice, dropkick murphys, jeff buckley, jens lekman, black label society, gnarls barkley, the postal service, queen, red hot chili peppers, john frusciante, bad religion, arctic monkeys, h?kan hellstr?m, jason mraz, regina spektor, mando diao, matisyahu, the sounds
plain white ts, the dresden dolls, rammstein, klaxons, hard-fi, depeche mode, ratatat, pink floyd, sufjan stevens, the faint, flogging molly, muse, lostprophets, gogol bordello, iron maiden, blind guardian, eels, kraftwerk, she wants revenge, the kooks
depeche mode, faithless, guns n roses, enigma, gogol bordello, placebo, rammstein, apocalyptica
ani difranco, interpol, dave matthews band, gorillaz, clap your hands say yeah, eels, the postal service
muse, the beatles, robbie williams, the killers, snow patrol, madness, led zeppelin, nofx, queens of the stone age, coldplay, papa roach, queen, primal scream, fatboy slim, kanye west, my chemical romance, eminem, kaiser chiefs, rammstein, bloc party, richard cheese, kasabian, the clash, [unknown], the kooks, franz ferdinand, the bravery
queens of the stone age, orbital, amon tobin, the future sound of london, boards of canada, autechre, pink floyd, a perfect circle, r?yksopp, the prodigy, massive attack, the offspring, system of a down, infected mushroom, aphex twin, audioslave, groove armada
samael, dead can dance, ulver, moonspell, melvins, the doors, tiamat, king crimson, antonio vivaldi, philip glass, down, my dying bride, frédéric chopin, joy division
jimi hendrix, matisyahu, sean paul, queen, bob marley & the wailers, sabaton
tom waits, sonic youth, aphex twin, ulver, devo, atmosphere, amon tobin, four tet, gotan project, darkthrone, isis, kings of convenience, autechre, m.i.a., death cab for cutie, dj shadow, converge, manu chao, satyricon, ladytron, mogwai, descendents, venetian snares
death cab for cutie, t.i., clint mansell, blink-182, circa survive, fall out boy, crystal castles, gym class heroes
john mayer, marilyn manson, keane, maroon 5, sting, oasis, phil collins, within temptation, the presets, sheryl crow, yann tiersen, kt tunstall, the killers, simple plan, madonna, robbie williams, evanescence, fall out boy, christina aguilera, abba, bon jovi, lifehouse, ashlee simpson, alanis morissette, 3 doors down, enya, dido
portishead, massive attack, the cranberries, enya, lacrimosa, nirvana, evanescence, bob marley, bj?rk
bob marley & the wailers, elvis presley
oasis, rufus wainwright, stars, the killers, the beatles, coldplay, nofx, the smiths, billy joel, pink floyd, franz ferdinand, the dresden dolls, queen, ben folds, the cranberries, electric light orchestra, the arcade fire, fleet foxes, the dandy warhols, interpol, dire straits, danny elfman, joy division, spice girls, keane, elton john, cat stevens
marilyn manson, portishead, she wants revenge, emilie autumn, the jesus and mary chain, placebo, the birthday massacre, combichrist, apoptygma berzerk, kmfdm, morrissey, the killers, type o negative, muse, cradle of filth, radiohead, the smashing pumpkins, the 69 eyes, cocteau twins, my bloody valentine
prince, barenaked ladies, bowling for soup, depeche mode, the killers, weezer, frank sinatra, garbage, they might be giants, elvis costello, matisyahu, the offspring, my chemical romance, death cab for cutie, jack johnson, pink, the beatles, queen, enya, green day, modest mouse, sublime, echo & the bunnymen, pearl jam, fall out boy, gwen stefani, corinne bailey rae, shakira, sting, 3 doors down, beastie boys, the cardigans, the white stripes, cake, the cure
sigur rós, queens of the stone age, madvillain, bon jovi, ghostface, j dilla, arcade fire, rjd2, rush, jurassic 5, jay-z, aesop rock, u2, the roots, of montreal, spoon, neutral milk hotel, modest mouse, busta rhymes, michael jackson, a tribe called quest, pearl jam, notorious b.i.g., madlib, nirvana, sublime, soundgarden, radiohead, 2pac
[shout out louds]
talking heads, pixies, the cure
vader, ensiferum, death, chimaira, kamelot, amon amarth, die apokalyptischen reiter, cannibal corpse, apocalyptica, immortal
daft punk, explosions in the sky, r.e.m., the doors, justice, portishead, chicane, sublime, dethklok, minus the bear, ratatat, gorillaz, devendra banhart, matisyahu, band of horses, radiohead, against me!, timbaland, thursday, circa survive, 311, muse, tegan and sara, fatboy slim, benny benassi, aerosmith, gogol bordello
death, amon amarth, children of bodom, cannibal corpse, loreena mckennitt, arch enemy, dark tranquillity, behemoth, blind guardian, dimmu borgir, in flames, soilwork, cradle of filth, napalm death, opeth, lamb of god, morbid angel, therion, vader, tenacious d, nile, carcass, [unknown]
bob marley & the wailers, the beatles, muse, plaid
silverstein, goldfinger, escape the fate, relient k, millencolin, green day, avril lavigne, the offspring, afi, paramore, nofx, a day to remember, die toten hosen, bowling for soup, saosin, story of the year, simple plan, senses fail, funeral for a friend, plain white ts, good charlotte, alesana, pennywise, die ?rzte
tegan and sara, feist, nouvelle vague, the kooks, damien rice, coldplay, kings of convenience, jack johnson, goldfrapp, portishead, mew, broken social scene, maroon 5, cocorosie, muse, the beatles, the sounds, belle and sebastian, incubus, justin timberlake, norah jones, josé gonzález, blink-182, red hot chili peppers, iron & wine, the cardigans, frou frou
elliott smith, neutral milk hotel, the decemberists, kings of convenience, cursive, ...and you will know us by the trail of dead, architecture in helsinki, stars, dr. dre, m. ward, feist, gang starr
coldplay, sufjan stevens, radiohead, the postal service, the flaming lips, pinback, the shins, death cab for cutie, broken social scene, r.e.m., bat for lashes, angels & airwaves, tv on the radio, gorillaz, feist, the new pornographers, built to spill, peter bjorn and john, stars, amon tobin, bloc party, modest mouse, spoon, incubus, unkle, nada surf, mike oldfield, the rapture, vampire weekend, beck, of montreal, badly drawn boy, oasis, u2, air, fleetwood mac, interpol, the knife, hercules and love affair
the clash, social distortion, the specials, madness, dead kennedys, dropkick murphys, flogging molly, sex pistols, misfits
disturbed, stone sour, rob zombie, metallica, faithless, atb, sting, godsmack, hoobastank, a perfect circle, static-x, foo fighters, rammstein, daft punk, breaking benjamin, the prodigy, apocalyptica, alice in chains, nine inch nails, jimmy eat world, hammerfall, red hot chili peppers, koЯn
the strokes, sean paul, limp bizkit, soundtrack, linkin park
pink floyd, radiohead, kosheen, the beatles, muse, the cure, simon & garfunkel, dire straits, the postal service, kings of convenience, feist, clint mansell, apocalyptica, u2, cat power, death cab for cutie, moby, portishead, the decemberists, elvis presley, snow patrol, neutral milk hotel
ac/dc, flogging molly, the offspring, ramones
christina aguilera, clint mansell, soundtrack, 50 cent, the game, pendulum, madonna, ti?sto
the knife, sigur rós, duffy, editors, céline dion, dimmu borgir, loreena mckennitt
kreator, mot?rhead, m?tley crüe, iron maiden, pantera, lamb of god, ac/dc, machine head, sonata arctica, system of a down, koЯn, bloodhound gang, megadeth, led zeppelin, aerosmith, slayer, rammstein, skid row, black sabbath, judas priest, linkin park, helloween, nirvana, the offspring, children of bodom, anthrax, trivium, tenacious d, in flames, dream theater
duran duran, david bowie, genesis, michael jackson, toto, phil collins, robbie williams, scissor sisters, billy joel, britney spears, fleetwood mac, seal, no doubt, madonna, jamiroquai, mika, stevie wonder, franz ferdinand, janet jackson, red hot chili peppers
yellowcard, the game, 50 cent, kanye west, lil wayne, nas, jay-z, lupe fiasco, simple plan, notorious b.i.g., o.s.t.r., three days grace, ignite, my chemical romance, sum 41, anberlin, story of the year, duffy, escape the fate, t.i., the used, breaking benjamin, ghostface, skillet, gang starr, red.jumpsuit.apparatus
[unknown], cypress hill, godsmack, tool, bob marley, staind, stone sour, disturbed, limp bizkit, rihanna, koЯn, the game, snoop dogg, gentleman, seeed, pendulum, evanescence, p.o.d.
a tribe called quest, madlib, tosca, nightmares on wax, j dilla, dj shadow, erykah badu, talib kweli, dj krush, parov stelar, the cinematic orchestra, common, mf doom, norah jones, madvillain, jurassic 5
2pac, the bouncing souls, millencolin, rise against, linkin park, 3 doors down, thrice, from autumn to ashes, mando diao, caliban, nofx, foo fighters, pennywise, killswitch engage, alexisonfire, die apokalyptischen reiter, thursday
unkle, digitalism, thievery corporation, beastie boys, lcd soundsystem, nouvelle vague, the prodigy, dj shadow, bloc party, massive attack, bonobo, amon tobin, archive, arctic monkeys, portishead, simian mobile disco, muse, rjd2, air, radiohead, mando diao, daft punk, justice, sonic youth, placebo, gorillaz, dj krush, the killers, feist, travis, tricky, the last shadow puppets, goldfrapp, boys noize, trentem?ller, queens of the stone age, sneaker pimps, mr. scruff, morcheeba, peaches, cut copy, the cinematic orchestra
killswitch engage, the haunted, john williams, dark tranquillity, dimmu borgir, katatonia, arch enemy, metallica, scar symmetry, pain of salvation, danny elfman, the who, disturbed, at the gates, the beatles, judas priest, opeth, nine inch nails, rammstein, volbeat, thin lizzy, behemoth, therion, gojira, red hot chili peppers, foo fighters
dj shadow, pink floyd, bj?rk, boards of canada, massive attack, squarepusher, nirvana, r?yksopp, ladytron, beastie boys, múm, gang starr, venetian snares, the prodigy, wu-tang clan, sigur rós, depeche mode, aphex twin, portishead, télépopmusik, primus, [unknown], iron maiden, m.i.a., enigma, system of a down
crystal castles, bonobo, gogol bordello, the knife, klaxons, god is an astronaut, amon tobin, rjd2, the prodigy, róisín murphy, massive attack, bloc party, squarepusher, ladytron, the chemical brothers, dead kennedys, depeche mode, the last shadow puppets, red hot chili peppers, joy division, goldfrapp, placebo, aphex twin, venetian snares, moloko, franz ferdinand
bonobo, placebo, portishead, massive attack, depeche mode, beastie boys, tosca, buena vista social club, unkle, the chemical brothers, alanis morissette, coldplay, the prodigy, nouvelle vague, calvin harris, michael jackson, enigma, jazzanova, maroon 5, radiohead
as i lay dying, comeback kid, the kooks, caliban, in flames, bring me the horizon, chiodos, the black dahlia murder, city and colour, heaven shall burn, all shall perish, 3 doors down, gorillaz, trivium, from first to last
apocalyptica, nickelback, kreator, rammstein, vnv nation, death, dragonforce, dropkick murphys, disturbed, queen, sodom
pearl jam, opeth, tom waits, black sabbath, mastodon, the doors, led zeppelin, johnny cash, the jimi hendrix experience, death, frank zappa, slayer, nile, metallica, behemoth, pink floyd, pantera, sepultura, primus
red hot chili peppers, tool, darkthrone, satyricon, caliban, the white stripes, behemoth, primus, o.s.t.r., stone sour, vader, isis, pantera, john frusciante, faith no more, slipknot, rob zombie, trivium, linkin park, the black dahlia murder, drowning pool, beastie boys, deftones, sigur rós, meshuggah, fear factory, mastodon, staind, machine head, all shall perish
[shpongle]
hot chip, the national, jay-z, iron & wine, j dilla, kings of convenience, m83, beirut, the flaming lips
in flames, equilibrium, amorphis, soilwork, katatonia, satyricon, slipknot, sonic syndicate, agalloch, disturbed, hypocrisy
pink martini, thievery corporation, massive attack, amon tobin, leonard cohen, tricky, gotan project, al green, george michael, édith piaf, bj?rk, diana krall, john coltrane, madonna, prince
the cure, bloc party, the roots, tokyo police club, weezer, michael jackson, eddie vedder, no doubt, mariah carey, the streets, ne-yo, depeche mode, herbie hancock, the smashing pumpkins, n*e*r*d, janet jackson, usher, justin timberlake, rancid, jay-z, imogen heap, red hot chili peppers, muse, a tribe called quest, daft punk, the postal service, sublime, mary j. blige, common, arctic monkeys, barenaked ladies, ludacris, maroon 5, missy elliott, nas, chris brown, vampire weekend, aretha franklin, frou frou, kaiser chiefs, notorious b.i.g., stone temple pilots
ramones, turbonegro, misfits, eagles of death metal, social distortion, black flag, the hellacopters, descendents, minor threat, nofx
tv on the radio, animal collective, the mountain goats, radiohead, lady gaga, pink floyd, tegan and sara, bat for lashes, bonnie prince billy, the national, paramore, bon iver, grizzly bear, sufjan stevens, modest mouse, against me!, peter gabriel, broken social scene, santogold, the beach boys, fleet foxes, m.i.a., al green, lily allen, aesop rock, m83, arcade fire, yeah yeah yeahs, lupe fiasco, robyn, mastodon, shout out louds, brian eno, gnarls barkley
placebo, r.e.m., bright eyes, muse, the ting tings, christina aguilera, billy talent, iamx, belle and sebastian, paramore
patrick wolf, the libertines, cansei de ser sexy, mgmt, late of the pier, the cribs, babyshambles, adam green, t.a.t.u., klaxons, regina spektor, the pipettes, the strokes, édith piaf
razorlight, santogold, eric clapton, the prodigy, jack johnson, blur, the game, the killers, nirvana, snow patrol, the jam, the who, the wombats, bloc party
fall out boy, live, pinback, damien rice, dashboard confessional, nirvana, death cab for cutie, coheed and cambria, ryan adams
red hot chili peppers, rammstein, lacuna coil, radiohead, duffy, nine inch nails, iron maiden, green day, koЯn
[unknown], usher
arctic monkeys, system of a down, nightwish, fear factory, the offspring, red hot chili peppers, ramones, slayer, serj tankian, children of bodom, sonata arctica, stratovarius, billy talent, green day, blink-182, metallica, in flames, sum 41
andrew lloyd webber, danny elfman, me first and the gimme gimmes, howard shore, billy joel, frédéric chopin
cunninlynguists, madvillain, mf doom, talib kweli, ray charles, madlib, common, kanye west, mos def
gorillaz, aphex twin, sublime, mindless self indulgence, 2pac, beastie boys, bloodhound gang, notorious b.i.g.
m. ward, common, j dilla, the beatles, aphex twin, sublime, notorious b.i.g., simon & garfunkel, the rolling stones, tv on the radio, bob marley & the wailers, kanye west, talib kweli, manu chao, neil young, otis redding, pixies, led zeppelin, nas
mogwai, the raconteurs, deerhoof, burial, the brian jonestown massacre, the kinks, cunninlynguists, sage francis, roots manuva, the beatles, dizzee rascal, supergrass, mos def, peaches
outkast, jay-z, kanye west, t.i., nas, ludacris, the roots, notorious b.i.g., usher, erykah badu, mariah carey, lil wayne, alicia keys, snoop dogg, john legend, 2pac, a tribe called quest, 50 cent, beyoncé, dr. dre, janet jackson
yo la tengo, die ?rzte, r.e.m., pixies, beck, bad brains, yann tiersen, sonic youth, the magnetic fields, pavement, the cure, joy division, frank zappa, modest mouse, fugazi, nada surf, the smiths, john frusciante, dinosaur jr., tortoise, devendra banhart, tricky, sufjan stevens, death cab for cutie, elliott smith, of montreal, devo, spoon
the future sound of london, elvis presley, radiohead, squarepusher, manu chao, nick cave and the bad seeds, iggy pop, jefferson airplane, autechre
the pussycat dolls, rihanna, kelly clarkson, my chemical romance, lady gaga, sugababes, lily allen, m.i.a., miley cyrus, green day, bloodhound gang, the all-american rejects, johnny cash, the kinks, the used, black eyed peas, the streets, simple plan, blink-182, crystal castles, coldplay, paramore, 30 seconds to mars, christina aguilera, dizzee rascal, the who, arctic monkeys, madonna, ne-yo, nickelback, franz ferdinand
lil wayne, mudvayne, iron maiden, in flames, limp bizkit, slipknot, soulfly, guano apes, 30 seconds to mars, nickelback, clint mansell, metallica, infected mushroom, hammerfall
air, lamb, massive attack, groove armada, erykah badu, nightmares on wax, r?yksopp, thievery corporation, télépopmusik, boards of canada, hooverphonic, morcheeba, sia, bonobo, portishead, tosca
joe satriani, metallica, ozzy osbourne, rage against the machine, dream theater, black label society, incubus, disturbed, audioslave, godsmack, tool, black sabbath, alice in chains, creed, ac/dc, guns n roses, judas priest, linkin park, alter bridge, breaking benjamin, the offspring, lamb of god, stone temple pilots, p.o.d., silverchair, jurassic 5, drowning pool, dethklok, pink floyd, blur, children of bodom, gorillaz, led zeppelin, limp bizkit, slayer, iron maiden
[alice cooper]
david bowie, the knife, the magnetic fields, sufjan stevens, hot chip, elliott smith, slowdive, m.i.a., boards of canada, modest mouse, nick drake, my bloody valentine, burial, iron & wine, portishead, lupe fiasco, vampire weekend, the mountain goats, battles, the clash, autechre, cocteau twins, lcd soundsystem, daft punk, bj?rk, neil young, the beach boys, the velvet underground, neutral milk hotel, simian mobile disco, massive attack, air, beirut, arcade fire
diana krall, zero 7, fiona apple
scorpions, manowar, ac/dc, def leppard, m?tley crüe, die ?rzte, van halen, metallica, alice cooper, deep purple, skid row, rainbow, mot?rhead, black sabbath, ozzy osbourne, helloween, sodom
switchfoot, the beatles
rage against the machine, bj?rk, pink floyd, arctic monkeys, the white stripes, beck, nirvana, antony and the johnsons, the beatles, nina simone, bob marley, richard cheese, placebo, basement jaxx, the clash, jimi hendrix, frank sinatra, queen, dj shadow, dead kennedys, arcade fire, moloko, various artists, ok go, dirty pretty things, the rolling stones, foo fighters, ben harper, yeah yeah yeahs, death from above 1979, the specials
incubus, the cure, daft punk, the killers, lily allen, at the drive-in, the white stripes, muse, eels, death cab for cutie, the smashing pumpkins, kings of leon, the sounds, tool, bloc party, radiohead, system of a down, soundgarden, cansei de ser sexy, a perfect circle, david bowie, the mars volta, franz ferdinand, the gossip, yann tiersen, arcade fire, arctic monkeys, yeah yeah yeahs, kyuss, interpol, the who, foo fighters
ac/dc, carcass, behemoth
alexisonfire, 2pac, nine inch nails, hatebreed, cannibal corpse, cocorosie, ice cube, dr. dre, mudvayne, sepultura, darkthrone, nile, the haunted, snoop dogg, ludacris, slipknot, the game, bloodbath, marilyn manson, tenacious d, akira yamaoka, iron maiden, squarepusher, limp bizkit
the flashbulb, pendulum, aphex twin, squarepusher, apparat
kreator, journey, dark tranquillity, kiss, toto, lynyrd skynyrd, velvet revolver, stone temple pilots, in flames
lady gaga, common, the kooks, leona lewis, avril lavigne, enrique iglesias, alicia keys, guano apes, katy perry, rihanna, t.i., natasha bedingfield, billy talent, 3 doors down, lil wayne, sum 41, britney spears, kings of leon, beyoncé, usher, james blunt, justin timberlake, paramore, kelly clarkson, n*e*r*d, foo fighters
2pac, jay-z, dmx, the game, snoop dogg, akon, cypress hill, busta rhymes, lil wayne, ice cube, chamillionaire, t.i., 50 cent, cascada, ti?sto, calvin harris, ludacris, scooter, sean paul, paul van dyk, timbaland, september
marilyn manson, mindless self indulgence, the killers, the prodigy, pink, depeche mode, slipknot, system of a down, nirvana, pendulum, infected mushroom, wolfgang amadeus mozart, coldplay, daft punk, drowning pool, papa roach, devildriver, amy winehouse, kosheen, tenacious d, massive attack, skillet, billy talent, katy perry, linkin park, paul oakenfold, the ting tings, koЯn, pearl jam
joy division, the smiths, frank zappa, tom waits, o.s.t.r., aphex twin, led zeppelin, autechre, nirvana, pid?ama porno, modest mouse, portishead
queen, placebo, mike oldfield, the doors, iamx, hans zimmer, thomas newman, anathema, the smashing pumpkins, fiona apple, antony and the johnsons, nelly furtado, rammstein, nick drake, deathstars, the cure, clint mansell, silverchair, pj harvey, 30 seconds to mars, michael jackson, john williams
tegan and sara, stars, the new pornographers, metric, elliott smith, the national, broken social scene, patrick wolf, the weakerthans, sufjan stevens, final fantasy, sigur rós, joanna newsom, feist, city and colour, antony and the johnsons, the go! team, arcade fire, m.i.a., cocorosie, bloc party, the shins, rilo kiley, of montreal, jens lekman, damien rice, the decemberists, okkervil river, spoon, tokyo police club
flyleaf, fall out boy, timbaland, lostprophets, justice, mgmt, michael bublé, justin timberlake, david guetta, dashboard confessional, lifehouse, the fray, boys like girls, colbie caillat, the killers, corinne bailey rae, sugarcult, rihanna, staind, fergie, jimmy eat world, jason mraz, nine inch nails, coldplay, nada surf, system of a down, nelly furtado, alanis morissette, shiny toy guns, death cab for cutie, amy winehouse, armin van buuren, britney spears, lady gaga, panic at the disco
black flag, converge, minor threat
bruce springsteen, the beatles, bob dylan, tom waits, leonard cohen, ryan adams, elvis presley, fleetwood mac, avril lavigne, u2
grateful dead, peter gabriel, stevie wonder, santana, calexico, m. ward, bauhaus, andrew bird, thievery corporation, miles davis, ac/dc, bob marley & the wailers, tortoise, neko case, talking heads, john coltrane, the beach boys, belle and sebastian, james brown, van morrison, nick drake, bob marley, the rolling stones, devendra banhart, brian eno, bob dylan
ayreon, kamelot, avantasia, hans zimmer, symphony x, dream theater, john williams, nightwish, pink floyd, rammstein, dire straits, sonata arctica, disturbed, red hot chili peppers
the streets, genesis, snow patrol, pink floyd, robbie williams, scorpions, kate nash, the fray, coma, akurat, cocorosie, max richter, david bowie, sufjan stevens, danny elfman, philip glass, pj harvey, gavin degraw, mogwai, pid?ama porno
john lennon, kate nash, the jimi hendrix experience, bob dylan, the clash, the white stripes, muse, the rolling stones, janis joplin, the cardigans, gorillaz, nirvana, jimi hendrix, joy division, sublime, led zeppelin, iron & wine, dashboard confessional, counting crows
the beatles, radiohead, belle and sebastian, the brian jonestown massacre, fugazi, burial, the jesus and mary chain, animal collective, mew, the kinks, the magnetic fields, built to spill, tom waits, the raveonettes, patrick wolf, joy division, pavement, the clash, nine inch nails, the smashing pumpkins, bob dylan, beck, primal scream, j dilla, portishead, the zombies, boards of canada, the verve, the flashbulb, pixies, my bloody valentine, okkervil river
johnny cash, king crimson, the beach boys, pink floyd, kraftwerk, belle and sebastian, captain beefheart & his magic band, nick drake, god is an astronaut
alicia keys, antony and the johnsons, biffy clyro, sigur rós, norah jones, muse, mariah carey, evanescence, the decemberists, dido, kent, múm, damien rice, portishead, mogwai, mono, coldplay, belle and sebastian, maroon 5, apocalyptica, bat for lashes, stars, sarah mclachlan, cat power, linkin park, radiohead, katie melua
atb, blank & jones, armin van buuren, ti?sto, above & beyond, ferry corsten, groove coverage, september, chicane, scooter, paul van dyk
the smashing pumpkins, coldplay, radiohead, r?yksopp, neil young, depeche mode, deus, thievery corporation, kate bush, portishead, air, the cure, trentem?ller, r.e.m., peter gabriel, the smiths, queen, the police, the jimi hendrix experience, electric light orchestra, iggy pop, the doors, the cranberries, chicane, the cardigans, tom petty and the heartbreakers, placebo, muse, sugababes, talking heads
avantasia, nightwish, children of bodom
goldfinger, placebo, the offspring, coldplay, system of a down, green day, muse, less than jake, arctic monkeys, bad religion, manu chao, red hot chili peppers, lostprophets, the chemical brothers, sum 41, lamb, anti-flag, kaiser chiefs, radiohead, rammstein, fischerspooner, sufjan stevens, garbage, keane, no doubt, incubus, billy talent, gentleman, pink, era, hoobastank, alkaline trio, genesis, the all-american rejects, papa roach, the dandy warhols, the hives
metallica, pearl jam, alice in chains, guns n roses, the smashing pumpkins, nirvana, linkin park, stone temple pilots, dave matthews band, rage against the machine, green day, radiohead, soundgarden, foo fighters, nine inch nails, red hot chili peppers, ramones, all that remains, flo rida, sublime, billy joel, coldplay, primus, anthrax, lamb of god, megadeth, t.i., death cab for cutie, disturbed, counting crows, incubus, jack johnson, jason mraz, faith no more, rihanna, third eye blind, tool, fall out boy, john mayer, audioslave
dir en grey, sonata arctica
beck, in extremo, slayer, samael, red hot chili peppers, die apokalyptischen reiter, the dresden dolls, staind, primus, chimaira, manu chao, lostprophets, farin urlaub, rob zombie, apocalyptica, disturbed, papa roach, die ?rzte, koЯn, rammstein, korpiklaani, refused, godsmack, p.o.d.
deerhoof, joy division, devo, the knife, animal collective, buzzcocks, sonic youth, misfits, the velvet underground, crystal castles, john lennon, justice, daft punk, the zombies, my bloody valentine, caetano veloso, t. rex, battles
ghostface, miles davis, jay-z, audioslave, nas, kanye west, snoop dogg, common, ice cube, al green, billie holiday, nouvelle vague, damian marley, 50 cent, air, the smashing pumpkins
nofx, bloodhound gang, god is an astronaut, the offspring, rammstein, dropkick murphys, bad religion, r.e.m., misfits, nirvana, die ?rzte, pixies, dark tranquillity, the killers, kmfdm, moby, in flames, flogging molly, rancid, korpiklaani, the smashing pumpkins, slipknot, depeche mode, moonspell, die apokalyptischen reiter, blink-182
[dr. dre]
tool, deftones, the who, queen, jimi hendrix, nickelback, the rolling stones, john lennon, paul mccartney, creedence clearwater revival, elvis presley, the doors, cream, the kinks, david bowie, godsmack, the dillinger escape plan, the jimi hendrix experience, the beach boys, eagles, simon & garfunkel, the zombies, deep purple, goldfinger, in flames, the byrds, barenaked ladies, elton john, janis joplin, the strokes, bad religion, nightwish, t. rex, electric light orchestra, jefferson airplane, iron maiden, the velvet underground
[taylor swift]
[shpongle]
jedi mind tricks, depeche mode, the prodigy, michael jackson, parov stelar
elvis presley, the beatles, amy winehouse, arctic monkeys, the killers, mika, frank sinatra, jason mraz, maroon 5, enrique iglesias, céline dion, édith piaf, soundtrack, otis redding, panic at the disco, pink martini
red hot chili peppers, madonna, linkin park, coldplay, backstreet boys, nelly furtado, dido, spice girls, rihanna, britney spears, ashlee simpson, alanis morissette, enrique iglesias, avril lavigne, jennifer lopez
children of bodom, kiss, nightwish, alice cooper, lordi, edguy
descendents, the rolling stones, of montreal, death cab for cutie, elliott smith, mirah, the gossip, jimmy eat world, elvis costello, deerhoof, t. rex, cursive, nofx, kimya dawson, black flag, the who, me first and the gimme gimmes, bad brains, the beatles, explosions in the sky
paramore, red hot chili peppers, the strokes, madonna, [unknown]
ladytron, yeah yeah yeahs, arcade fire, spoon, devo, the white stripes, the new pornographers, broken social scene, madvillain, rjd2, architecture in helsinki, of montreal
the 69 eyes, kamelot, anathema, sirenia, turisas, symphony x, ensiferum, megadeth, nightwish, finntroll, dream theater, blind guardian
rage against the machine, radiohead, sublime, chico buarque, bob dylan
nada surf, t.i., the flaming lips, blink-182, less than jake, creedence clearwater revival, wu-tang clan, brand new, the stone roses, the clash, green day
tegan and sara, queens of the stone age, nirvana, 65daysofstatic, system of a down, the cure, rage against the machine, muse, deftones, bush, metric, jimi hendrix, green day, the hives, a perfect circle, bloc party, the offspring, ladytron, battles, johnny cash, marilyn manson, aphex twin, eels, the strokes, silverchair, radiohead, the black keys, the prodigy, daft punk, ramones, the beatles, placebo, dido
bonnie prince billy, the shins, sufjan stevens, nick cave and the bad seeds, ryan adams, neil young, radiohead, antony and the johnsons, architecture in helsinki, arcade fire, the new pornographers, ben harper, okkervil river, calexico, modest mouse, the decemberists, david bowie, cocorosie, belle and sebastian, the magnetic fields, joy division, pj harvey, bob dylan, fiona apple, johnny cash, pearl jam, cat power, ray lamontagne, bright eyes, air, the whitest boy alive, dinosaur jr., kings of leon, band of horses, the velvet underground
rise against, paramore, bullet for my valentine, thrice, emery, soundgarden, incubus, nirvana, silverchair, alanis morissette, foo fighters, kelly clarkson, pearl jam, enter shikari, the verve, anberlin, u2, linkin park, creed, oasis, 30 seconds to mars, afi
bad religion, less than jake, dropkick murphys, rancid, they might be giants, pennywise, streetlight manifesto, the pipettes, nofx, barenaked ladies, reel big fish, dead kennedys
arctic monkeys, the hives, the pigeon detectives, the kooks, franz ferdinand, the fratellis, the subways, the white stripes, hot hot heat, weezer, jet, billy talent, mando diao, millencolin, afi, him
die toten hosen, underworld
jens lekman, architecture in helsinki, dashboard confessional, beirut, the cribs, peter bjorn and john, arctic monkeys, the decemberists, the postal service, tv on the radio, clap your hands say yeah, the beatles, the kooks
infected mushroom, r?yksopp, moby, kreator, nickelback, muse, paul oakenfold, radiohead, groove armada, faithless, orbital, coldplay, shpongle, nirvana, pink floyd, depeche mode, 3 doors down
o.s.t.r., happysad, system of a down, avril lavigne, red hot chili peppers, the distillers, jonas brothers, beyoncé, taylor swift, pink, rihanna, kelly clarkson, papa roach
opeth, dream theater, pink floyd, iron maiden, symphony x, ayreon, depeche mode, pain of salvation, ensiferum, riverside, death, metallica, testament, porcupine tree, meshuggah, camel, cannibal corpse, iced earth, the beatles, megadeth, dark tranquillity, nile, amon amarth, rush, joe satriani, immortal, carcass, children of bodom
mobb deep, dropkick murphys, the clash, manu chao, jedi mind tricks, nas, creedence clearwater revival, gang starr, the streets, flogging molly, notorious b.i.g., lily allen, ratatat, johnny cash, bob marley, the specials, dire straits, m.i.a.
patrick wolf, tori amos, nine inch nails, pj harvey, bat for lashes, regina spektor, kate bush, clint mansell
j dilla, ennio morricone, fleetwood mac, ghostface
madonna, kylie minogue, no doubt, róisín murphy, jennifer lopez, janet jackson
biffy clyro, beatsteaks, queens of the stone age, bloc party, max?mo park, the hives, death from above 1979, eagles of death metal, say anything, arctic monkeys, foo fighters, my chemical romance, turbonegro, the weakerthans, mando diao, die toten hosen, razorlight, metallica, incubus, the kills, the wombats, kasabian, franz ferdinand, muse, tokyo police club, the blood brothers, the white stripes, cansei de ser sexy, the killers, beck, hard-fi, kaiser chiefs, stereophonics, anti-flag, editors, fall out boy
explosions in the sky, eminem, taking back sunday, the used, led zeppelin, jimi hendrix, nine inch nails, 2pac, 30 seconds to mars, nirvana, justin timberlake, alexisonfire, chiodos, fall out boy, imogen heap, kanye west, frou frou, avenged sevenfold, my chemical romance, tegan and sara, jack johnson, built to spill, the fall of troy, limp bizkit, modest mouse, sublime
depeche mode, death cab for cutie, bright eyes, the cardigans, my bloody valentine, maria mena, portishead, emilie simon, oasis, múm, the jesus and mary chain, dido, interpol, cursive, sonic youth, the gathering, regina spektor, lamb
65daysofstatic, timbaland, avril lavigne, lenny kravitz
immortal, dimmu borgir, burzum, satyricon, die apokalyptischen reiter, behemoth, black sabbath, metallica, darkthrone, equilibrium, slayer, sodom, nile
steely dan, crystal castles, stevie wonder, genesis, sade, phil collins
slipknot, elvis presley, from first to last, alkaline trio, kamelot, flyleaf, rammstein, type o negative, marilyn manson, tricky, soulfly, flogging molly, strapping young lad, linkin park, my chemical romance, billy talent, the 69 eyes, the prodigy, arctic monkeys, machine head, mew, britney spears, nightwish, sepultura, cute is what we aim for, disturbed, fall out boy
slayer, arch enemy, carcass, deep purple, ac/dc, scorpions, led zeppelin, alice in chains, morcheeba, morrissey, r?yksopp, gotan project, opeth, megadeth, iron maiden, mot?rhead, testament, anthrax, portishead, michael jackson, red hot chili peppers, death, depeche mode, pink martini, camel, children of bodom, david bowie, joe satriani, a perfect circle
jonas brothers, taylor swift, miley cyrus, cobra starship, enrique iglesias, panic! at the disco, fall out boy, jordin sparks, paramore, metro station, john mayer, evanescence, green day
jedi mind tricks, 2pac, o.s.t.r., the game, p.o.d., gang starr, the prodigy, manu chao, nas, dead can dance
metallica, ac/dc, porcupine tree, pink floyd, led zeppelin, joe satriani, pearl jam, guns n roses, iron maiden, the beatles, m?tley crüe, judas priest, megadeth, mot?rhead, ozzy osbourne, dire straits, angra, isis, the cure, black sabbath, in flames, david bowie, bullet for my valentine, alice in chains, radiohead, stratovarius, god is an astronaut, lynyrd skynyrd, pantera, dream theater, the who, jethro tull, jimi hendrix, r.e.m., the rolling stones, deep purple, oasis, queensr?che, the dillinger escape plan
porcupine tree, pantera, arch enemy, opeth, santana, red hot chili peppers, joe satriani, nirvana, children of bodom, guns n roses, dave matthews band, the who, jimi hendrix, led zeppelin, cradle of filth, katatonia, mastodon, in flames, disturbed, dimmu borgir, megadeth, as i lay dying, sonata arctica, stone temple pilots, slayer, amon amarth, aerosmith, scorpions, killswitch engage, rammstein, live, oasis, stratovarius, trivium, lacuna coil, audioslave, lamb of god, soilwork, the jimi hendrix experience, atreyu, u2, avenged sevenfold, strapping young lad, the cure
britney spears, the rasmus, t.a.t.u., katy perry, james blunt, placebo, mika, muse, within temptation, afi, hooverphonic, 30 seconds to mars, sigur rós, paramore, coldplay, my chemical romance, michael jackson
nine inch nails, faith no more, bloc party, beck, the presets, boards of canada, oasis, above & beyond, foo fighters, pendulum, tosca, depeche mode, radiohead, plaid, band of horses, the rolling stones, squarepusher, muse, arctic monkeys, the strokes
genesis, eagles, pink floyd, u2, camel, jethro tull, peter gabriel, queen, the beatles, dire straits, madonna, michael jackson, marillion, lenny kravitz, supertramp, sade, james morrison, david bowie
massive attack, the radio dept., alice in chains, led zeppelin, sublime, dire straits, the white stripes, soundtrack, morphine, tool, my chemical romance, [unknown], kyuss, santana
bryan adams, enya, enigma, brian eno, scooter, atb, michael bublé, enrique iglesias, colbie caillat, dido, armin van buuren, inxs, sarah mclachlan, backstreet boys, coldplay, imogen heap, loreena mckennitt, sade
radiohead, ignite, deichkind, sepultura, mobb deep, justice, aphex twin, black flag, digitalism, a tribe called quest, turbonegro, feist, autechre, rage against the machine, johnny cash, boys noize, slayer, metallica
the shins, kanye west, oasis, trentem?ller, radiohead, norah jones, stevie wonder, michael jackson, corinne bailey rae, david gray, josé gonzález, pink floyd, lily allen, billie holiday, daft punk, johann sebastian bach, nina simone, antonio vivaldi, snow patrol
radiohead, the beatles, death cab for cutie, coldplay, arctic monkeys, u2, the killers, cat power, jeff buckley, muse, dire straits, the strokes, oasis, the national, the beach boys, the kills, green day, stars, damien rice, keane, the clash, r.e.m., simon & garfunkel, rufus wainwright, flight of the conchords, the hives, daft punk, the rolling stones, bob dylan, the new pornographers, goldfrapp, queen, kanye west, pink floyd, ramones, kaiser chiefs, bloc party, the libertines
bob marley, sublime, modest mouse, led zeppelin, the prodigy, pink floyd, primus, girl talk, bonobo, ratatat, bright eyes, atmosphere, aphex twin, four tet, mogwai, ludacris
dead kennedys, alice in chains, queens of the stone age, [unknown]
buzzcocks, amy winehouse, pink floyd, the dandy warhols, cat power, modest mouse, alkaline trio, peaches, tom waits, leona lewis, ray charles, kelly clarkson, aerosmith, babyshambles, ella fitzgerald, tegan and sara, backstreet boys, the beatles
u2, jamiroquai, seal, enrique iglesias, maroon 5, gwen stefani, inxs, jennifer lopez, robbie williams, joss stone, black eyed peas, janet jackson, justin timberlake, bee gees, craig david, scissor sisters, nelly furtado
various artists, the clash, aerosmith, guns n roses, thin lizzy, tenacious d, nirvana, electric six, linkin park, oasis
interpol, kings of convenience, kings of leon, crystal castles, nine inch nails, pj harvey, cansei de ser sexy, bloc party, she wants revenge, the ting tings, portishead, tom waits, the hives, editors, at the drive-in, mew, kaiser chiefs, mando diao, opeth, cat power, razorlight, devendra banhart, isis, mastodon, max?mo park, queens of the stone age, architecture in helsinki, joy division, kate nash
chicane, parov stelar, moby, dido, bob marley & the wailers, johnny cash, portishead, cat power, coldplay, johann sebastian bach, ella fitzgerald, dire straits, philip glass, bob marley, pink floyd, faithless, snow patrol, eagles, faith no more, [unknown], the police
frank zappa, radiohead, nick cave and the bad seeds, the beatles, foo fighters, elbow, eels, queen, tool, nine inch nails, ...and you will know us by the trail of dead, muse, the vines, arcade fire
the used, jimmy eat world, red.jumpsuit.apparatus, brand new, coheed and cambria, from autumn to ashes, t.i., underoath, 44
common, erykah badu, the roots, jay-z, the cinematic orchestra, mary j. blige, alicia keys, gang starr, ghostface, snoop dogg, jazzanova, the beatles, a tribe called quest, notorious b.i.g., amy winehouse, miles davis
explosions in the sky, radiohead, boards of canada, amon tobin, shpongle, sublime, kraftwerk, slowdive, air, thievery corporation, ennio morricone, flying lotus, trentem?ller, dave matthews band, the who, massive attack, coldplay, god is an astronaut, paul simon, sigur rós, busta rhymes, animal collective, pendulum, fischerspooner, metallica, four tet
the kooks, arctic monkeys, the verve, coldplay, clueso, the killers, beatsteaks, bruce springsteen, [unknown], oasis, death cab for cutie, snow patrol, modest mouse, the fray, travis, radiohead, keane, razorlight
queen, opeth, dark tranquillity, porcupine tree, metallica, the cranberries, system of a down, pixies, ludwig van beethoven, the raconteurs, nirvana, therion, in flames, arch enemy, slayer, radiohead, haggard, pantera, blur, the prodigy, pearl jam, alice in chains
john mayer, kanye west, coldplay, alicia keys, 2pac, sade, usher, bob marley & the wailers, gym class heroes, snoop dogg, gnarls barkley, mos def, death cab for cutie, ne-yo, n*e*r*d
mariah carey, rihanna, janet jackson, kelly clarkson, christina aguilera, the pussycat dolls, alanis morissette, sarah mclachlan, lady gaga, lily allen, nelly furtado, leona lewis, t.a.t.u., céline dion
linkin park, bullet for my valentine, adema, three days grace, lostprophets, breaking benjamin, in flames, mudvayne, from first to last, silverstein, fort minor, 30 seconds to mars, story of the year, senses fail, sonic syndicate, static-x, atreyu
against me!, rilo kiley, muse, the dresden dolls, pixies, say anything, fall out boy, modest mouse, mindless self indulgence, death cab for cutie, reel big fish, the cribs, tegan and sara, the get up kids, hot hot heat, dashboard confessional, the cure, the shins, mirah, the strokes, my chemical romance, the smiths, blink-182, vampire weekend, rise against, taking back sunday, miley cyrus, the postal service, they might be giants, bright eyes, belle and sebastian, daft punk, hellogoodbye, panic at the disco, regina spektor
feist, the knife, deerhunter, goldfrapp, grizzly bear, calexico, my morning jacket, sufjan stevens
lil wayne, kanye west, disturbed, the prodigy, finntroll, subway to sally, the game, t.i., epica, equilibrium, 50 cent, as i lay dying, eluveitie, linkin park, jay-z
muse, u2, jamiroquai, coldplay, queen, oasis, red hot chili peppers, nirvana, gorillaz, lenny kravitz, placebo
switchfoot, snow patrol, the beatles, the corrs, leona lewis, the fray, maroon 5, a fine frenzy, sara bareilles, incubus, coldplay
jimmy eat world, vampire weekend, leonard cohen, david bowie, t. rex, mgmt
yellowcard, pink, sara bareilles, rise against, john mayer, feist, jason mraz, the shins, kings of convenience, vampire weekend, the veronicas, colbie caillat, nada surf, something corporate, the killers
paul mccartney, journey
madlib, a tribe called quest, parov stelar, tosca, bonobo, flying lotus, mr. scruff, carla bruni, miles davis, fatboy slim, rjd2, de la soul, st. germain, jurassic 5, thievery corporation, the herbaliser, madvillain, gang starr, common, mf doom, dj shadow, feist
air, kylie minogue, gorillaz, avril lavigne, arctic monkeys, the ting tings, black eyed peas, the knife, bj?rk, portishead, britney spears, thomas newman, lady gaga, moby, poets of the fall, depeche mode, paramore, the prodigy, coldplay, evanescence, kelly clarkson, kosheen, [unknown]
pink floyd, queen, led zeppelin, james brown, deep purple, alicia keys, ac/dc, scorpions, de-phazz, lenny kravitz, ozzy osbourne, maroon 5, supertramp, paul mccartney, van halen, jamiroquai, moby, frank zappa, the jimi hendrix experience, eric clapton, def leppard, the doors, richard cheese, james blunt, black eyed peas, bob marley, santana, elvis presley
death cab for cutie, paolo nutini, michael jackson, bon iver, justin timberlake, stevie wonder, ne-yo, maroon 5, kings of leon, vampire weekend, otis redding, saosin, city and colour, the libertines, interpol, say anything
bruce springsteen, reel big fish, gym class heroes, kanye west, joshua radin, me first and the gimme gimmes, new found glory, less than jake, blink-182, streetlight manifesto, fall out boy, jack johnson, the ataris, matisyahu, dropkick murphys, manu chao, bowling for soup, bob marley, millencolin, badly drawn boy, h?kan hellstr?m, jay-z, nofx, lily allen, coheed and cambria, outkast, the beatles, the pipettes, foo fighters, coldplay, the fratellis, u2
imogen heap, bonobo, the cardigans, kt tunstall, queen, frank sinatra, morcheeba, antonio vivaldi, dire straits, sade, sarah mclachlan, phil collins, the herbaliser, de-phazz, feist, enya, red hot chili peppers, dido, norah jones, poets of the fall, carla bruni, u2, moloko, ac/dc, cocorosie
pavement, sufjan stevens, the fall, modest mouse, animal collective, fugazi, pixies, belle and sebastian, the national, sonic youth, elbow, sigur rós, radiohead, interpol
ozzy osbourne, koЯn, afi, pennywise, shakira, morrissey, rammstein, black sabbath, good charlotte, ramones, the game, angels & airwaves, coldplay, nirvana, dr. dre, sublime, the cure, social distortion, metallica, alkaline trio, red hot chili peppers, the doors, static-x, kanye west, pink floyd, linkin park, depeche mode
prince, mogwai, elvis costello, bloc party, goldfrapp, dinosaur jr., frank zappa, stevie wonder, the jam, interpol
evanescence, green day, anathema, iced earth, u2, godsmack, avril lavigne, red hot chili peppers, pid?ama porno, loreena mckennitt, hans zimmer, sum 41, hammerfall, 2pac, coldplay
moby, maria mena, linkin park, t.a.t.u., enya, 30 seconds to mars, relient k, paramore, era, tenacious d, phil collins, the all-american rejects, red.jumpsuit.apparatus, disturbed, killswitch engage, gorillaz, apocalyptica, michael jackson, coldplay, taylor swift, beyoncé, céline dion, the offspring, foo fighters, edguy, limp bizkit, katy perry, in flames, jay-z, nightwish, sonata arctica, kamelot, nelly furtado, blind guardian, depeche mode, helloween, lady gaga, anna ternheim, stratovarius, angra, avantasia, rhapsody of fire
linkin park, hoobastank, system of a down, 3 doors down, nickelback, koЯn, papa roach, limp bizkit, p.o.d., goo goo dolls, matchbox twenty, dave matthews band, third eye blind, metallica, counting crows, michael jackson, audioslave, godsmack, elton john, lostprophets, u2, creed, tenacious d, phil collins, deftones, alicia keys, bryan adams, justin timberlake, red hot chili peppers, jimmy eat world, pantera, roxette
nightwish, coheed and cambria, in flames, porcupine tree, scar symmetry, angra, symphony x
the mountain goats, yeah yeah yeahs, cobra starship, brand new, jason mraz, lady gaga, stars, jay-z, bon iver, rilo kiley, motion city soundtrack, fall out boy, cat power, death cab for cutie, bob dylan, the smiths, the decemberists, jack johnson, radiohead, spoon, david bowie, taylor swift, t.i., bright eyes, lily allen, metric, damien rice, the killers, tegan and sara, the shins, my chemical romance, girls aloud, m.i.a., rufus wainwright
ayreon, pink floyd, howard shore, rainbow, riverside, porcupine tree, frédéric chopin, marillion, megadeth, rush, opeth, blackfield, queensr?che, guns n roses, joe satriani, symphony x, scorpions, deep purple
apocalyptica, placebo, moby, groove coverage, simple plan
dead can dance, bonobo, pj harvey, aesop rock, kimya dawson, cocorosie, the smashing pumpkins, the gathering, blonde redhead, aphex twin, burial, the cinematic orchestra, nine inch nails, amon tobin, the cranberries, venetian snares, bauhaus, mogwai, bob marley, joy division, madvillain, radiohead
damien rice, depeche mode, alice in chains, thin lizzy, ac/dc
rjd2, four tet, common, ne-yo, air, timbaland, girl talk, talib kweli, alicia keys, marvin gaye, pixies, christina aguilera, t.i., busta rhymes, fiona apple, john mayer, nas, santogold, garbage, outkast, johnny cash, weezer
sigur rós, m. ward, arcade fire, the new pornographers, angels & airwaves, bonnie prince billy, the dandy warhols, type o negative, regina spektor, stars, mgmt, the flaming lips, bright eyes, sufjan stevens, the killers, pulp, ray lamontagne, band of horses, electric light orchestra, the beatles, cat stevens, iron & wine, air, adam green, the shins, eels, rufus wainwright, goldfrapp, david bowie, the beach boys
chico buarque, the chemical brothers, madonna, fatboy slim
duran duran, beyoncé, inxs, nightwish, damien rice, pink floyd, the ting tings, britney spears
james blunt, apocalyptica, linkin park, blind guardian, red hot chili peppers
damien rice, mando diao, muse, lenny kravitz, the strokes, jack johnson, paolo nutini, manu chao, ben harper, coldplay, franz ferdinand, the beatles, jason mraz, the pigeon detectives, coheed and cambria, radiohead
britney spears, kelly clarkson, usher, avril lavigne, chris brown, backstreet boys, mariah carey, nelly, justin timberlake, taylor swift, christina aguilera, beyoncé, spice girls, 50 cent, john mayer, aerosmith, maroon 5, jennifer lopez, kanye west, ludacris, ac/dc, janet jackson, sheryl crow, the pussycat dolls, eminem
frank sinatra, gorillaz, santana, portishead, joss stone, emilíana torrini, norah jones, ramones, r.e.m., madness, miles davis, neil young, paolo nutini
marvin gaye, sublime, the streets
the beatles, the specials, david bowie, pulp, rammstein, kraftwerk, massive attack, bee gees, johnny cash, siouxsie and the banshees, the jam, the prodigy, elvis presley, muse, manic street preachers, the fratellis, blur, depeche mode, basement jaxx, dizzee rascal, the pogues, queen, sex pistols, the streets, the jesus and mary chain, pet shop boys, the rolling stones, radiohead, the kinks, the beach boys, echo & the bunnymen, public enemy
amorphis, the sounds, lamb of god, kent, tool, portishead, justice, interpol, bloc party, system of a down, ladytron, johnny cash, muse, queens of the stone age, the mars volta, faith no more, slayer, joy division, nirvana, placebo, ennio morricone, justin timberlake, serj tankian, the knife, manic street preachers, mew
gogol bordello, cocorosie, franz ferdinand, charlie parker, kult, system of a down, nouvelle vague
wolfgang amadeus mozart, leonard cohen, pink floyd, django reinhardt, tom waits, bob dylan, the killers, kraftwerk, brian eno, the national, dead can dance, tracy chapman, tom petty and the heartbreakers, frédéric chopin, gotan project, beirut, sigur rós, emilie autumn, modest mouse, john coltrane, ludwig van beethoven, johnny cash, death cab for cutie, philip glass, nina simone, the cardigans
death cab for cutie, ben folds, blink-182, a day to remember, okkervil river, iron & wine, new found glory, jack johnson, incubus, the postal service, miles davis, as i lay dying, coldplay, all time low, reel big fish, radiohead, yellowcard, bloc party, nofx, foo fighters, motion city soundtrack, bad religion, fall out boy, 44, sigur rós, me first and the gimme gimmes, the shins, the dillinger escape plan, regina spektor, the fall of troy, elton john, dinosaur jr., all that remains, the hush sound
apparat, trentem?ller, yann tiersen, max richter, frank sinatra, radiohead, the flashbulb, kings of convenience, coldplay, r?yksopp
ulver, mogwai, melvins, mastodon, joy division, johnny cash, tom waits, black sabbath, at the drive-in, system of a down, agalloch, the smiths, brian eno, pj harvey, ...and you will know us by the trail of dead, converge, metallica, misfits, pixies, strapping young lad, explosions in the sky, the beatles, pink floyd
common, dr. dre, snoop dogg
[santogold]
the beatles, bj?rk, ella fitzgerald, david bowie, the chemical brothers, aphex twin, pixies, the fall, radiohead, creedence clearwater revival, moloko, philip glass, devendra banhart, the jimi hendrix experience, hooverphonic, daft punk, depeche mode, enigma, einstürzende neubauten, the kinks, lamb, thievery corporation, herbie hancock, fatboy slim, serge gainsbourg
alice in chains, stone temple pilots, the beatles, led zeppelin, the rolling stones, jimi hendrix, red hot chili peppers, santana, faith no more, queen, creedence clearwater revival, koЯn, beastie boys, iron maiden, manic street preachers, deep purple, sting, soundgarden, ray charles, lenny kravitz, the who, skid row, the white stripes, lynyrd skynyrd, tenacious d, wolfgang amadeus mozart, the jimi hendrix experience, rage against the machine, eric clapton, james brown, louis armstrong, slipknot, dire straits, mot?rhead, danny elfman, alice cooper, foo fighters
radiohead, muse, coldplay, john mayer, queens of the stone age, interpol, arcade fire, portishead, gorillaz, the white stripes, gnarls barkley, imogen heap, simon & garfunkel
barenaked ladies, metallica, the flashbulb, john mayer, imogen heap, brian eno, air, apocalyptica, david gray, evanescence, frou frou, paul oakenfold, m83, the presets, jack johnson, ryan adams, the offspring, creedence clearwater revival, ben harper, norah jones, joshua radin, tool, matchbox twenty, live
arch enemy, dream theater, system of a down, lamb of god, metallica, megadeth, napalm death, in flames, slayer, all shall perish, sepultura, pantera, finntroll, rage against the machine, michael jackson, anthrax, kreator, amon amarth, carcass, behemoth, avenged sevenfold, cannibal corpse, ensiferum, judas priest, sodom, misfits, the black dahlia murder, children of bodom, at the gates, devildriver
sufjan stevens, iron & wine, boards of canada, mogwai, plaid, brian eno, radiohead, god is an astronaut, pj harvey, the decemberists, autechre, infected mushroom, belle and sebastian, philip glass, tool, the knife, nine inch nails, goldfrapp, interpol, apocalyptica, cocorosie, shpongle, josé gonzález, deerhunter, depeche mode, the cure, jefferson airplane, nouvelle vague, ludwig van beethoven, télépopmusik, the cinematic orchestra, animal collective, death cab for cutie
the prodigy, manu chao, aphex twin, the chemical brothers, supertramp
chamillionaire, the game, lupe fiasco, mobb deep, snoop dogg, wu-tang clan, 2pac, ludacris
bat for lashes, johann sebastian bach, john mayer, underworld, snow patrol, editors, venetian snares, genesis, gorillaz, boards of canada, norah jones, cocteau twins, elbow, radiohead
scooter, system of a down, deichkind, boys noize, the white stripes, billy talent, benny benassi, daft punk, rammstein, [unknown], avril lavigne, basshunter, red hot chili peppers, the chemical brothers
coldplay, evanescence, nightwish, arcade fire, vangelis, philip glass, shiny toy guns, nine inch nails, blind guardian, after forever, múm, rammstein, clint mansell
[amy winehouse]
underworld, radiohead, apparat, hooverphonic, massive attack, lamb, bj?rk, groove armada, bonobo, air, unkle, chicane, télépopmusik, the smashing pumpkins, moby, garbage, kraftwerk, goldfrapp, faithless, boards of canada, the notwist, r?yksopp, thom yorke, the chemical brothers, róisín murphy, portishead, thievery corporation, coldplay
morphine, 65daysofstatic, tool, mot?rhead, a perfect circle, the knife, pixies, riverside, múm
gorillaz, disturbed, coldplay, coheed and cambria, amy macdonald, iron maiden, queen, franz ferdinand, helloween, hans zimmer, scorpions, linkin park, bob marley, razorlight, jethro tull, coma, riverside, lenny kravitz, muse
serj tankian, disturbed, dope, system of a down, rob zombie, god is an astronaut, samael, ensiferum
pixies, depeche mode, asian dub foundation, feist, the chemical brothers, nouvelle vague, the smiths, joy division, the cure, air, ramones, kings of convenience, crystal castles, manu chao, the clash, mgmt, the whitest boy alive, múm, david bowie, beastie boys, morrissey, kings of leon, the strokes, buzzcocks, scissor sisters, queens of the stone age
behemoth, ensiferum, immortal, burzum, turisas, amon amarth, satyricon
muse, die ?rzte, audioslave, disturbed, massive attack, breaking benjamin, red hot chili peppers, new order, refused, kings of leon, the kooks, the killers, chris cornell, the prodigy, placebo, the white stripes, drowning pool, at the drive-in, mando diao, guano apes, velvet revolver, rammstein, queens of the stone age, slipknot, the 69 eyes, arctic monkeys, garbage, foo fighters
nick cave and the bad seeds, beck, einstürzende neubauten, air, gogol bordello, fischerspooner, emilie simon, misfits, iamx, manu chao, rufus wainwright, justice, the bravery, serge gainsbourg, carla bruni, depeche mode, tom waits, nouvelle vague, boards of canada, amon tobin, the cure
bonobo, dj krush, 65daysofstatic, autechre, bj?rk, boards of canada, múm, clint mansell, dj shadow, massive attack, faithless, amon tobin, gojira, aphex twin, lykke li, pink floyd
armin van buuren, ti?sto, above & beyond, the pussycat dolls, delerium, ferry corsten, beyoncé, david guetta, september, lady gaga
tom waits, bob dylan, pink floyd, grateful dead, the beatles, leonard cohen, the streets, manu chao, the rolling stones, paul simon, the arcade fire, radiohead, serge gainsbourg, belle and sebastian, iron & wine, nick drake, amy winehouse, bob marley, the kinks, beck, frank sinatra, jethro tull, king crimson, the doors
jack johnson, jason mraz, michael bublé, joss stone, leona lewis, kt tunstall, beyoncé, sara bareilles, ac/dc
myslovitz, coma, akurat, system of a down, tenacious d, kult, rammstein, eminem, apocalyptica
tom petty and the heartbreakers, red hot chili peppers, iron maiden, creedence clearwater revival, def leppard, kiss, dio, van halen, black sabbath, david bowie, skid row, scorpions, elvis presley
misfits, massive attack, iron maiden, testament, fear factory, vader
hellogoodbye, chico buarque, pink martini, the cinematic orchestra, stevie wonder, franz ferdinand, alicia keys, massive attack
kult, at the drive-in, coma, kyuss, rage against the machine, stone temple pilots, metallica, foo fighters, slipknot, m?tley crüe, massive attack, type o negative, the beatles, anthrax
iron maiden, faith no more, my chemical romance, the beatles, metallica, green day, the offspring, mindless self indulgence, marilyn manson, limp bizkit, bon jovi, aerosmith, fear factory, blur, fall out boy, live, tool, pearl jam, him, hilary duff, kiss, megadeth, red hot chili peppers, afi, eminem, ac/dc, david bowie, moby, slayer, cradle of filth, fatboy slim, pink floyd, alice cooper, jamiroquai, cypress hill, system of a down, the cure, bullet for my valentine, paradise lost, michael jackson, the rolling stones, coldplay, the smashing pumpkins, garbage, feeder, koЯn, joe satriani, chimaira, the chemical brothers, primus, tori amos
philip glass, max richter, aphex twin, burial
booka shade, burial, gotan project, underworld, madlib, depeche mode, bonobo, thievery corporation, jazzanova, radiohead, blonde redhead, manu chao, the police, ladytron
red hot chili peppers, led zeppelin, eric clapton, pearl jam, stevie wonder, system of a down, carcass, joe satriani, the beatles, dream theater, the hives, franz ferdinand, bob marley & the wailers, the jimi hendrix experience, deep purple, metallica, death, foo fighters, elvis presley, ac/dc, testament, arch enemy, at the gates, bob marley, the doors
pantera, mastodon, strapping young lad, meshuggah, bad brains, soulfly, converge, machine head, bring me the horizon, the dillinger escape plan, metallica, nirvana, sepultura, chimaira, kreator
los hermanos, the smiths, the velvet underground, chico buarque, bj?rk, the last shadow puppets, supertramp, arctic monkeys, the strokes, depeche mode, franz ferdinand, interpol, belle and sebastian, morphine, nouvelle vague, the beatles, the white stripes, led zeppelin, jethro tull, primal scream, pink floyd, radiohead, the doors, the police, genesis, the libertines
cat power, fugazi, pink floyd, frank zappa, rage against the machine, pixies, alice in chains, deus, nirvana, soundgarden, jeff buckley, sonic youth, ani difranco, led zeppelin, faith no more, metallica, queens of the stone age, pavement, at the drive-in, red hot chili peppers, foo fighters, tool, the smashing pumpkins, mastodon, ...and you will know us by the trail of dead, stone temple pilots, yann tiersen, jimi hendrix, silverchair, eddie vedder, beirut, feist, ramones, the doors
the beatles, rammstein, billy talent, my chemical romance, good charlotte, oomph!, muse, evanescence, metallica, system of a down, bullet for my valentine, linkin park, the rasmus, franz ferdinand, scorpions
r?yksopp, 65daysofstatic, boys noize, radiohead, klaxons
wu-tang clan, interpol, beastie boys, the smashing pumpkins, placebo, 311, incubus, sonic youth, gym class heroes, nirvana, the roots, rage against the machine, the rolling stones, the doors, misfits, the libertines, bob marley, weezer, the jimi hendrix experience, pink floyd, cypress hill, manu chao, de la soul, jamiroquai, the smiths, bob marley & the wailers, red hot chili peppers, napalm death, black flag, pj harvey, sage francis, lou reed, the prodigy, outkast, tool, sublime, deftones, james brown
pink floyd, tori amos, alice in chains, judas priest, katatonia, ac/dc, megadeth, editors, tool, metallica, nick cave and the bad seeds, led zeppelin
amy winehouse, britney spears, gym class heroes, paramore, the strokes, mark ronson, beyoncé, adele, maroon 5, rihanna, santogold, jay-z, lupe fiasco, eminem, justin timberlake, kanye west, fall out boy, t.i., girls aloud, mgmt, nelly furtado, janet jackson, mariah carey, lily allen, alicia keys, usher
brian eno, depeche mode, misfits, pink floyd, black sabbath, faith no more, pixies, boards of canada, miles davis
goldfinger, anti-flag, millencolin, new found glory, angels & airwaves, pid?ama porno, beatsteaks, the offspring, ignite, pennywise, sum 41, akurat, o.s.t.r., green day, turbonegro, bad religion, alkaline trio, 44, rihanna, motion city soundtrack, pixies, fatboy slim, katy perry, good charlotte
rise against, bush, the cardigans, guano apes, porcupine tree, the smashing pumpkins, rage against the machine, staind, alice in chains, silverchair, thrice, tenacious d, foo fighters, godsmack, incubus, stone sour, metallica, clint mansell, down, chris cornell, mudvayne, oasis, black label society
billie holiday, elliott smith, the beatles, nick drake, neko case, the shins, beck, girl talk, boards of canada, shout out louds, sufjan stevens, bob dylan, vampire weekend, the mountain goats, radiohead, yo la tengo, charlie parker, cat power, grizzly bear, m. ward, the beach boys, death cab for cutie, junior boys, arcade fire, the new pornographers, broken social scene, my bloody valentine, daft punk, iron & wine, neil young, buena vista social club, elvis costello, modest mouse
johnny cash, mot?rhead, elvis presley, less than jake, the clash, madness
godsmack, disturbed, dir en grey, dope, nickelback, tegan and sara, system of a down, eminem, sum 41, papa roach, sonata arctica, electric six
lagwagon, nofx, descendents, placebo, bad religion, the ataris, anti-flag, rancid, within temptation, tristania, lacrimosa, panic at the disco, chimaira, after forever
nine inch nails, skinny puppy, ministry, the smashing pumpkins, vnv nation, depeche mode, bauhaus, kmfdm, apoptygma berzerk, akira yamaoka, joy division, system of a down, pink floyd, tristania, david bowie, mgmt, the sounds, serj tankian, the dresden dolls, nirvana, haggard, tool, bloodhound gang
incubus, bob marley, red hot chili peppers, matisyahu, daft punk, kylie minogue, madonna, the smiths, the sounds, radiohead, the gossip, arctic monkeys, jamiroquai, interpol, bat for lashes, britney spears, manu chao, lenny kravitz, the clash, crystal castles, justin timberlake
placebo, snow patrol, incubus, scissor sisters, nine inch nails, nickelback, the fray, justin timberlake, stars, portishead, muse, james morrison, paolo nutini, sia, fall out boy, depeche mode, nelly furtado, phoenix, jet, the killers, ok go, breaking benjamin, the smashing pumpkins, sarah mclachlan, linkin park, fergie, rihanna, the strokes, damien rice, chamillionaire, fort minor, metric, new order, hoobastank, frou frou
kings of leon, black rebel motorcycle club, the libertines, franz ferdinand, the cure, oasis, bloc party, garbage, coldplay, interpol, moby, hot chip, max?mo park, muse, josé gonzález, new order, u2, depeche mode, keane, the offspring, travis, death cab for cutie, tegan and sara, the killers, taking back sunday, the presets, new found glory, blink-182, mgmt, r.e.m., crystal castles, arctic monkeys, moloko, phoenix, the smiths, the hives, band of horses, the wombats, placebo, the fratellis
nine inch nails, static-x, tool, cypress hill, a perfect circle, meshuggah
bathory, joy division
the magnetic fields, belle and sebastian, vangelis, grizzly bear, neil young, pixies
pet shop boys, paul oakenfold, nightwish, chromeo, imogen heap, lady gaga, madonna, within temptation, janet jackson, céline dion, jordin sparks, kylie minogue
red hot chili peppers, seether, sarah mclachlan, dido, the who, radiohead, kelly clarkson, britney spears
camera obscura, jens lekman, peter bjorn and john, kings of convenience, explosions in the sky, múm, new order, the whitest boy alive, the album leaf, mew, mogwai, my bloody valentine
christina aguilera, red hot chili peppers, system of a down, robbie williams, rammstein, black eyed peas
the mars volta, paul mccartney, opeth, my dying bride, black sabbath, pink floyd, dream theater, porcupine tree, riverside, jethro tull, bob dylan, tom waits, ac/dc, iggy pop, led zeppelin, judas priest
the black keys, the raconteurs, captain beefheart & his magic band, the kills, beck, arcade fire, the strokes, black rebel motorcycle club, tegan and sara, the hives, the shins, arctic monkeys, mgmt, cold war kids, broken social scene, bloc party, bob dylan, the cure, bright eyes, eels, sonic youth, kimya dawson, the velvet underground, animal collective, cat power, my morning jacket, cansei de ser sexy
nirvana, koЯn, dredg, system of a down, iron maiden, slipknot, matisyahu, moby, amorphis, the cranberries, blackfield, red hot chili peppers, radiohead, sonata arctica, michael jackson
jay-z, immortal technique, de la soul
leonard cohen, joanna newsom, andrew bird, cocorosie, johnny cash, josé gonzález, devendra banhart, the knife, beirut, antony and the johnsons, bob dylan, patrick wolf, the beatles, bloc party, final fantasy, the smiths, architecture in helsinki, radiohead, r?yksopp, david bowie, elliott smith, adam green
otis redding, the specials, ani difranco, james brown, the smiths, simon & garfunkel, guns n roses, lynyrd skynyrd, r.e.m., john coltrane, green day, u2, bob marley & the wailers, bob dylan, pink floyd, ben harper, red hot chili peppers, the beatles, the clash, ennio morricone, the police, bruce springsteen, gorillaz
garbage, lady gaga, madonna, abba, michael jackson, miley cyrus, céline dion, gwen stefani, jonas brothers, avril lavigne, alanis morissette, dido, simple plan
sufjan stevens, wilco, the beatles, the mountain goats, modest mouse, tv on the radio, tom waits, tori amos, devendra banhart, of montreal, hot chip, neutral milk hotel, pixies, weezer, the magnetic fields, ryan adams, animal collective, r.e.m., radiohead, iron & wine, clap your hands say yeah, arcade fire, frank zappa, the white stripes, sigur rós, mew, green day, beck, talking heads, buena vista social club, system of a down, the clash, bob dylan, the shins, nirvana, primus
poets of the fall, die apokalyptischen reiter, system of a down, farin urlaub, rammstein, amy winehouse, metallica, kamelot, schandmaul, a perfect circle, jack johnson, beatsteaks, hans zimmer, die ?rzte, therion, manowar, apocalyptica, amorphis, tool, black sabbath
the flashbulb, mike oldfield, him, panic at the disco, armin van buuren, nightwish, depeche mode, air, sonata arctica, emilie autumn, massive attack, seether, antonio vivaldi, t.a.t.u., era
the go! team, nada surf, belle and sebastian, the decemberists, minus the bear, of montreal, lamb, the shins, supergrass, emilie simon, kings of convenience, air, ladytron, stereolab, spoon, chromeo, max?mo park, sneaker pimps, the knife, the white stripes, t. rex, sufjan stevens, the jesus and mary chain, death cab for cutie
alanis morissette, tori amos, the smiths, dave matthews band, janet jackson, third eye blind, blondie, the radio dept., kings of leon, the shins, yeah yeah yeahs, madonna, broken social scene, new order, u2, incubus, goldfrapp, angels & airwaves, ani difranco, death cab for cutie, lykke li, jennifer lopez, mariah carey, jack johnson, pearl jam, r.e.m., bj?rk, depeche mode, built to spill, foo fighters, snow patrol
arcade fire, the shins, stereolab, cat power, amy winehouse, kings of convenience, the decemberists, regina spektor, prefuse 73, múm
pavement, modest mouse, j dilla, wu-tang clan, pixies, tom waits, feist, cat power, talking heads, arcade fire, dinosaur jr., james brown, children of bodom, de la soul, the smashing pumpkins, kanye west, vampire weekend, lamb of god, joy division, architecture in helsinki, queen, band of horses, devo, madvillain, ratatat, david bowie, lou reed, the beatles
sodom, iron maiden, judas priest, metallica, m?tley crüe, megadeth, slayer, muse, black sabbath, the strokes, testament, iced earth, nine inch nails, kiss, sepultura, skid row, thin lizzy, children of bodom
mariah carey, christina aguilera, chris brown, jordin sparks, chiodos, ashlee simpson, beyoncé, the academy is..., paramore, jennifer lopez, usher, senses fail, evanescence
sugababes, hilary duff, enrique iglesias, kelly clarkson, hooverphonic, the killers, nelly furtado, colbie caillat, simple plan, miley cyrus, pink, beyoncé, michael jackson, leona lewis, taylor swift, gavin degraw, natasha bedingfield
[jedi mind tricks]
wu-tang clan, rammstein, thievery corporation, missy elliott
tom waits, hans zimmer, dead can dance, philip glass, coldplay, radiohead, matisyahu, fergie, neil young, norah jones, pet shop boys, the beatles, shakira, loreena mckennitt, the smiths, beyoncé, evanescence, bright eyes, depeche mode
pink floyd, explosions in the sky, m83, kings of convenience, mono
rammstein, lady gaga, in flames, sonic syndicate, t.a.t.u., combichrist, pendulum, groove coverage, the pussycat dolls, rihanna, september, atb
faithless, lacuna coil, disturbed, infected mushroom, in flames, the prodigy, the chemical brothers, static-x, pain, cascada, epica, scooter, nightwish, pendulum, apocalyptica, koЯn, nelly furtado, alicia keys, tarja turunen, coldplay, kamelot, ice cube, busta rhymes, ti?sto, daft punk, snoop dogg, the rasmus, rammstein, rihanna, rhapsody of fire, sean paul, guano apes, usher, linkin park, pink, limp bizkit, kanye west, madonna, evanescence, lordi, atb
bob dylan, radiohead, the smiths, boards of canada, girl talk, fleet foxes, pulp, arcade fire, belle and sebastian, beirut, the rolling stones, m.i.a., lcd soundsystem, interpol, the knife, clap your hands say yeah, neil young, de la soul, bruce springsteen, justice, the white stripes, blur, beastie boys, david bowie, flight of the conchords, hot chip, kings of leon, frank sinatra, leonard cohen, the stone roses, otis redding, aphex twin, daft punk, jens lekman, the beatles
my dying bride, morbid angel, dead can dance, burzum, king crimson, carcass, bathory, slayer, darkthrone, led zeppelin, dream theater, anathema, black sabbath, lacrimosa, death
various artists, ti?sto, 50 cent
the smiths, green day, morrissey, kings of leon, oasis, katie melua, david bowie, the black keys, kate nash, taking back sunday, amy winehouse, queens of the stone age, max?mo park, foo fighters, the kooks, the hush sound, alexisonfire, maroon 5, the pigeon detectives, say anything, arctic monkeys, norah jones, stereophonics, the strokes, jason mraz, the pipettes, david gray, good charlotte, placebo, sublime, paolo nutini, beck, queen, mindless self indulgence, feeder
j dilla, common, tv on the radio, lupe fiasco, aesop rock, the roots, a tribe called quest, radiohead, sage francis, m.i.a., beastie boys, outkast, the mountain goats, mos def
tori amos, system of a down, pink floyd, einstürzende neubauten, amy winehouse, cat power, the cranberries, janis joplin, lacrimosa, jefferson airplane, nirvana, the doors, nightwish, tarja turunen
queens of the stone age, jimi hendrix, millencolin, kyuss, death from above 1979, mastodon, miles davis, the black keys, aretha franklin, deichkind, pearl jam, dead kennedys, bad brains, incubus
frank sinatra, bob marley, elvis presley, al green, otis redding, ac/dc, the who, dropkick murphys, various artists, [unknown], ray charles, the police, sex pistols, hans zimmer
jamiroquai, opeth, ulver, bj?rk, death, cannibal corpse, the prodigy, metallica, bloodbath, johnny cash, behemoth, the dillinger escape plan, michael jackson, the chemical brothers, faith no more, thomas newman, the hives, koЯn, sepultura, slayer, yann tiersen, madonna, system of a down
underoath, eels, third eye blind, placebo, maroon 5, hot hot heat, 30 seconds to mars, lostprophets, sum 41, muse
the beatles, lady gaga, jet, hilary duff, madonna, oasis, avril lavigne, marilyn manson, cobra starship, fiona apple, cansei de ser sexy, lily allen, miley cyrus, sum 41, nelly furtado, arctic monkeys, kylie minogue, good charlotte, david guetta, rihanna, ashlee simpson, the pussycat dolls, lifehouse, shiny toy guns
afi, rancid, green day, less than jake, the smiths, him, joy division, morrissey, nofx, reel big fish, rise against, the 69 eyes, a day to remember, alkaline trio, millencolin, escape the fate, ignite, the bouncing souls, from autumn to ashes, johnny cash
nick cave and the bad seeds, marvin gaye, the kinks, the who, ray charles, adele, duffy, bob marley & the wailers, elvis costello, gotan project, james brown, tv on the radio, the jam
air, the knife, muse, radiohead, r?yksopp, the cardigans, kent, kraftwerk, pink floyd, chromeo, infected mushroom, the beatles, jamiroquai, daft punk, mgmt, the flaming lips, michael jackson, prince, hot chip, massive attack, silverchair, jason mraz, cansei de ser sexy, the smashing pumpkins, bj?rk
the beatles, the smiths, air, coldplay, the smashing pumpkins, sufjan stevens, badly drawn boy, pink floyd, the cure, chico buarque, radiohead, doves, boards of canada, los hermanos, ray charles, gotan project, yann tiersen, marvin gaye, bob dylan, depeche mode, josé gonzález, r.e.m., the shins, sigur rós, blur, buena vista social club, damien rice, bon iver, queen, ella fitzgerald, god is an astronaut, lamb, snow patrol, télépopmusik, michael jackson, the cinematic orchestra, queens of the stone age, aretha franklin
sneaker pimps, kraftwerk, david bowie, joy division, placebo, the cure, the presets, rammstein, ladytron, duran duran, pet shop boys, daft punk, bj?rk, johnny cash, blonde redhead, new order, vnv nation, morrissey, muse, the knife, alanis morissette, nine inch nails, yeah yeah yeahs, marilyn manson, the smashing pumpkins, siouxsie and the banshees, inxs
max?mo park, mika, the fratellis, scissor sisters, my chemical romance, queen, the killers, muse, the pigeon detectives, abba, pink floyd, elton john, biffy clyro, david bowie, lily allen, electric light orchestra, madness, green day, mgmt, pulp, leonard cohen, klaxons, panic at the disco, arctic monkeys
aphex twin, de la soul, the crystal method, the chemical brothers, dj shadow, fatboy slim, beastie boys, moby, the herbaliser, the prodigy, led zeppelin, thievery corporation, groove armada, a tribe called quest, mobb deep, rage against the machine, soundgarden, daft punk, dj krush, unkle, portishead, basement jaxx, nine inch nails, notorious b.i.g., amon tobin, massive attack, lynyrd skynyrd, justice, audioslave
tenacious d, they might be giants, gorillaz, eminem, john williams
subway to sally, ensiferum, equilibrium, die apokalyptischen reiter, therion, manowar, haggard, flogging molly, schandmaul, korpiklaani, finntroll, turisas, nightwish, amon amarth, dark tranquillity, in flames, iron maiden, children of bodom, lacuna coil, blind guardian
katie melua, amy macdonald, morrissey, the cardigans, coldplay, ennio morricone, bryan adams, the cranberries, era, anna ternheim, r.e.m., regina spektor
nofx, neutral milk hotel, thrice, mindless self indulgence, incubus, cake, journey, radiohead, alkaline trio, belle and sebastian, at the drive-in, lagwagon, [unknown], reel big fish
grizzly bear, tv on the radio, cat power, cansei de ser sexy, m.i.a., andrew bird, pj harvey, the shins, radiohead, sufjan stevens, the smiths, arcade fire, death from above 1979, beirut, interpol, final fantasy, klaxons, broken social scene, pixies, tori amos, nina simone, deerhunter, new order, sonic youth, joanna newsom, the sounds, the knife
interpol, red hot chili peppers, radiohead, damien rice, bad religion, arctic monkeys, the black keys, say anything, incubus, kanye west, the strokes, spoon, the hives, u2, santogold, the smiths, ben harper, the kooks, pixies, the rolling stones, the white stripes, lupe fiasco, kings of leon, modest mouse, bob dylan, pinback, beck, the rapture, kimya dawson, saves the day, feist, the game, sonic youth
air, bruce springsteen, the beatles, squarepusher, the shins, plaid, daft punk, groove armada, the chemical brothers, ben folds five, thievery corporation, billy joel, oasis, aphex twin, something corporate, coldplay, múm, death cab for cutie, boards of canada, a tribe called quest, r?yksopp, the future sound of london, reel big fish, the who, queen, the postal service, the rolling stones, kanye west, led zeppelin, télépopmusik, flogging molly, massive attack, tv on the radio, modest mouse, beastie boys, goldfinger, eric clapton, pinback, the books, dj shadow
metallica, in flames, system of a down, manowar, iron maiden, ensiferum, slayer, the offspring, megadeth, children of bodom, nightwish, machine head, dark tranquillity, marilyn manson, nirvana, rammstein, eminem, limp bizkit, daft punk, arch enemy, lamb of god, coldplay, neil young, sum 41, pink floyd, evanescence
the notwist, placebo, flyleaf, clueso, the get up kids, cradle of filth, the birthday massacre, silverstein, tool, bloc party
system of a down, scooter, 50 cent, david guetta
booka shade, trentem?ller, burial, apparat
elliott smith, van morrison, dave matthews band, bob dylan, johnny cash, jack johnson, eels, bonnie prince billy, david bowie, the byrds, bright eyes, elvis costello, the rolling stones, my morning jacket, calexico, fleetwood mac, the flaming lips, wilco, damien rice, neil young, sheryl crow, ray charles
nightwish, hammerfall, the rasmus, rammstein, the offspring, pendulum, system of a down, ac/dc, good charlotte, red hot chili peppers, green day, led zeppelin, foo fighters, franz ferdinand, the killers, bullet for my valentine, coldplay, the white stripes, depeche mode, billy talent, evanescence, nirvana, the who, die ?rzte, hans zimmer, the prodigy
explosions in the sky, god is an astronaut
norah jones, ennio morricone, james blunt, beyoncé, morcheeba, maroon 5, ray charles, michael bublé, robbie williams, billy joel, nelly furtado, tori amos, justin timberlake
finntroll, strapping young lad, slayer, nightwish, lamb of god, pantera, opeth, the haunted, in flames, dream theater, cannibal corpse, napalm death, the prodigy, killswitch engage, turisas, children of bodom, burzum, apocalyptica
bloodhound gang, linkin park, system of a down, flyleaf
britney spears, madonna, jennifer lopez, sugababes, miley cyrus, the pussycat dolls, backstreet boys, kt tunstall, nelly furtado, christina aguilera, katy perry, gwen stefani, robbie williams, fergie, girls aloud, avril lavigne, pink, seeed, rihanna
delerium, morphine, hooverphonic, autechre, pid?ama porno, moonspell, [unknown], michael jackson, the future sound of london, rammstein, metallica, soundtrack, tori amos, amy winehouse, tiamat, herbie hancock, marillion, atb, sting, depeche mode, lacrimosa, nightwish
the white stripes, ratatat, beck, the shins, the cure, franz ferdinand, neutral milk hotel, beirut, sufjan stevens, the beatles, joy division, regina spektor, arcade fire, m.i.a., lupe fiasco, bauhaus, radiohead, outkast, elliott smith, bright eyes, the killers, siouxsie and the banshees, justice, gorillaz, spoon, hot chip, feist, flight of the conchords, pink martini, death cab for cutie, of montreal, crystal castles, kaiser chiefs, madonna
captain beefheart & his magic band, radiohead, john coltrane, beck, deerhoof, blonde redhead, tv on the radio, bj?rk, nine inch nails, tortoise, broken social scene, pink floyd, the roots, a tribe called quest
queensr?che, dragonforce, hammerfall, napalm death, black sabbath
paramore, coldplay, simple plan, green day, jack johnson, blink-182, [unknown], foo fighters, kings of leon, snow patrol, fall out boy, all time low, yellowcard, new found glory, the all-american rejects, sum 41, the academy is..., the magnetic fields, norah jones, damien rice, goldfinger, cobra starship, death cab for cutie, panic at the disco, plain white ts, biffy clyro, james morrison, muse, relient k, rufus wainwright, sugarcult, bowling for soup, boys like girls, billy talent, jamie cullum, jason mraz, taking back sunday, mando diao, my chemical romance, avril lavigne, dashboard confessional, cute is what we aim for, jimmy eat world
led zeppelin, kmfdm, coldplay, abba, the who, vangelis, neil young, gorillaz, eagles, nine inch nails, fatboy slim, ac/dc, depeche mode, rob zombie, ozzy osbourne, marilyn manson, koЯn, simon & garfunkel, pink floyd, paul simon, mgmt, system of a down, tom petty and the heartbreakers, beck, t.a.t.u., green day, the beatles, lynyrd skynyrd, rammstein, danny elfman, david bowie, the beach boys, the chemical brothers, the crystal method, black sabbath, linkin park, ministry, the rolling stones, alice cooper, johnny cash, metallica, girl talk, fleetwood mac, toto
clueso, the libertines, the white stripes, foo fighters, red hot chili peppers, mando diao, babyshambles, beatsteaks, die toten hosen, ska-p, dropkick murphys, bob marley, the doors, franz ferdinand, max?mo park, the kills, the hives, deichkind, asian dub foundation, aerosmith, pixies, velvet revolver, nofx, frank sinatra, the offspring, ray charles, neil young, the roots, ac/dc, the beatles
frank zappa, t. rex, the smiths, the beatles, serge gainsbourg, beck, the magnetic fields, brian eno, radiohead, pearl jam, nirvana, queens of the stone age, neil young, pavement, david bowie, john coltrane, belle and sebastian, captain beefheart & his magic band, mgmt, tom waits, pixies, ladytron, beirut, ennio morricone, squarepusher, bonnie prince billy, johnny cash, eagles of death metal, beastie boys, mot?rhead, melvins
daft punk, bob marley & the wailers, ozzy osbourne, lenny kravitz, muse, the beatles, yann tiersen, cradle of filth, weezer, nirvana, van halen, pink floyd, jamiroquai, janis joplin, franz ferdinand, the doors, jethro tull, the 69 eyes, black eyed peas, the fratellis
avril lavigne, my chemical romance, hilary duff, foo fighters, simple plan, sum 41, britney spears, green day, 3 doors down, blink-182, breaking benjamin, cascada, paramore, basshunter, kelly clarkson, bullet for my valentine, the all-american rejects, pink, the rasmus
counting crows, okkervil river, wilco, the beatles, patrick wolf, pearl jam, doves, r.e.m., kings of leon, nine inch nails, jens lekman, ryan adams, bruce springsteen, band of horses, sigur rós, the cure, low, bon iver, death cab for cutie, nada surf, eddie vedder, the national, radiohead, elbow, andrew bird, the verve, beirut, coldplay, echo & the bunnymen
leona lewis, the go! team, lifehouse, the stone roses, jordin sparks, death cab for cutie, the wombats, ladytron, the smiths, the last shadow puppets, george michael, nickelback, kosheen, coldplay, the shins, lostprophets, pearl jam, the dandy warhols, snow patrol, mariah carey, radiohead, eddie vedder, alter bridge, bat for lashes, sarah mclachlan, placebo
death cab for cutie, band of horses, pinback, nada surf, travis, broken social scene, the shins, keane, the decemberists, snow patrol, sia, the album leaf, alanis morissette, coldplay, stars, joshua radin, incubus, bright eyes, explosions in the sky, sigur rós, a fine frenzy, pink floyd, sufjan stevens, the cure, camera obscura, onerepublic, bloc party, portishead, iron & wine, beck, the new pornographers, cold war kids, interpol, phoenix, city and colour, feist
myslovitz, guano apes, placebo, the prodigy, linkin park, clint mansell, digitalism, katy perry, bj?rk, happysad, autechre, kraftwerk, r?yksopp, jamiroquai, sigur rós, sia, frou frou, lenny kravitz, coma, gorillaz, coldplay, justice, kult
u2, muse, lenny kravitz, depeche mode, the beatles, oasis, pink floyd, iced earth, pearl jam, simon & garfunkel, the doors, tool, king crimson, a perfect circle, system of a down, nine inch nails, jethro tull, alice in chains, eric clapton, metallica, bob dylan, avenged sevenfold
nine inch nails, radiohead, the killers, joy division, david bowie, aphex twin, death cab for cutie, new order, the cure, pink floyd, buckethead, the smiths, interpol, placebo, muse, air, peter bjorn and john, iggy pop, my bloody valentine, kraftwerk, portishead, sonic youth, beck, johnny cash, duran duran, ladytron, massive attack, bauhaus, iron maiden, shiny toy guns, buzzcocks, morrissey, queens of the stone age, the mars volta, daft punk, lou reed, bob marley, the birthday massacre, tricky, siouxsie and the banshees, joe satriani, afi, led zeppelin
zero 7, morcheeba, sade, manu chao, portishead, digitalism, air, radiohead, massive attack, jack johnson, jazzanova, frank sinatra, r?yksopp, red hot chili peppers, hooverphonic, tosca, kings of convenience, daft punk, nina simone, green day, incubus, miles davis, norah jones, imogen heap, deftones, jamiroquai, placebo, muse, josé gonzález, frédéric chopin, damien rice, the postal service, moby, phoenix
nina simone, jack johnson, the kinks, simon & garfunkel, the beatles, spoon, the shins, beck
mirah, the new pornographers, spoon, radiohead, lifehouse, beirut, atmosphere, ratatat, coldplay, pearl jam, the decemberists, sufjan stevens, blonde redhead, interpol, the national, the arcade fire, bush, the shins, the smashing pumpkins, fiona apple, cat power, chevelle, simon & garfunkel
linkin park, nickelback, switchfoot, avril lavigne, alter bridge, james blunt, john mayer, lifehouse, sara bareilles, 3 doors down, fort minor, bryan adams, enrique iglesias, maroon 5, backstreet boys, evanescence, hoobastank, dido, michael jackson
backstreet boys, green day, the all-american rejects, abba, hellogoodbye, ella fitzgerald, elvis presley, john mayer, chris brown, barenaked ladies, the pussycat dolls, christina aguilera
pearl jam, lcd soundsystem, the rapture, santana, the doors, foo fighters, jamiroquai, thomas newman, nine inch nails, tool, a perfect circle, bloc party, nirvana, django reinhardt, deep purple, michael jackson, queen, queens of the stone age, the mars volta, beastie boys, the who, creedence clearwater revival, silverchair, the kills, ani difranco, radiohead, fatboy slim
michael jackson, fall out boy, the pussycat dolls, amy winehouse, daft punk, kanye west, gym class heroes, nelly furtado, kasabian, lily allen, backstreet boys, nickelback, duran duran
new order, guided by voices, modest mouse, cursive, the strokes, minus the bear, at the drive-in, my bloody valentine, clap your hands say yeah, joy division, cold war kids
jack johnson, kanye west, girl talk, red.jumpsuit.apparatus, coldplay, akon, eminem, sum 41, 50 cent, linkin park, bob dylan, jay-z, jason mraz, talib kweli
blink-182, anberlin, linkin park, the academy is..., angels & airwaves, sum 41, the ataris, senses fail, all time low
the cranberries, wolfgang amadeus mozart, antonio vivaldi, frédéric chopin, yann tiersen, the beatles, the corrs, regina spektor
keane, matchbox twenty, snow patrol, phil collins, madonna, michael bublé, new order, justin timberlake, linkin park, santana, fatboy slim, dashboard confessional, timbaland, alanis morissette, the chemical brothers, massive attack, the fray, george michael, dido, green day, moby, fergie, the killers, mika, chicane, avril lavigne, the postal service, muse, jamiroquai
de-phazz, public enemy, cunninlynguists, ice cube
steely dan, george michael, the beach boys, sade, new order, the jam, david bowie, toto, depeche mode, herbie hancock, marvin gaye, u2, the smiths
b?hse onkelz, buckethead, guns n roses, all shall perish, black label society, pantera, dragonforce, trivium, [unknown], down, avenged sevenfold, primus, megadeth, the smiths, nickelback, dethklok, ac/dc, limp bizkit, the black dahlia murder, peter fox, system of a down, bloodhound gang, bullet for my valentine, as i lay dying
notorious b.i.g., ludacris, chris brown, lupe fiasco, t.i., akon, usher, outkast, talib kweli, nelly, busta rhymes, chamillionaire, nelly furtado, common, bob marley
alanis morissette, joni mitchell, damien rice, bright eyes, anna ternheim, tegan and sara, imogen heap, tracy chapman, bob dylan, ani difranco, regina spektor, antony and the johnsons, simon & garfunkel, sia, maria mena
garbage, sugababes, goldfrapp, hooverphonic, amy winehouse, justin timberlake, keane, led zeppelin, moby, madonna, lily allen, antonio vivaldi, britney spears, mariah carey, gorillaz, air, alanis morissette, massive attack, nelly furtado, leona lewis, onerepublic, fleetwood mac, delerium, spice girls, kelly clarkson, abba
bad religion, three days grace, dir en grey, scorpions
enrique iglesias, robbie williams, metallica, coldplay, moby, fergie, rihanna, kanye west, t.i., dire straits, michael jackson, the game, the killers, beyoncé, james blunt, underworld, dmx
audioslave, rage against the machine, led zeppelin, david bowie, red hot chili peppers, joni mitchell, the jimi hendrix experience, daft punk, the police, john coltrane, santana, u2, king crimson, rush, deep purple, stevie wonder
the fray, travis, amy macdonald, elvis presley, timbaland, coldplay, manu chao, ti?sto, the beatles, keane, portishead, apparat, damien rice, fergie, gwen stefani, enrique iglesias, nina simone, air, hans zimmer
[beirut]
armin van buuren, ferry corsten, daft punk, paul van dyk, david guetta, atb, blank & jones, [unknown], justice, the chemical brothers, jamiroquai
emery, saosin, relient k, snow patrol, hans zimmer, the faint, death cab for cutie, mae, john williams, muse, thomas newman, ben folds, underoath, cobra starship, arcade fire, hot hot heat, motion city soundtrack, iron & wine, billy talent, coldplay, the decemberists, panic at the disco
flight of the conchords, the kinks, radiohead, calexico, neutral milk hotel, deerhoof, bee gees, vampire weekend, feist, the arcade fire, the decemberists, bright eyes, neil young
ladytron, babyshambles, garbage, ramones, oasis, the killers, hot chip, mando diao, the hives, buzzcocks, robbie williams, the libertines, interpol, the strokes, the clash, keane, blur, weezer, radiohead, sex pistols, slipknot, cut copy, frank sinatra, staind, the ting tings, moby, phil collins, michael jackson, the cure
my morning jacket, jens lekman, camera obscura, phoenix, madvillain, bloc party, badly drawn boy, pavement, mf doom, minus the bear, dinosaur jr., belle and sebastian, the radio dept., chromeo, the flashbulb, busta rhymes, death cab for cutie, neutral milk hotel, spoon, the knife, m83
simple plan, killswitch engage, mariah carey, the all-american rejects, akon, ne-yo, cascada, chris brown, fall out boy, usher, basshunter, 50 cent, rihanna, lostprophets, yellowcard, justin timberlake, nelly, timbaland, jordin sparks, t.i., flo rida, craig david, blink-182, lil wayne
wilco, converge, minor threat, the mountain goats, the beach boys, cursive, against me!, pinback, modest mouse, m. ward, pixies, spoon, death cab for cutie, camera obscura, bob dylan, minus the bear
alkaline trio, air, the faint, the blood brothers, of montreal, minus the bear, nada surf, the magnetic fields, the shins, the weakerthans, the mountain goats, death cab for cutie, lagwagon, modest mouse, elliott smith, mae, bloc party, jimmy eat world, spoon, sonic youth, the dandy warhols, rise against, junior boys, mew, millencolin, saves the day, okkervil river, stars, phoenix
audioslave, katie melua, tool, red hot chili peppers, dido, frank sinatra
the beatles, regina spektor, the velvet underground, nick cave and the bad seeds, the clash, air, queens of the stone age, franz ferdinand, the smiths, the magnetic fields, frank sinatra, the rolling stones, the kinks, beirut, rufus wainwright, jens lekman, cocteau twins, of montreal, the white stripes, morrissey, stars, the specials, andrew bird, kate bush, pj harvey, the fall, bauhaus, interpol, led zeppelin, billie holiday, siouxsie and the banshees, bob dylan, gogol bordello, simon & garfunkel
radiohead, grizzly bear, cut copy, my morning jacket, animal collective, joy division, deerhunter, kanye west, lil wayne, fleet foxes, m83, paul simon, otis redding, lcd soundsystem, junior boys, hot chip, of montreal, devendra banhart, crystal castles, spoon, ratatat, jens lekman, tv on the radio, the national, bonnie prince billy, simian mobile disco, patrick wolf, pavement, clap your hands say yeah, justice, bon iver, the beach boys, the knife
delerium, the birthday massacre, enigma, infected mushroom, imogen heap, r?yksopp, massive attack, underworld, róisín murphy, ladytron, nine inch nails, bj?rk, nirvana, deftones, sneaker pimps, air, trentem?ller, goldfrapp, the prodigy, sarah mclachlan, she wants revenge, portishead
air, m83, boards of canada, the flashbulb, the prodigy, girl talk, the go! team, chromeo, built to spill, ennio morricone, aphex twin, 65daysofstatic, burial, daft punk, jimi hendrix, fatboy slim, anna ternheim
radiohead, the flaming lips, queens of the stone age, andrew bird, at the drive-in, interpol, jurassic 5, elliott smith, girl talk, sufjan stevens, the new pornographers, the black keys, bob dylan, the jimi hendrix experience, tv on the radio, the mars volta, josé gonzález, the decemberists, beck, rage against the machine, of montreal, modest mouse, led zeppelin, eagles of death metal, feist, pink floyd, the white stripes, arcade fire, daft punk, nick drake, pinback, incubus, the shins, joy division, architecture in helsinki, the mountain goats, spoon, the blood brothers
m83, brian eno, enya, mew, bj?rk, howard shore, coheed and cambria, slowdive, sarah mclachlan, frank sinatra, sigur rós, elton john, iron & wine, u2, girl talk, sting, prince, rufus wainwright, air, paramore, the killers, ben harper
the pussycat dolls, kelly clarkson, miley cyrus, lily allen, paramore, beyoncé, pink, jordin sparks, september, cascada
johnny cash, ac/dc, pet shop boys, johann sebastian bach, [unknown], the rolling stones, madonna, kraftwerk, kate bush, david bowie, elvis presley, enya, the cure, rammstein, antonio vivaldi, the beach boys
massive attack, samael, boards of canada, nine inch nails, soilwork, in flames, arch enemy, queens of the stone age, at the drive-in, gorillaz, korpiklaani, mastodon, avenged sevenfold, einstürzende neubauten, dimmu borgir, air, gnarls barkley, the strokes, foo fighters, machine head, porcupine tree, lordi, isis, guano apes, the smashing pumpkins, kmfdm, the cinematic orchestra, katatonia, deftones, slayer, u2, rammstein, tool, aphex twin
spice girls, roxette, sugababes, abba, janet jackson, christina aguilera, beyoncé, kanye west, nelly furtado, lily allen, ne-yo, enya, seal, madonna, missy elliott, various artists, gotan project, scooter, m.i.a., michael jackson, timbaland
massive attack, pj harvey, trentem?ller, gotan project, deus, groove armada, the herbaliser, metric, audioslave, the jesus and mary chain, morcheeba, gorillaz, linkin park, limp bizkit
manic street preachers, mgmt, anti-flag, rancid, nofx, green day, the magnetic fields, ramones, siouxsie and the banshees, the clash, metallica, die toten hosen, dragonforce, misfits, die ?rzte, bad religion, blink-182, mot?rhead, katy perry, descendents, def leppard, alkaline trio, flogging molly, pixies, nirvana, the dresden dolls, against me!
neutral milk hotel, the mountain goats, the magnetic fields, of montreal, the smiths, the decemberists, arcade fire, belle and sebastian, minor threat, the weakerthans, beck, elliott smith, immortal technique, mirah
jedi mind tricks, frank sinatra, usher, immortal technique, metallica, ghostface, louis armstrong
anathema, rush, tori amos, angra, queensr?che, dimmu borgir, guns n roses, alanis morissette, nightwish, judas priest, dark tranquillity, amon amarth, howard shore, cradle of filth, faith no more, dio, deep purple, evanescence, the cranberries
bj?rk, led zeppelin, vangelis, danny elfman, hooverphonic, the doors, clint mansell, ennio morricone
toto, death cab for cutie, jack johnson, kaiser chiefs, panic at the disco, fall out boy, amy macdonald, jason mraz, goo goo dolls, rihanna, the killers, good charlotte, porcupine tree, imogen heap, maria mena, james morrison, james blunt, coldplay, morrissey, the kooks, the bravery, nickelback, franz ferdinand, dire straits
emery, a day to remember, jimmy eat world, killswitch engage, anberlin, mae, all that remains, anathema, the postal service, enter shikari, seether, imogen heap, stone sour
nightwish, coldplay, sonata arctica, something corporate, him, wolfgang amadeus mozart, cascada, franz ferdinand, three days grace, snow patrol, evanescence, the killers, nickelback, within temptation, the rasmus, enrique iglesias, lady gaga, jimmy eat world, fall out boy, kaiser chiefs, jonas brothers, green day, yellowcard, kamelot, genesis, metallica, hoobastank
otis redding, bright eyes, beirut, leonard cohen, silverchair, prince, jurassic 5, billie holiday, common, the smiths, radiohead, foo fighters, frank sinatra, the rolling stones, the cure, miles davis, jeff buckley, ella fitzgerald, muse, bonnie prince billy, deftones, elliott smith, rufus wainwright, ben folds, calexico, bob dylan, ben folds five, diana krall, john coltrane, faith no more, snow patrol, tracy chapman, chet baker, the mars volta, bon iver, damien rice, mono, arctic monkeys
creed, chico buarque
die apokalyptischen reiter, finntroll, korpiklaani, ensiferum, turisas, blind guardian, eluveitie, equilibrium, subway to sally, lordi, iced earth, schandmaul, haggard, gamma ray, in extremo, dragonforce, hammerfall
bj?rk, the cure, dave matthews band, morcheeba, eagles, oomph!, skinny puppy, the chemical brothers, him, disturbed, bob marley, the prodigy, aphex twin, sara bareilles, eric clapton, limp bizkit, combichrist, rob zombie, colbie caillat
various artists, bob marley, st. germain, nightmares on wax, archive, bob marley & the wailers, billie holiday
bathory, slayer, morbid angel, howard shore
daft punk, pet shop boys, vnv nation, girls aloud, electric light orchestra, mika, new order, justice, the go! team, mike oldfield, calvin harris, cansei de ser sexy, katy perry, rihanna, goldfrapp, blondie
scorpions, testament, devendra banhart, fiona apple, jethro tull, portishead, the doors, megadeth, feist, grateful dead, tom waits, apocalyptica, eels, ayreon, pink floyd, tori amos, bj?rk, joe satriani, bob marley & the wailers, amy winehouse, pearl jam
los hermanos, radiohead, silverchair, foo fighters, u2, rage against the machine, slipknot, city and colour, paramore, evanescence, creed, the prodigy, deftones, oasis, pearl jam, red hot chili peppers, finch, led zeppelin
shpongle, r.e.m., radiohead, the chemical brothers, the beatles, bob dylan, infected mushroom, pixies, pendulum, air, nirvana, r?yksopp, coldplay, the jimi hendrix experience, red hot chili peppers, fatboy slim, daft punk, moby, notorious b.i.g., faithless, the rolling stones, bob marley, jamiroquai, 2pac, david bowie, beastie boys, die toten hosen, the cardigans, massive attack, the velvet underground, thievery corporation, cypress hill, queen, rjd2
ryan adams, neko case, cat power, alice in chains, andrew bird, deerhunter, yeah yeah yeahs, billie holiday, the shins, pj harvey, the jesus and mary chain, feist, judas priest, the fall, primal scream, belle and sebastian, bob dylan, tori amos, pavement, johnny cash, kasabian, the new pornographers, elvis presley, alice cooper
black sabbath, oomph!
daft punk, [unknown], justin timberlake, madonna, air, phoenix, snoop dogg, justice, the game, nelly furtado
pink floyd, michael jackson, radiohead, sufjan stevens, coldplay, josé gonzález, the police, sigur rós, the beatles, groove armada, kings of leon, the clash, billy talent, the verve, sublime, bob marley & the wailers, linkin park, red hot chili peppers, the strokes, nofx, the white stripes, bloc party, incubus, nick drake, kings of convenience, the offspring, foo fighters, david bowie, kaiser chiefs, bob dylan, u2, madonna, the mars volta, ladytron, the vines, death cab for cutie, tool, kanye west, led zeppelin
arctic monkeys, los hermanos, hot hot heat, avril lavigne, cansei de ser sexy, kate nash, the kooks, lily allen, the fratellis, britney spears, jason mraz, good charlotte, paramore, the distillers
andrew bird, neil young, babyshambles, radiohead, tom waits, interpol, the beatles, talking heads, depeche mode, steely dan, the libertines, r.e.m., u2, the flaming lips, the rolling stones, death cab for cutie, blonde redhead, m. ward, band of horses
devildriver, misfits, alice in chains, soulfly, ministry, black flag, fear factory, die ?rzte, chimaira, bloodbath, nine inch nails, hatebreed, heaven shall burn, kyuss, the black dahlia murder, gentleman, tool
seether, symphony x, kamelot, koЯn, slipknot, dragonforce, drowning pool, mastodon, apocalyptica, system of a down, pink floyd, atreyu, korpiklaani, oomph!, rob zombie, helloween, my chemical romance, dream theater, sepultura, opeth, pendulum, jay-z, led zeppelin, ensiferum
bonobo, the doors, jack johnson, manu chao, portishead, pink floyd, pixies, morcheeba, amy winehouse, jimi hendrix
sublime, coldplay, taylor swift, natasha bedingfield, papa roach, serj tankian, september, afi, duffy, nickelback, leona lewis, static-x, counting crows
rammstein, nightwish, stone sour, koЯn, moby, placebo, vnv nation, the smashing pumpkins, combichrist, disturbed, muse, dj shadow
the beach boys, goldfrapp, the beatles, god is an astronaut, the future sound of london, josé gonzález, four tet, led zeppelin, the cinematic orchestra, mika, nick drake, fleet foxes, aphex twin, david bowie, ben folds, nightmares on wax, eminem, massive attack, philip glass, thievery corporation, miles davis, mr. scruff, paul simon
squarepusher, leonard cohen, bob dylan, the beatles, venetian snares, radiohead, aphex twin, nick drake, boards of canada, amon tobin, prefuse 73, múm, the velvet underground, lou reed, the brian jonestown massacre, nightmares on wax, kimya dawson, devendra banhart, bonobo, joanna newsom, blur, plaid, sublime, mr. scruff, godspeed you! black emperor, the cinematic orchestra, rage against the machine, sonic youth, devo, pink floyd
opeth, dream theater, therion, blind guardian, serj tankian, black sabbath, apocalyptica, nightwish, pink floyd, camel, rammstein, led zeppelin, sting, deep purple, iron maiden, metallica, hammerfall, haggard, rainbow
rise against, parkway drive, serj tankian, soilwork, bring me the horizon, ulver, korpiklaani
underoath, tokyo police club, dashboard confessional, say anything, elliott smith, sufjan stevens, thursday, circa survive, the shins, taking back sunday, feist, fall out boy, the postal service, thom yorke, kanye west, sigur rós, jimmy eat world, modest mouse, motion city soundtrack, coheed and cambria, arctic monkeys, bright eyes
madonna, foo fighters, atb, koЯn, audioslave, linkin park, him, a-ha, justin timberlake, 3 doors down, red hot chili peppers, r.e.m., inxs, the prodigy, pulp
porcupine tree, sepultura, miles davis, jimi hendrix
paramore, avril lavigne, linkin park, jimmy eat world, britney spears, red.jumpsuit.apparatus, flyleaf, 30 seconds to mars, coldplay, 3 doors down, my chemical romance, dido, relient k, the killers, the smashing pumpkins, sugarcult, lacuna coil, three days grace, jonas brothers, panic at the disco, a perfect circle, madonna, fall out boy, kelly clarkson, incubus, the veronicas, a day to remember, foo fighters, koЯn, death cab for cutie, placebo, plain white ts, breaking benjamin, nelly furtado, rihanna, slipknot
the killers, placebo, the bravery, justice, arctic monkeys, mgmt, the strokes, lacrimosa, nine inch nails, digitalism, the cranberries, the kooks, madonna, black rebel motorcycle club, bloc party, daft punk, bj?rk, the beatles, apocalyptica, late of the pier, queen, r.e.m., hot hot heat, vampire weekend, moby, the hives, portishead, my chemical romance, 30 seconds to mars, the fratellis
einstürzende neubauten, nine inch nails, skinny puppy, the cure, tom waits, david bowie, miles davis
animal collective, the magnetic fields, pinback, jens lekman, cat stevens, belle and sebastian, deerhoof, the flaming lips, madlib, grizzly bear, manu chao, sufjan stevens, the shins, mgmt, girl talk, okkervil river, the zombies, the rolling stones, mylo, pixies, david bowie, spoon, the fall, four tet, radiohead, mew, peter bjorn and john, hot chip, the beach boys, the breeders
[rammstein]
miles davis, depeche mode, de-phazz, bob marley, lenny kravitz, pink martini, frank sinatra, abba, herbie hancock, st. germain, john legend
bring me the horizon, behemoth, koЯn, lacuna coil, burzum, cradle of filth, devildriver, dimmu borgir, slayer, a perfect circle, deathstars, children of bodom, lostprophets, caliban, immortal, katatonia, [unknown], soulfly, marilyn manson, satyricon, killswitch engage
jack johnson, john mayer, reel big fish, joshua radin, sugarcult, seether, me first and the gimme gimmes, new found glory, jason mraz, breaking benjamin, green day, the ataris, bright eyes, linkin park, flogging molly, the white stripes, relient k, matchbox twenty, nirvana, lifehouse, simple plan, dave matthews band
marilyn manson, cradle of filth, deathstars, combichrist, dope, skillet, pain, placebo, fear factory
the white stripes, yann tiersen, brand new, placebo, the dresden dolls, muse, a perfect circle, theatre of tragedy, thomas newman, emilie simon, lacuna coil, new order, apoptygma berzerk, the rolling stones, ani difranco, dir en grey, david bowie, the cure, garbage, the brian jonestown massacre, carla bruni, sirenia, afi, the black keys, radiohead, bj?rk, michael jackson, sublime, the fratellis, tool, the raconteurs, they might be giants, creedence clearwater revival, system of a down, pearl jam, eric clapton
enya, mike oldfield, ramones, misfits, scorpions, soundtrack, the sounds, lady gaga, coldplay, robyn, sugababes, new found glory, mariah carey, tori amos, guns n roses, amy macdonald, cascada, metallica
girl talk, blink-182, m?tley crüe, justice, chromeo, daft punk, mgmt
hilary duff, katy perry, good charlotte, lady gaga, rihanna, rise against, breaking benjamin, kelly clarkson, fall out boy, ne-yo, the pussycat dolls, panic at the disco, enrique iglesias, avril lavigne, jimmy eat world, timbaland, justin timberlake, missy elliott, britney spears, jonas brothers, lamb, akon, red hot chili peppers, beyoncé, 2pac, jennifer lopez, janet jackson, muse, dmx, switchfoot
deep purple, madonna, max richter, tom waits, paul mccartney, bee gees, gotan project, jem
sigur rós, m83, mgmt, britney spears, coldplay, m.i.a., shiny toy guns, saves the day, madonna, the presets, timbaland, tegan and sara, angels & airwaves, death cab for cutie, brand new, lily allen, beyoncé, alanis morissette, blink-182, the veronicas, kanye west, junior boys, t.i., daft punk, michael jackson, various artists, the get up kids, hilary duff, onerepublic, explosions in the sky, mika, missy elliott, colbie caillat, lady gaga, 30 seconds to mars, justin timberlake, rihanna, atb, [unknown], spice girls, the postal service, cut copy, robyn
iced earth, stratovarius, system of a down, edguy, lordi, paradise lost, testament, sentenced, samael, flogging molly, tiamat, kamelot
coma, soundtrack, linkin park, clint mansell, archive, faithless, the offspring, p.o.d., thievery corporation, beastie boys, the prodigy, rage against the machine, avril lavigne, limp bizkit, koЯn, nirvana, metallica, radiohead, lamb, blur, tori amos, guano apes
the beatles, eels, beck, depeche mode, blur, arctic monkeys, red hot chili peppers, belle and sebastian, hot hot heat, radiohead, damien rice, basement jaxx, amy winehouse, linkin park, gorillaz, the jam, ben folds, queen, scissor sisters, the cure, bob marley & the wailers, jamiroquai, sigur rós, tori amos, marillion, prince, david bowie, n*e*r*d, queens of the stone age, black eyed peas, madness, supergrass, elvis costello, u2, bj?rk, the pogues, outkast, billie holiday, coldplay
led zeppelin, jethro tull, pink floyd, the doors, the jimi hendrix experience, supertramp, bob dylan, jimi hendrix, deep purple
scissor sisters, mylo, mika, daft punk, the killers, mgmt, kaiser chiefs, lady gaga, bloc party, britney spears, jamiroquai, r?yksopp, coldplay, gwen stefani, justice, kylie minogue, razorlight, gorillaz, moby, the ting tings, cut copy, franz ferdinand, lcd soundsystem, natasha bedingfield, phoenix, keane
atmosphere, modest mouse, say anything, gym class heroes, thursday, brand new, jay-z, atb, all time low, against me!, franz ferdinand, sepultura, 2pac, anberlin, the shins, taking back sunday, emery, minus the bear, coheed and cambria, senses fail
queen, red hot chili peppers, u2, disturbed, nickelback, jefferson airplane, vampire weekend, velvet revolver, lynyrd skynyrd, metallica, marilyn manson, amy macdonald, elvis presley, jet, joe satriani, nirvana, [unknown], r.e.m., dire straits, pink floyd, incubus, creedence clearwater revival, eagles, van halen, blink-182, dimmu borgir, foo fighters
george michael, supertramp, infected mushroom, dire straits, duran duran, queen, eric clapton
john lennon, bon jovi, depeche mode, johnny cash, era, avril lavigne, garbage
nightwish, judas priest, the birthday massacre, sepultura, sonata arctica, amon amarth, dimmu borgir, basshunter, cradle of filth, metallica, stratovarius
green day, sum 41, alkaline trio, afi, foo fighters, bowling for soup, blink-182, less than jake, goo goo dolls, fall out boy, simple plan, nofx, the offspring, new found glory, avril lavigne, silverchair, good charlotte, joss stone, linkin park, third eye blind, evanescence, papa roach, reel big fish, bad religion, sugarcult, matchbox twenty, 44, lostprophets, anti-flag, nickelback, hilary duff, story of the year, the all-american rejects, something corporate, the used
badly drawn boy, michael bublé, elvis costello, frank sinatra, phil collins, flogging molly, me first and the gimme gimmes, gogol bordello, coldplay, jack johnson, john mayer, moby, ben folds five, alanis morissette, the shins, green day, dave matthews band, kt tunstall
[elvis presley]
radiohead, evanescence, pink martini, placebo, linkin park, robbie williams, franz ferdinand, cake, manu chao, maroon 5
editors, the national, reel big fish, peter gabriel, richard cheese
fall out boy, 3 doors down, green day, groove armada, the beatles, the cardigans, r.e.m., sting, stereophonics, the kooks, tracy chapman, bob marley, red.jumpsuit.apparatus, kings of leon, depeche mode, emery
bee gees, wolfgang amadeus mozart, sade, buena vista social club, antonio vivaldi, madonna, yann tiersen, the beatles, carla bruni
marillion, riverside, blackfield, ayreon, within temptation, in flames, evanescence, alter bridge, pain of salvation, porcupine tree, barenaked ladies, the ting tings, avril lavigne, dire straits, muse, katatonia, lady gaga, madonna, onerepublic, snow patrol, placebo, travis, oasis, lacuna coil, kaiser chiefs
minus the bear, common, gang starr, circa survive, a tribe called quest, bonobo, death from above 1979, talib kweli, led zeppelin, the mars volta, the herbaliser, notorious b.i.g., jazzanova, busta rhymes, outkast, prefuse 73
muse, radiohead, bright eyes, placebo, pj harvey, blonde redhead, amy winehouse, the velvet underground, lenny kravitz, beirut, massive attack, marilyn manson, tool, the white stripes, nirvana, the smashing pumpkins, scorpions
koЯn, dimmu borgir, cradle of filth, gorillaz, children of bodom, sepultura, bj?rk, soulfly, manu chao, tool, daft punk, mastodon, trentem?ller, cypress hill, gojira, marilyn manson, seeed, samael, in flames, the streets, richard cheese, rage against the machine, rammstein, at the gates, deftones, the mars volta, the knife, depeche mode
nightwish, metallica, system of a down, in flames, muse, robbie williams, rammstein, chevelle, red hot chili peppers, creed, die toten hosen, seeed, 3 doors down, koЯn, stone sour, the offspring, ensiferum, the white stripes, linkin park, nickelback, disturbed, farin urlaub, queen, staind, placebo, limp bizkit, coldplay, avril lavigne, max?mo park, christina aguilera, r.e.m., papa roach, slipknot, bush, evanescence, rihanna, bullet for my valentine, rob zombie, scooter, rage against the machine, pink
queen, red hot chili peppers, franz ferdinand, metallica, razorlight, the used, a perfect circle, band of horses, the killers, bj?rk, godsmack, serj tankian, paramore, linkin park
bob marley, b?hse onkelz, the doors, the velvet underground, elvis presley, die toten hosen, immortal technique
booka shade, the roots, daft punk, digitalism, r?yksopp, oasis, rjd2, air, unkle, massive attack, radiohead, dj krush, trentem?ller, miles davis, st. germain, justice, thievery corporation, boys noize, bob marley & the wailers, télépopmusik, junior boys, bonobo, clint mansell, mr. scruff
steely dan, ennio morricone, joni mitchell, stevie wonder, neil young, captain beefheart & his magic band, james brown, bob dylan, johnny cash, tom waits, the byrds, lou reed, radiohead, paul mccartney, pj harvey, the velvet underground, depeche mode, serge gainsbourg, aphex twin, the beatles, bonnie prince billy
the rolling stones, the doors, jason mraz, radiohead, jack johnson, lenny kravitz, the who, justice, manu chao, moby, mika, modest mouse, cold war kids, kings of leon, razorlight, daft punk, katie melua, coldplay, david guetta, the clash, bob marley, scorpions, jonas brothers, feist, the cranberries, air, dido, klaxons, the kooks, ben harper, pink floyd, u2, the smashing pumpkins, guns n roses, arctic monkeys, metallica, prince
seether, dope, dirty pretty things, slipknot, the birthday massacre, red.jumpsuit.apparatus, stone sour, subway to sally, lou reed, tool, akira yamaoka, the smashing pumpkins, flyleaf, vnv nation, placebo, coldplay, eminem, disturbed, schandmaul, the verve, led zeppelin, einstürzende neubauten, the cardigans, the smiths
the pogues, the shins, iron maiden, the white stripes, the rolling stones, john frusciante, the clash, pixies, guided by voices, black flag, neil young, gogol bordello, dinosaur jr., doves, dead kennedys, led zeppelin, morphine, eddie vedder, babyshambles, nirvana, queens of the stone age, elliott smith, radiohead, r.e.m., the libertines, frank zappa, bob dylan, the beatles, modest mouse, minor threat, oasis
explosions in the sky, as i lay dying, moby, alkaline trio, senses fail, silverstein, rise against, killswitch engage, trivium, thursday, from autumn to ashes, taking back sunday, death cab for cutie, atreyu, the shins, funeral for a friend, underoath, mogwai, 30 seconds to mars, finch, alexisonfire, jack johnson, three days grace, avenged sevenfold, fall out boy, judas priest, saves the day, nas
the beatles, u2, green day, the rolling stones, nirvana, queen, foo fighters, bruce springsteen, good charlotte, eddie vedder, joe satriani, the police, led zeppelin, aerosmith, the killers, bryan adams, eric clapton, bob marley & the wailers, michael jackson, pink floyd, coldplay, jimmy eat world, iron maiden, ozzy osbourne, muse, metallica, the who, the offspring, the white stripes
amon amarth, dimmu borgir, blind guardian, children of bodom, bloodbath, finntroll, iced earth, nile, at the gates, ensiferum, queensr?che, rammstein, morbid angel, amorphis, gojira, strapping young lad, mindless self indulgence
in flames, iced earth, iron maiden, apocalyptica, the beatles, pink floyd, the white stripes, rage against the machine, led zeppelin, slayer, sex pistols, disturbed, slipknot, nirvana, system of a down
system of a down, lil wayne, serj tankian, the game, kanye west, gym class heroes, nelly, t.i., ice cube, kings of leon, rise against, ne-yo, oasis, john legend, keane, metallica, ludacris, snow patrol, the killers, guns n roses, kaiser chiefs, ray lamontagne, fall out boy, pink floyd, nickelback
the rolling stones, the black keys, eric clapton, bruce springsteen, joe satriani, the who, elvis costello, buzzcocks, creedence clearwater revival, the clash, t. rex, the jam, dire straits, cream, the beatles
akon, rihanna, ne-yo, alicia keys, 50 cent, erykah badu, weezer, fall out boy, foo fighters, jordin sparks, boys like girls, mary j. blige, avril lavigne, prince, flyleaf, ramones, usher, fergie, gwen stefani, dashboard confessional, the pussycat dolls, nelly furtado, stone temple pilots, van halen, paramore, green day, nirvana, justin timberlake, the all-american rejects, kanye west, chris brown, the smashing pumpkins, gym class heroes, black eyed peas, oasis
sade, alicia keys, michael bublé, madonna, kylie minogue, jamiroquai, justin timberlake, black eyed peas, george michael, beyoncé, snoop dogg, christina aguilera, john legend, fatboy slim
ac/dc, kult, pid?ama porno, black sabbath, deep purple, queen, megadeth, peter gabriel, pearl jam, helloween, guns n roses, iron maiden, van halen, ozzy osbourne, rush, stratovarius, manowar, pink floyd, m?tley crüe, dio, rainbow, the who, scorpions, led zeppelin, coma, nightwish, kiss, def leppard, black label society, system of a down, aerosmith, skid row, the killers, the clash
relient k, switchfoot, anberlin, ben folds five, the beatles, coldplay, fall out boy, avril lavigne, nickelback, the all-american rejects, girls aloud, taking back sunday, evanescence, john mayer, my chemical romance, brand new, nelly furtado, apocalyptica, fergie, dashboard confessional, the pussycat dolls, 30 seconds to mars, pink, the corrs, the fray, kelly clarkson, linkin park, boys like girls, simple plan, death cab for cutie, 3 doors down, gym class heroes, incubus, gwen stefani, u2, hellogoodbye, nine inch nails
muse, 65daysofstatic, ok go, explosions in the sky, incubus, radiohead, the kooks, stone sour, mogwai, jimi hendrix, travis, bloc party, band of horses, the fratellis, sigur rós, koЯn, saosin, dashboard confessional
vnv nation, sigur rós, system of a down, metallica, a perfect circle, yeah yeah yeahs, nirvana
sneaker pimps, thom yorke, the roots, neutral milk hotel, tv on the radio, boards of canada, animal collective, clap your hands say yeah, vampire weekend, cake
nightwish, my chemical romance, max?mo park, within temptation, flyleaf, die ?rzte, the birthday massacre, emilie autumn, the used, paramore, epica, billy talent, mando diao, disturbed, farin urlaub, in flames, rammstein, led zeppelin, subway to sally, tarja turunen, breaking benjamin, the white stripes, linkin park, volbeat, black sabbath, lily allen, ac/dc, deichkind, robbie williams, coldplay, the veronicas, papa roach, amy macdonald, gwen stefani
explosions in the sky, god is an astronaut, foals, yann tiersen, coldplay, m83, boards of canada, apparat, frédéric chopin, eminem, sigur rós, múm, peaches, limp bizkit, system of a down, soundtrack, the chemical brothers, bj?rk, red hot chili peppers, godspeed you! black emperor, massive attack, sonic youth, st. germain, aphex twin, a perfect circle, rage against the machine
frou frou, daft punk, hooverphonic, kanye west, the knife, 50 cent, zero 7, wu-tang clan, mirah, jay-z, hans zimmer, nelly furtado, eminem, the game, massive attack, talib kweli, the roots, norah jones, imogen heap, snow patrol, mary j. blige, dmx, thievery corporation, the crystal method, alicia keys, kylie minogue, limp bizkit, the prodigy, snoop dogg
prefuse 73, neil young, r?yksopp, led zeppelin, moby, franz ferdinand, portishead, rush, kasabian, soundgarden, stone temple pilots, madonna, the smashing pumpkins, tool, arcade fire, the dandy warhols, the prodigy
ramones, blink-182, the beatles, green day, david bowie, the clash, depeche mode, u2, nirvana, duran duran, john lennon, talking heads, michael jackson, eagles, me first and the gimme gimmes, rancid, blondie, relient k, red hot chili peppers, social distortion, the rolling stones, inxs, echo & the bunnymen, bob marley, cat stevens, the offspring, bauhaus, dropkick murphys, eminem, marillion, bob marley & the wailers, r.e.m., sade, tom petty and the heartbreakers, sheryl crow, andrew lloyd webber, lenny kravitz, sublime, buzzcocks, panic at the disco, amy winehouse, fergie, johnny cash
feist, the postal service, jack johnson, senses fail, rise against, tegan and sara, saves the day, paramore, bullet for my valentine, incubus, the smashing pumpkins, a perfect circle, say anything, taking back sunday, funeral for a friend, afi, radiohead, tool, taylor swift, 311, neil young, bad religion, in flames, the used, brand new, story of the year, city and colour, dave matthews band, atreyu, kanye west, led zeppelin, social distortion, hot hot heat, thrice, the prodigy, fleetwood mac, prince, the police, finch
the cure, aimee mann, morrissey, manu chao, moby, the beatles, santogold, johnny cash, david bowie, elvis presley, kanye west, pixies, amy winehouse, sarah mclachlan, the white stripes, various artists, otis redding, arctic monkeys, morcheeba, nick cave and the bad seeds, norah jones, tori amos, portishead, r.e.m., ben folds five, massive attack, the police, vampire weekend, dinosaur jr.
nightwish, dimmu borgir, mot?rhead, iron maiden, gamma ray, hammerfall, toto, samael, helloween, sentenced, die apokalyptischen reiter, johnny cash, children of bodom, avantasia, def leppard, ennio morricone, sirenia, sonata arctica, ac/dc, amy macdonald, manowar, edguy, the sisters of mercy, type o negative, alice cooper, kamelot
dead kennedys, napalm death, jethro tull, ignite, primus, carcass, kreator, rammstein, ramones
the beatles, anthrax, alice cooper, foo fighters, moby, tool, opeth, rammstein, bad religion, dropkick murphys, metallica, gogol bordello, judas priest, slayer, red hot chili peppers, pearl jam, blink-182, justice, dream theater, marilyn manson, the hives
dark tranquillity, scorpions, bullet for my valentine, nightwish, opeth
sentenced, him, billy talent, apocalyptica, deathstars, sonata arctica, evanescence, the 69 eyes, nightwish, three days grace, slipknot, amorphis, system of a down, koЯn, in flames, bullet for my valentine, rammstein, oomph!, the birthday massacre, the used, die ?rzte, the rasmus, lordi, silverstein, linkin park, trivium
the beatles, bob dylan, manu chao, the specials, gogol bordello, john lennon, bob marley & the wailers, nofx, system of a down, john coltrane
three days grace, nickelback, seether, metallica, p.o.d., disturbed, linkin park, adema, drowning pool, rihanna, breaking benjamin, nirvana, papa roach, simple plan, red hot chili peppers, bon jovi, backstreet boys, enrique iglesias, guns n roses, 3 doors down, queen, katy perry, flo rida, limp bizkit, rammstein, scorpions, roxette, u2, [unknown], marilyn manson, damien rice, faith no more
metallica, in flames, him, the 69 eyes, kent, evanescence, ac/dc, johnny cash, the rasmus, groove coverage, poets of the fall, eric clapton, atb, james morrison
foo fighters, sublime, mastodon, system of a down, afi, jimi hendrix, the beatles, black sabbath, aesop rock, green day, regina spektor, explosions in the sky, the doors, nofx, led zeppelin, bob dylan, the white stripes, rage against the machine, queens of the stone age, mirah, modest mouse, death from above 1979, red hot chili peppers, black flag, the shins, radiohead, primus, bj?rk, ramones, the clash, sonic youth, the chemical brothers, fatboy slim, fugazi, the hives
john frusciante, santogold, the smiths, of montreal, the clash, the streets, bat for lashes, bob dylan, misfits, ratatat, the mountain goats, kanye west
nouvelle vague, interpol, the knife, sonic youth, slowdive, regina spektor, the radio dept., the beatles, joy division, kent, h?kan hellstr?m, kraftwerk, carla bruni, calexico, muse, amy macdonald, the velvet underground, anna ternheim, the magnetic fields, vampire weekend, babyshambles, eels, belle and sebastian, death cab for cutie, bright eyes, phoenix, arcade fire
u2, 30 seconds to mars, camera obscura, the cardigans, him, deathstars, my chemical romance, interpol, kasabian, madonna, nightwish, muse, kylie minogue, shakira, linkin park, paramore, t.a.t.u., elvis presley, katy perry
daft punk, miles davis, prince, fiona apple, goldfrapp, janet jackson, télépopmusik, air, ennio morricone, the cardigans, portishead, r?yksopp, erykah badu, madonna, the dandy warhols, m.i.a., the decemberists, sade, deerhoof, garbage, michael jackson
nofx, green day, weezer, against me!, girl talk, muse, me first and the gimme gimmes, descendents, the smashing pumpkins, the postal service, jimmy eat world, arcade fire, radiohead, bad religion, ramones, blur, foo fighters, klaxons, the ting tings, pixies, beastie boys, rancid, justice, alkaline trio, modest mouse, motion city soundtrack, the clash, vampire weekend, taking back sunday, blondie, the pigeon detectives, coheed and cambria, the shins, my chemical romance, rise against, the offspring, thursday, the cure, eels, lagwagon, battles, mgmt, bright eyes, afi
santana, dire straits, nickelback, good charlotte, 44, u2, anberlin, a-ha, seal, daft punk, tenacious d, deep purple, 30 seconds to mars, bruce springsteen, r.e.m., my chemical romance, max?mo park, the academy is..., radiohead, chris cornell, the kooks, panic at the disco, oasis, the killers, mot?rhead, pink floyd, cansei de ser sexy, the shins, linkin park, editors, fall out boy, razorlight, muse, aerosmith, the who
pantera, faith no more, disturbed, stone sour, helloween, creed, guns n roses, pearl jam, nickelback, bullet for my valentine, metallica, the offspring, bon jovi, judas priest, buckethead, ac/dc, megadeth, m?tley crüe, system of a down, linkin park, seether, papa roach, limp bizkit, marilyn manson, eminem, 2pac
the who, the faint, belle and sebastian, beck, ratatat, arctic monkeys, mando diao, air, tv on the radio, guided by voices, modest mouse, clap your hands say yeah, the killers, nas, kaiser chiefs, max?mo park, travis, miles davis, dirty pretty things, system of a down, serge gainsbourg, the cribs, the libertines, cansei de ser sexy, camera obscura, paul mccartney, amy winehouse, the kinks, yeah yeah yeahs
radiohead, hot chip, devendra banhart, the national, elliott smith, the books, apparat, the rolling stones, the shins, air, sigur rós, babyshambles, johnny cash, the notwist, four tet, death cab for cutie, beck, josé gonzález, belle and sebastian, cat power, the velvet underground, the whitest boy alive, sufjan stevens, múm, archive
jack johnson, 3 doors down, iron maiden, fleetwood mac, ac/dc, josé gonzález, maroon 5, eagles, r.e.m., amy winehouse
scooter, eminem, nightwish, wu-tang clan, rammstein, iron maiden, cypress hill, madonna, metallica, faithless, britney spears, the prodigy, within temptation, limp bizkit, tori amos, aimee mann, paul van dyk, busta rhymes, r.e.m., apoptygma berzerk, enya, black eyed peas
o.s.t.r., justin timberlake, sneaker pimps, tegan and sara, ladytron, lykke li, linkin park, phil collins, september, cocorosie, atb, kosheen, eminem, enrique iglesias, timbaland, mylo, patrick wolf, fergie, burial, simian mobile disco, crystal castles, bryan adams, sigur rós, pink, r?yksopp, hot chip, [unknown]
flyleaf, akira yamaoka, stratovarius, joe satriani, the white stripes, bloodhound gang, metallica, gogol bordello, alice cooper, pink floyd, manowar, soundtrack, anathema, louis armstrong, the offspring
napalm death, infected mushroom, static-x, tool, type o negative, mot?rhead, shpongle, finntroll, dropkick murphys
the beatles, lily allen, feist, cat power, cream, emilíana torrini, phoenix, portishead, kings of leon, moby, tosca, kings of convenience, carla bruni, blur, moloko, beirut, morrissey, air, radiohead
stereophonics, feeder, manic street preachers, elbow, kings of leon, the last shadow puppets, the verve, gnarls barkley, biffy clyro, the pigeon detectives, the killers, the ting tings, nick drake, razorlight, the raconteurs, ac/dc, lostprophets, supergrass, the clash, the fratellis, the smiths, bob dylan, pink floyd
kent, onerepublic, nada surf
the clash, [unknown], iron maiden, minor threat, t. rex, beastie boys, alice cooper
amy macdonald, bloodhound gang, tenacious d, reel big fish, my chemical romance, funeral for a friend, paramore, wolfgang amadeus mozart, cute is what we aim for, nickelback, coldplay, something corporate, simple plan, hellogoodbye, the killers, lostprophets, linkin park, creed, yellowcard, blink-182, gorillaz, say anything, no doubt, sum 41, helloween, red hot chili peppers, the cranberries, matchbox twenty, queen
the beatles, the who, frank zappa, cake, the shins, jethro tull, ayreon, david bowie, genesis, regina spektor, the decemberists, modest mouse, pain of salvation, andrew lloyd webber, the strokes, bob dylan, johann sebastian bach, porcupine tree, billy joel, cat stevens, the kinks, queen, muse, ludwig van beethoven, paul simon, neil young, bright eyes, dredg, coldplay, the pogues, pixies, frédéric chopin, death cab for cutie, king crimson, hans zimmer, the doors
spoon, andrew bird, the new pornographers, modest mouse, pinback, fugazi, the shins, guided by voices, of montreal, elliott smith, belle and sebastian, max?mo park
the shins, mogwai, neutral milk hotel, architecture in helsinki, miles davis, 2pac, cursive, bright eyes, built to spill, dashboard confessional, arcade fire, regina spektor, beirut, explosions in the sky, animal collective, less than jake, minor threat, fugazi
madvillain, dj krush, thievery corporation, dj shadow, mf doom, wu-tang clan, beastie boys, michael jackson, 311, atmosphere, jurassic 5, eminem, immortal technique, talib kweli, radiohead, rjd2, nas, ghostface, ben harper, gorillaz, daft punk, manu chao, mos def, u2, depeche mode
queens of the stone age, elliott smith, a perfect circle, death cab for cutie, marilyn manson, nine inch nails, pixies, the dresden dolls, ok go, the decemberists, flyleaf, garbage, mindless self indulgence, saves the day
jimmy eat world, the get up kids, the cribs, death cab for cutie, say anything, new found glory, the weakerthans, flight of the conchords, all time low, refused, the bouncing souls
ensiferum, him, system of a down, alice cooper, rush, nine inch nails, apocalyptica, lacuna coil
boys like girls, the all-american rejects, 30 seconds to mars, the academy is..., three days grace, the killers, cute is what we aim for, colbie caillat, paramore, avril lavigne, katy perry, kaiser chiefs, jonas brothers, britney spears, coldplay, september, the pussycat dolls, natasha bedingfield, christina aguilera, miley cyrus, jason mraz, blink-182, rihanna, pink, millencolin, goo goo dolls
josé gonzález, kosheen, maroon 5, muse, the roots, feist, regina spektor, various artists, the cinematic orchestra
deichkind, gogol bordello, beirut, róisín murphy, rise against, franz ferdinand, mando diao, calvin harris, amy macdonald, justice, crystal castles, benny benassi, farin urlaub
massive attack, shakira
coldplay, queen, snow patrol, scorpions, bon jovi, the killers, robbie williams, jimmy eat world, madonna, oasis, james blunt, aerosmith, deep purple, poets of the fall, michael jackson, depeche mode, enrique iglesias, kelly clarkson, placebo, r.e.m., avantasia, 3 doors down, bloc party, rainbow, metallica, led zeppelin, guns n roses, sugababes, garbage, something corporate, staind, abba, mariah carey, david guetta, spice girls
justice, deichkind, lcd soundsystem, klaxons, cansei de ser sexy, max?mo park, patrick wolf, bloc party, queens of the stone age, digitalism, adam green, the strokes, kings of leon, daft punk, the hives, the chemical brothers, beck, muse, turbonegro, the gossip, simian mobile disco, the white stripes, the kooks, hot chip, the blood brothers, manic street preachers, trentem?ller, arctic monkeys, bob dylan
jay-z, nas, snoop dogg, ice cube, gorillaz, dr. dre, t.i., mobb deep, cypress hill, lil wayne, daft punk, flo rida
kings of leon, kaiser chiefs, duffy, mgmt, m.i.a., pendulum, katy perry, panic at the disco
klaxons, the sounds, the kooks, bloc party, mgmt, crystal castles, n*e*r*d, kate nash, santogold, foals
keane, h?kan hellstr?m, mando diao, kent, klaxons, bob dylan, flogging molly, kasabian, frédéric chopin, the shins, the hives, muse, u2, beirut, the libertines, the verve, foals, joshua radin, r.e.m., the kooks, max?mo park, the cribs, franz ferdinand, babyshambles, the smiths, kaiser chiefs, kanye west, belle and sebastian
death cab for cutie, the beatles, bob dylan, the mountain goats, bright eyes, the white stripes, the shins, the presets, broken social scene, rilo kiley, clap your hands say yeah, the strokes, neutral milk hotel, stars, okkervil river, kings of leon, modest mouse, daft punk, sufjan stevens, the killers, arcade fire, johnny cash, cut copy, camera obscura, feist, peter bjorn and john, the postal service, the go! team, coldplay, air, bloc party, belle and sebastian, the beach boys, josé gonzález, the kooks, damien rice, shout out louds, the raconteurs
underworld, the future sound of london, the smiths, u2, ministry, jamiroquai, portishead, cocteau twins, danny elfman, new order, massive attack, r?yksopp, the rapture, moloko, dead can dance
britney spears, the prodigy, lady gaga, the pussycat dolls, katy perry, beyoncé, the rasmus, akon
metallica, a-ha, evanescence, nightwish, p.o.d., era, avril lavigne, death, the killers, papa roach, breaking benjamin, limp bizkit, bon jovi, good charlotte, ill ni?o, roxette, rammstein, bj?rk, atb, nickelback, goo goo dolls, linkin park, 2pac, pink, sade, céline dion, him, fergie
the beatles, radiohead, coldplay, jack johnson, u2, depeche mode, peter fox, metallica, r.e.m., the cure, foo fighters, die ?rzte, pink floyd, james blunt, elton john, aerosmith, air, nick cave and the bad seeds, abba, adam green, ac/dc, massive attack, frank zappa, genesis, pearl jam, the smashing pumpkins, dream theater, david bowie, tori amos
a perfect circle, tool, pantera, hypocrisy, down, slayer, anathema, napalm death, guano apes, godsmack, pain, in flames, miles davis, chimaira, pink floyd, kreator, testament, carcass, deftones, massive attack, scar symmetry, samael, the beatles, marilyn manson, enigma, cannibal corpse
panic at the disco, james blunt, kelly clarkson, lady gaga, katy perry, jonas brothers, rihanna, paramore, the pussycat dolls, britney spears, nelly furtado, michael jackson, fall out boy, green day, beyoncé, black eyed peas, gwen stefani, the dandy warhols, linkin park, jason mraz, lily allen, kt tunstall, cobra starship, amy winehouse, janet jackson, mika, avril lavigne
arctic monkeys, bob marley, radiohead, snow patrol, the beatles, slipknot, system of a down, joss stone, maroon 5, kings of leon, oasis, lamb of god, evanescence, jamie cullum, norah jones, the last shadow puppets, keane, alanis morissette, fergie, the cure, green day, black rebel motorcycle club, ensiferum, howard shore, my chemical romance, nightwish
kult, atb, comeback kid, the prodigy, the knife, rise against, fugazi, deftones, bad religion, koЯn, hey, afi
mono, boards of canada, massive attack, blonde redhead, sneaker pimps, the hives, sonic youth, 65daysofstatic, atmosphere, muse, cake, arctic monkeys, air, mogwai, bloc party, the flaming lips, the dandy warhols, spoon, the black keys, radiohead, the roots, explosions in the sky, supertramp, m83, dirty pretty things, ...and you will know us by the trail of dead, pixies, pinback, god is an astronaut, led zeppelin, underworld, nirvana, portishead, at the drive-in, bush, metric, nine inch nails, silverchair, minus the bear, dire straits, eminem, ladytron, the new pornographers, fiona apple
frank sinatra, marilyn manson, coldplay, die ?rzte, duffy, johnny cash, apocalyptica, jack johnson, opeth, schandmaul, pink, pain, subway to sally, in extremo, him, peter fox, the doors, rammstein, britney spears, howard shore, air, metallica, flogging molly, incubus, red hot chili peppers, the offspring, good charlotte, nightwish, blink-182, volbeat, finntroll
beck, radiohead, death cab for cutie, the smashing pumpkins, the who, the shins, rise against, snow patrol, the mars volta, beastie boys, the cure, bad religion, the beatles, asian dub foundation, bj?rk, sigur rós, beirut, cursive, muse, thrice, the subways, coheed and cambria, the postal service, placebo, the strokes, the hellacopters, sonic youth, saosin, nofx, four tet, anti-flag, modest mouse
queen, the beatles, therion, deep purple, ramones, metallica, kreator, anthrax, death, iced earth, sodom, carcass, mot?rhead, bad religion, dead kennedys, lacrimosa
lifehouse, linkin park, p.o.d., killswitch engage, the roots, stratovarius, evanescence, red hot chili peppers, apocalyptica, relient k, as i lay dying
bonobo, radiohead, the strokes, rjd2, bob marley, soundtrack, nouvelle vague, yann tiersen, amon tobin, cocorosie, the doors, ben harper, incubus, arctic monkeys, jack johnson, nirvana, dj shadow, blur, the white stripes, dj krush, moloko, sigur rós
death cab for cutie, john lennon, the magnetic fields, architecture in helsinki, phoenix, foo fighters, stars, belle and sebastian, coldplay, elliott smith, the postal service, the killers, the smashing pumpkins, sufjan stevens, broken social scene, camera obscura, snow patrol, keane, badly drawn boy, interpol, arcade fire, jeff buckley
bon jovi, reel big fish, dashboard confessional, black eyed peas, the all-american rejects, death cab for cutie, blur, damien rice, less than jake, jimmy eat world, girls aloud, ramones, manic street preachers, jamie cullum, bowling for soup, modest mouse, aerosmith, james morrison
ben harper, jack johnson, the shins, beirut, bob marley, death cab for cutie, iron & wine, jimi hendrix, nick drake, andrew bird, pearl jam, the black keys, bob dylan, the white stripes, led zeppelin, zero 7, josé gonzález, a perfect circle, the decemberists, built to spill, nas, sufjan stevens, belle and sebastian, system of a down, nina simone, buena vista social club, neutral milk hotel, norah jones, modest mouse, the beatles, john mayer, radiohead, queens of the stone age, soundgarden, red hot chili peppers, coldplay, talib kweli, billie holiday, cypress hill, sarah mclachlan, alice in chains, cat power
tosca, télépopmusik, trentem?ller, hercules and love affair, r?yksopp, seal, múm, michael bublé, duffy, miles davis, [unknown], david bowie, frou frou, the knife
charlie parker, amy winehouse, adam green, air, various artists, john coltrane
imogen heap, jamie cullum, pendulum, kosheen, morcheeba, timbaland, 311, pink, queen, madonna, the beatles, koЯn, sublime, jordin sparks, benny benassi, maria mena, chris brown, green day, panic at the disco, no doubt, lily allen, lady gaga, john mayer, fall out boy, katy perry, nickelback, nelly furtado, cascada, frou frou, gnarls barkley, michael jackson, missy elliott, basement jaxx, atb, massive attack
eels, bad religion, they might be giants, the hush sound, gogol bordello, ben folds, less than jake, the clash, tori amos, bj?rk, bruce springsteen, madness, rancid, cake, the dresden dolls
jason mraz, oasis, my chemical romance, bob marley, bon jovi, maroon 5, michael jackson, dream theater, bryan adams, radiohead, coldplay, slipknot, céline dion, corinne bailey rae, rihanna, aerosmith, jet
t.i., linkin park, atreyu, david guetta, children of bodom, trivium, rammstein, disturbed, foo fighters, lady gaga, black eyed peas, fall out boy, m?tley crüe, akon, ac/dc, metallica, dragonforce, paramore
the beatles, the flaming lips, radiohead, modest mouse, fugazi, pavement, the rolling stones, the white stripes, sufjan stevens, nada surf, mogwai, the shins, broken social scene, outkast, at the drive-in, neutral milk hotel, the mars volta, led zeppelin, beck, built to spill, band of horses, deerhunter, sonic youth, black rebel motorcycle club, deerhoof, soundgarden, my morning jacket, the jesus and mary chain, the killers, tv on the radio, pixies, the arcade fire, refused, sigur rós, ...and you will know us by the trail of dead, bright eyes, primal scream, the raconteurs, spoon, the strokes, the national
nightwish, manowar, tarja turunen, joe satriani, metallica, rammstein, apocalyptica, scorpions, michael jackson, roxette, blind guardian, helloween, evanescence, ac/dc, iron maiden, rainbow, guns n roses, sepultura, sonata arctica, avantasia, enigma, epica
dark tranquillity, daft punk, sonata arctica, ensiferum, nightwish, finntroll, in flames, turisas, kamelot, children of bodom, marilyn manson, epica, dimmu borgir, norther, eluveitie, dragonforce, travis, samael, george michael, koЯn, the killers, the 69 eyes, theatre of tragedy, katatonia, agalloch, deathstars, jamiroquai, amorphis, foo fighters
the herbaliser, common
pantera, iron maiden, scorpions, nickelback, 3 doors down, arch enemy, chimaira, def leppard, iced earth, children of bodom, hammerfall, slipknot, within temptation, trivium, dark tranquillity, rise against, him, killswitch engage, atreyu, goo goo dolls, afi, at the gates, sum 41, evanescence, poets of the fall
the smashing pumpkins, bon jovi, max?mo park, sting, keane, audioslave, maroon 5, the killers, oasis, god is an astronaut, neil young, u2, nightwish, depeche mode, coldplay, dinosaur jr., john mayer, the smiths, fall out boy, explosions in the sky
theatre of tragedy, system of a down, mindless self indulgence, nightwish, oomph!, linkin park, the birthday massacre, incubus, cake, portishead
the beatles, radiohead, the velvet underground, guns n roses, the rolling stones, belle and sebastian, bob marley & the wailers, bob dylan, beck, simon & garfunkel, elliott smith, the smashing pumpkins, ac/dc, bruce springsteen, ennio morricone, joni mitchell, the kinks, queen, the beach boys, the decemberists, nirvana, eagles, nick drake, madonna, r.e.m., eric clapton, lou reed, led zeppelin, jethro tull, leonard cohen, air, mika, the clash, u2, the who, pink floyd, dire straits, van morrison, jimi hendrix, metallica, john williams, joy division, ramones
eels, stars, maroon 5, tegan and sara, alicia keys, joss stone, boards of canada, the knife, regina spektor, cocorosie, the new pornographers, emilie simon, apparat, moby, air, kate nash, nightwish
abba, joe satriani, norah jones, antonio vivaldi
gang starr, hatebreed, die toten hosen, oasis, nine inch nails, babyshambles, dropkick murphys, pearl jam, the clash, the offspring, placebo, nirvana, arctic monkeys, marilyn manson, nas, system of a down, the streets, caliban, peter fox, bob dylan, rage against the machine, the white stripes, aphex twin, foo fighters, rancid, sex pistols
billy talent, muse, kanye west, breaking benjamin, my chemical romance, red.jumpsuit.apparatus, franz ferdinand, silverstein, rise against, green day, 3 doors down, paramore, metallica, mae, disturbed, good charlotte, linkin park, anberlin, tenacious d, the used, senses fail, the sounds, three days grace, bowling for soup, 30 seconds to mars, coldplay, skillet
rhapsody of fire, leonard cohen, gotan project, infected mushroom, r?yksopp, the cardigans, helloween, morcheeba, black eyed peas, david bowie, ladytron, the cure, the chemical brothers, theatre of tragedy, nick cave and the bad seeds, basement jaxx
avenged sevenfold, skillet, rihanna, linkin park, leona lewis, james blunt, britney spears, evanescence, mariah carey, avril lavigne, serj tankian, rammstein, cascada, atreyu, bullet for my valentine
jimi hendrix, portishead, michael jackson, linkin park, new order, massive attack, sufjan stevens, mono, dire straits, depeche mode, crystal castles, sarah mclachlan, bat for lashes, nick cave and the bad seeds, bad religion, delerium, cream, kate bush, arctic monkeys, eminem, manic street preachers, adele, peter gabriel, lamb, nine inch nails, scooter, amy winehouse, editors, snow patrol, the future sound of london
stereolab, a-ha, ennio morricone, george michael, michael jackson, aphex twin, madonna, pet shop boys, phoenix, john legend, chromeo, daft punk, max richter, goldfrapp, prefuse 73, vampire weekend
nine inch nails, shpongle, tool, the prodigy, deftones, venetian snares, infected mushroom, gwen stefani, fiona apple, marilyn manson, air, clint mansell, static-x, system of a down, placebo, pendulum, koЯn, portishead, mew
keane, kent, ac/dc, the cardigans, 3 doors down, immortal technique, led zeppelin, the killers, fall out boy, jimi hendrix, daft punk, queen, jack johnson, blur, mylo, john legend, stevie wonder, the hives, arctic monkeys, the white stripes, justice, david guetta, ludacris, simple plan, basement jaxx, mika, blink-182, busta rhymes, red hot chili peppers, the beatles, the books, rammstein, r.e.m.
the killers, fall out boy, hellogoodbye, the bravery, the prodigy, jimmy eat world, the libertines, onerepublic, pixies, green day, sex pistols, katy perry, new found glory, sum 41, blur, avril lavigne, circa survive, the fratellis, good charlotte, from first to last
bring me the horizon, parkway drive, a day to remember, from first to last, as i lay dying, the beatles, tegan and sara, emery, enter shikari, the fall of troy, lagwagon
[sigur rós]
the veronicas, ne-yo, fall out boy, mika, akon, kylie minogue, rihanna, snow patrol, linkin park, chris brown, maroon 5, gwen stefani, avril lavigne, matchbox twenty, colbie caillat, fergie, britney spears, foo fighters, bruce springsteen, silverchair, kanye west, alicia keys, john mayer, kelly clarkson, katy perry, the presets, the killers, plain white ts, kings of leon, miley cyrus, james blunt, leona lewis, metro station, lady gaga, nickelback, robyn
tom waits, yann tiersen, the white stripes, bright eyes, jimi hendrix, eels, bob dylan, tenacious d, frank sinatra, johann sebastian bach
[dir en grey]
vnv nation, sonic youth, him, my bloody valentine, interpol, siouxsie and the banshees, the jesus and mary chain, cansei de ser sexy, the rolling stones, oasis, apoptygma berzerk, the velvet underground, r.e.m., the offspring, bloc party, the strokes, joy division, belle and sebastian, norah jones, depeche mode, editors, daft punk, kaiser chiefs
misfits, new order, sonic youth, the rolling stones, beck, yo la tengo, low, the jesus and mary chain, my bloody valentine, iron maiden, brian eno, morphine, depeche mode, bob dylan, serge gainsbourg, the velvet underground, stereolab, joy division, kraftwerk, the cure
dire straits, buckethead, pink floyd, hammerfall, the white stripes, led zeppelin, creedence clearwater revival, katy perry, burzum, van halen, m?tley crüe, lady gaga, kraftwerk, pantera, gorillaz, cascada, franz ferdinand, green day, groove coverage, kings of convenience, the hives, iron maiden, volbeat, ac/dc, infected mushroom, symphony x, godsmack, guns n roses, manowar, lynyrd skynyrd, metallica
the ting tings, muse, coldplay, the killers, imogen heap, iron & wine, death cab for cutie, the new pornographers, the postal service, the beatles, beirut, sufjan stevens, the sounds, cat power, snow patrol, ratatat, shiny toy guns, beck, ray lamontagne, stars, jason mraz, the go! team, nada surf, nine inch nails, the shins, paramore, daft punk, radiohead, rilo kiley, frou frou, the decemberists, pinback, arctic monkeys, sara bareilles
gentleman, infected mushroom, ska-p, faithless, moby, mika, fatboy slim, benny benassi, bob marley, gorillaz, happysad, blank & jones, the chemical brothers, bob marley & the wailers, janis joplin, the doors, james brown, busta rhymes, 50 cent, sean paul
klaxons, bloc party, arctic monkeys, biffy clyro, my chemical romance, patrick wolf, kings of leon, lostprophets, kate nash, funeral for a friend, enter shikari, foals, muse, the strokes, fall out boy, kasabian, silverstein, the wombats, editors, radiohead, taking back sunday, jimmy eat world, the academy is..., the killers, babyshambles, ok go, the cribs
placebo, shpongle, modest mouse, portishead, sublime, refused, bright eyes, gnarls barkley, tegan and sara, the blood brothers, clap your hands say yeah, nine inch nails
from first to last, placebo, my chemical romance, elvis presley, a-ha, garbage, nirvana, radiohead, the rasmus, afi, bullet for my valentine, three days grace
billie holiday, the mars volta, nick cave and the bad seeds, nina simone, pink floyd, diana krall, johnny cash, devendra banhart, burial, leonard cohen, portishead, cocorosie, feist, bonnie prince billy, ella fitzgerald, santana, faithless, the ataris, miles davis, tom waits, emilíana torrini, joanna newsom, the magnetic fields
radiohead, the beatles, john lennon, vangelis, kraftwerk, die ?rzte, the byrds
rise against, relient k, skillet, linkin park, paramore, fall out boy, emery, bullet for my valentine, coldplay, the rasmus, anberlin, sum 41, underoath, disturbed
the gathering, akira yamaoka, nightwish, apocalyptica, in extremo, sirenia, sabaton, lacuna coil, loreena mckennitt, korpiklaani, therion
blink-182, motion city soundtrack, architecture in helsinki, tegan and sara, dashboard confessional, the sounds, girl talk, paramore, weezer, snow patrol, emilíana torrini, matisyahu, the hush sound, beastie boys, flight of the conchords, the mountain goats, dropkick murphys, metric
rancid, dropkick murphys, reel big fish, the prodigy, akira yamaoka, comeback kid, madness, 30 seconds to mars, anti-flag, ignite
daft punk, linkin park, editors, pendulum, joy division, coldplay, garbage, placebo, simian mobile disco, kosheen, guano apes, parov stelar, bad religion, the offspring, infected mushroom, beck
eels, spoon, bloc party, crystal castles, kings of leon, ac/dc, elliott smith, the beatles, gorillaz, daft punk, the rolling stones, bright eyes, beirut, the cure, bad brains, the kills, the faint, hot chip, the wombats, moby, ratatat, girl talk, modest mouse, afi, fall out boy, the blood brothers, death cab for cutie, andrew bird, radiohead, the smiths, justice, sufjan stevens, death from above 1979, morrissey, cursive, kanye west, queens of the stone age, fatboy slim, the doors, from first to last, the clash, the white stripes, tom waits, coheed and cambria, stone temple pilots
mogwai, sigur rós, sneaker pimps, incubus, the haunted, bj?rk, radiohead, tool, infected mushroom, the cardigans, avenged sevenfold, ministry, the knife, the birthday massacre, marilyn manson, placebo, pink floyd, enigma, godspeed you! black emperor, vnv nation, clint mansell, explosions in the sky
gorillaz, the cure, blondie, kraftwerk, franz ferdinand, lykke li, portishead, james brown, massive attack
queensr?che, led zeppelin, pearl jam, black sabbath, faith no more, aerosmith, korpiklaani, amorphis, ensiferum, red hot chili peppers, judas priest, anthrax, ac/dc, m?tley crüe, kiss, deathstars, blind guardian, the doors, soilwork, system of a down, ludwig van beethoven, apocalyptica, guano apes, cannibal corpse, a perfect circle, wolfgang amadeus mozart, carcass
morrissey, rufus wainwright, regina spektor, elliott smith, andrew lloyd webber, the decemberists, rilo kiley, philip glass, barenaked ladies, billy joel, the beatles, tori amos, édith piaf, the velvet underground, kimya dawson, leonard cohen, green day, arcade fire, sufjan stevens, the doors, johnny cash, the white stripes
the pogues, the beatles, rammstein, louis armstrong, flogging molly, phil collins, dropkick murphys, barenaked ladies, kraftwerk, die ?rzte, jurassic 5, billy joel, miles davis, toto, charlie parker, outkast, lily allen, david bowie, ennio morricone, ramones
the chemical brothers, miles davis, mr. scruff, four tet, manu chao, tosca, st. germain, sublime, moby, tricky, the cinematic orchestra, beastie boys, dj shadow
emilie autumn, bright eyes, klaxons, placebo, as i lay dying, lil wayne, crystal castles, iamx, cobra starship, kent, shiny toy guns, cute is what we aim for, britney spears, 50 cent, m.i.a., the sounds, the chemical brothers, benny benassi, gym class heroes, the kooks, 30 seconds to mars, panic at the disco, flyleaf, ludwig van beethoven, duffy, lupe fiasco
red hot chili peppers, avril lavigne, slipknot, coldplay, 3 doors down
infected mushroom, ti?sto, armin van buuren, sting, paul van dyk, gorillaz, eric clapton, enya, pink floyd, supertramp, jethro tull, u2, linkin park, fatboy slim, genesis, phil collins, a-ha, bob marley, the police, depeche mode, ac/dc, black eyed peas, the rolling stones
u2, michael bublé, the killers, moby, aerosmith, michael jackson, kanye west, nelly furtado, the doors, justice, keane, muse, nirvana, the cure, enya, britney spears, maroon 5, black eyed peas, sade, the beatles, booka shade, james blunt, interpol, shakira, fergie
linkin park, fall out boy, bob marley, three days grace, breaking benjamin, sum 41, 3 doors down, sean paul, ben harper
shakira, the all-american rejects, britney spears, fergie, mae, alanis morissette, the ataris, pink, lifehouse
bob marley, radiohead, iggy pop, pearl jam, jet, the doors, jefferson airplane, alkaline trio, r.e.m., janis joplin, nirvana, guns n roses, coldplay, velvet revolver, bob dylan, pink floyd, lou reed, black sabbath, lenny kravitz, audioslave, ac/dc, the velvet underground, aerosmith, nickelback
rammstein, oasis, coldplay, red hot chili peppers, [unknown], los hermanos, foo fighters, queens of the stone age, p.o.d., led zeppelin, slipknot, disturbed, the strokes, deftones, black sabbath, bon jovi, stereophonics, akon, the offspring, gorillaz, goo goo dolls, jack johnson, nightwish, queen, ben harper, bob marley, audioslave, mudvayne
the get up kids, minus the bear, misfits, descendents, hatebreed, black flag, bad brains
the ting tings, the subways, hot chip, tv on the radio, kaiser chiefs, the beach boys, spoon, antony and the johnsons, the smashing pumpkins
arctic monkeys, coldplay, papa roach, manic street preachers, red hot chili peppers, lostprophets, bush, kult, the offspring, anberlin, feist, nine inch nails, radiohead, green day, evanescence, lifehouse, the kooks, u2, kings of leon, joe satriani, mgmt, simple plan, god is an astronaut, gorillaz, flogging molly, staind, the pigeon detectives, interpol, jefferson airplane, editors, franz ferdinand, kaiser chiefs, travis, minus the bear
ti?sto, nine inch nails, kent, depeche mode, paul van dyk, ferry corsten, garbage, armin van buuren, blank & jones, skinny puppy, above & beyond, atb, kmfdm, kraftwerk, faithless, paul oakenfold, ministry, chicane, pet shop boys, marilyn manson, the cure
armin van buuren, above & beyond, snow patrol, ferry corsten, ti?sto, kanye west, pendulum, paul van dyk, high contrast, coldplay, blank & jones
tegan and sara, minor threat
mf doom, venetian snares, autechre, squarepusher, the knife, boards of canada, built to spill, led zeppelin, ministry, misfits, the future sound of london, outkast, jethro tull, burial, madlib, slayer
the roots, madvillain, mf doom, erykah badu, jamiroquai, jazzanova
norah jones, alicia keys, antonio vivaldi, elton john, céline dion, james morrison, phil collins, mariah carey, aretha franklin, the corrs
travis, zero 7, thievery corporation, bonobo, placebo, tegan and sara, bob marley, dave matthews band, moby, matisyahu, editors, the kooks, fatboy slim, the killers, lily allen, hooverphonic, belle and sebastian, high contrast, alanis morissette, morcheeba, eels, oasis, green day, massive attack, adele, róisín murphy, incubus, tori amos, u2, fischerspooner, gorillaz, the whitest boy alive, myslovitz, panic at the disco, stereophonics
a tribe called quest, prince, air, mf doom, outkast, the postal service, radiohead, jimi hendrix, ghostface, erykah badu, mos def, al green, madlib, snoop dogg, james brown, beyoncé, the roots, the shins, the killers, tv on the radio, nas, sade, madvillain, nick drake
arctic monkeys, paramore, the strokes, the beatles, anberlin, death cab for cutie, city and colour, cat power, lady gaga, the pigeon detectives, kings of leon, keane, amy winehouse, tegan and sara, mae, the postal service, razorlight, muse, yeah yeah yeahs, mgmt, crystal castles, kaiser chiefs, michael jackson, the kooks, the national
atmosphere, 2pac, lupe fiasco, j dilla, nas, gym class heroes, ne-yo, cunninlynguists
james brown, radiohead, gnarls barkley, the flaming lips, neil young, frank zappa, primus, the velvet underground, joy division, doves, johnny cash, bright eyes, stevie wonder
marvin gaye, billie holiday, erykah badu, outkast, james brown, miles davis, stevie wonder, a tribe called quest, john coltrane, dr. dre, nina simone
iamx, tori amos, the doors, inxs, modest mouse, black rebel motorcycle club, she wants revenge, kings of leon, interpol, radiohead, sneaker pimps, katie melua, massive attack, the postal service, mando diao, morphine, deus, nelly furtado, moby, aretha franklin, muse
bathory, iron maiden, death, mot?rhead, kreator, cannibal corpse, ac/dc, black sabbath, judas priest, ensiferum, finntroll, behemoth, dio, equilibrium, anthrax, pantera, korpiklaani, eluveitie, immortal, b?hse onkelz, nile, megadeth
manu chao, buena vista social club, coldplay, ska-p, u2
the jesus and mary chain, my bloody valentine, blonde redhead, the bouncing souls, yo la tengo, kings of leon, primal scream, arcade fire, turbonegro, the black keys, the raveonettes, the magnetic fields, animal collective, bad religion, cut copy, the brian jonestown massacre, the strokes
billie holiday, stevie wonder, frank sinatra, the beatles, otis redding, louis armstrong, radiohead, amy winehouse, al green, portishead, nirvana, the strokes, miles davis, jack johnson, the white stripes, neil young, arctic monkeys, james brown, mr. scruff, charlie parker, scissor sisters, the herbaliser, aretha franklin, bob dylan, david bowie, bob marley & the wailers, the streets, abba, elvis presley, unkle, orbital
cat stevens, bob dylan, joni mitchell, the beatles, the velvet underground, belle and sebastian, the magnetic fields, the smiths, yann tiersen, lou reed, the rolling stones, david bowie
devildriver, placebo, the strokes, the hives, iamx, disturbed, system of a down, klaxons, static-x, hatebreed, linkin park, the sounds, jimmy eat world, the kooks, 30 seconds to mars, in flames, a perfect circle, sum 41, flyleaf, rammstein, rise against, from first to last, the beatles, billy talent, panic at the disco, bloc party, kaiser chiefs, audioslave, the cardigans, koЯn, alter bridge, bullet for my valentine, cute is what we aim for, ill ni?o, radiohead, paolo nutini, babyshambles, red hot chili peppers
iron maiden, infected mushroom, judas priest, nightwish, venetian snares, kamelot, rammstein, metallica, rhapsody of fire, scooter, scorpions, apocalyptica, blind guardian, sonata arctica, dimmu borgir, black sabbath, vnv nation, depeche mode, helloween, disturbed, slayer, led zeppelin, megadeth, lamb of god, dragonforce, trivium, opeth, children of bodom, lordi, cradle of filth, linkin park, r?yksopp, kmfdm, guns n roses, eminem
jeff buckley, radiohead, placebo, air, morrissey, chico buarque, los hermanos, leonard cohen, bob dylan, the smashing pumpkins, josé gonzález, pixies, moby, sonic youth, john lennon, caetano veloso, bad religion, coldplay
velvet revolver, metallica, skid row, m?tley crüe, ramones, the rolling stones, turbonegro, ozzy osbourne, soundgarden
tenacious d, o.s.t.r., damian marley, limp bizkit, jimi hendrix, beatsteaks, bob marley, gentleman, hey, bob marley & the wailers, red hot chili peppers, asian dub foundation, roots manuva, happysad, matisyahu, koЯn, the doors, akurat, the offspring
dropkick murphys, morrissey, dire straits, tom waits, god is an astronaut, the cure, the smiths, the rolling stones
hans zimmer, lostprophets, story of the year, red.jumpsuit.apparatus, kelly clarkson, usher, goo goo dolls, my chemical romance, 3 doors down, backstreet boys, 30 seconds to mars, rihanna, ne-yo, mariah carey, sugababes, muse, iron & wine, creed, switchfoot, sheryl crow, gavin degraw, chris brown, lifehouse
the beatles, eric clapton, the kooks, feist, u2, the last shadow puppets, the rolling stones, genesis, paul mccartney, the cure, fleet foxes, van morrison, kings of convenience, the cranberries, r.e.m., dave matthews band, tom waits, sara bareilles, john lennon, amy winehouse, jimi hendrix, queen, colbie caillat, sting, counting crows, peter gabriel, cream, supertramp, the police, billy joel, keane, madness, david bowie, beck, regina spektor, norah jones, bob marley & the wailers, creedence clearwater revival
system of a down, nine inch nails, iced earth, lamb of god, ill ni?o, lacrimosa, disturbed, sting, the prodigy
slipknot, dir en grey
ti?sto, faithless, linkin park, nickelback, benny benassi, david guetta, guano apes, booka shade, red hot chili peppers, papa roach, 3 doors down
shout out louds, the hives, death cab for cutie, fall out boy, the strokes, billy talent, doves, neutral milk hotel, norah jones, the subways, kings of leon, black rebel motorcycle club, spoon
shpongle, the dandy warhols, madonna, andrew lloyd webber, john williams, gorillaz
nine inch nails, tool, joy division, melvins, linkin park
avenged sevenfold, rise against, the distillers, red.jumpsuit.apparatus, parkway drive
vnv nation, anberlin, atb, infected mushroom, pendulum, above & beyond, combichrist, ayreon, biffy clyro, avantasia, fleet foxes, the hellacopters, strapping young lad, ti?sto, the birthday massacre, alice in chains, apoptygma berzerk, armin van buuren, morrissey, matchbox twenty, katatonia, death from above 1979, elliott smith, coheed and cambria, the white stripes, a perfect circle
benny benassi, david guetta, scooter, september, craig david
evanescence, robbie williams
beirut, the decemberists, sufjan stevens, sigur rós, anna ternheim, bright eyes, andrew bird, badly drawn boy, regina spektor, bon iver, my morning jacket, arcade fire, rufus wainwright, antony and the johnsons
thievery corporation, sade, de-phazz, groove armada, tosca, erykah badu, jamie cullum, hooverphonic, jazzanova, massive attack, mylo, goldfrapp
lily allen, daft punk, crystal castles, the magnetic fields, the beatles, katy perry, vampire weekend, the radio dept.
coldplay, paramore, death cab for cutie, the shins, norah jones, dave matthews band, anberlin, andrew bird, john mayer, dashboard confessional, stars, belle and sebastian, jack johnson, iron & wine, jason mraz, ryan adams, damien rice, joshua radin, the academy is..., mae, underoath, a fine frenzy, girl talk, fall out boy, black rebel motorcycle club, kings of leon, feist, beirut, britney spears, modest mouse
oasis, red hot chili peppers, franz ferdinand, machine head, era, radiohead, slipknot, trivium, queen, metallica, jet, iron maiden, limp bizkit, the rolling stones, the cure, coldplay, my chemical romance, interpol, nelly furtado, nirvana, kaiser chiefs, travis, rammstein, green day, megadeth, system of a down, the offspring, r.e.m., the cranberries
brand new, the beatles, death cab for cutie, radiohead, cold war kids, placebo, bob dylan, linkin park, mgmt, chromeo, bob marley, louis armstrong, air, the smashing pumpkins, beirut, kanye west, prince, usher, benny benassi, band of horses, pink floyd, atmosphere, led zeppelin, fiona apple, thrice, tv on the radio, coldplay, britney spears, kings of leon, crystal castles, panic at the disco, elvis costello, cut copy, justice, sex pistols, junior boys, ben folds five, hercules and love affair
the kooks, blink-182, the strokes, the killers, metallica, red hot chili peppers, maroon 5, guns n roses, incubus, haggard, queen, green day, ray charles, kings of leon, johann sebastian bach, coldplay, sum 41, manu chao, jamiroquai, nightwish, placebo, daft punk, rob zombie, paramore, linkin park, counting crows, the cranberries, apocalyptica, avril lavigne, bob marley, matchbox twenty, howard shore, kate nash, bon jovi
rise against, nofx, hatebreed, blink-182, the offspring, muse, ska-p, green day, ramones, caliban, bad religion
bj?rk, bob dylan, jamiroquai, lou reed, nelly furtado, supertramp, jurassic 5, de la soul, daft punk, aphex twin, ludwig van beethoven, bob marley, bob marley & the wailers, fatboy slim
deftones, nirvana, converge, arctic monkeys, nofx, ben harper, gorillaz, venetian snares, rjd2, the strokes, jurassic 5, koЯn, bloc party, rage against the machine, roots manuva, radiohead, jimi hendrix, matisyahu, the chemical brothers, system of a down, bob marley, the gossip, the prodigy, nada surf
gwen stefani, madonna, maroon 5
kult, caliban, lamb of god, system of a down, metallica, groove armada, soulfly, massive attack, the chemical brothers, the cribs, the smashing pumpkins, hatebreed, sepultura, the pigeon detectives, heaven shall burn, chimaira, goldfrapp, cypress hill, bonobo, fischerspooner, guano apes, gorillaz, koЯn, queen, cocorosie, red hot chili peppers, the haunted, asian dub foundation, matisyahu
rammstein, 50 cent, eminem, evanescence, akon, beyoncé, kanye west, rihanna, cascada, lady gaga, antony and the johnsons, basshunter, t.i., m.i.a., notorious b.i.g., ne-yo, gwen stefani, rise against, 2pac, plain white ts, chamillionaire, dr. dre, muse, the pussycat dolls, green day, kelly clarkson, system of a down, britney spears, placebo, in flames, cradle of filth
cat power, bob dylan, feist, regina spektor, joni mitchell, tom waits, the white stripes, bruce springsteen, wilco, joanna newsom, aimee mann, radiohead, antony and the johnsons, morrissey, bright eyes, fleet foxes, the decemberists, depeche mode, nick cave and the bad seeds, beck, cocorosie, calexico, nick drake, the national, animal collective, amy macdonald, neil young, elvis presley, r.e.m., lykke li, the rolling stones, tv on the radio, jens lekman, van morrison, duffy, mew, a fine frenzy
aphex twin, the smashing pumpkins, coldplay, johnny cash, massive attack, the roots, elbow, notorious b.i.g.
antony and the johnsons, cocteau twins, jem
prefuse 73, nightmares on wax, the chemical brothers, the cinematic orchestra, mr. scruff, miles davis, gorillaz
deerhoof, atmosphere, madvillain, aesop rock, minor threat, the beatles, misfits, queens of the stone age, fugazi, weezer, mf doom, nirvana, sonic youth, mogwai, radiohead
ulver, anathema, frédéric chopin, muse, katatonia, dead can dance, the cranberries, the gathering, lacuna coil, system of a down, myslovitz, tiamat
garbage, placebo, cat power, los hermanos, feist, the kills, devendra banhart, descendents, bush, metric, the beatles, the distillers, pink floyd, le tigre, papa roach, arctic monkeys, bad religion, pixies, fiona apple, nirvana, portishead, new order, sonic youth, deftones, kings of convenience, the smiths, stereophonics, cansei de ser sexy, chico buarque, maroon 5
nirvana, beastie boys, anthrax, pantera, hatebreed, blink-182, misfits, foo fighters, sum 41, black flag, nofx, dr. dre, the police, afi, van halen, new found glory, billy talent, pennywise, kimya dawson, bad brains, dropkick murphys
beirut, the velvet underground, flight of the conchords, the kinks, the blood brothers, neutral milk hotel, cat power, mirah, radiohead, stars, pink floyd, of montreal
dashboard confessional, jimmy eat world, maroon 5, something corporate, kelly clarkson, backstreet boys, evanescence, the all-american rejects, blink-182, fall out boy, madonna, mae, sugarcult, nickelback, hilary duff, new found glory, the ataris, linkin park, miley cyrus, simple plan, hoobastank, boys like girls, sum 41, 3 doors down, snow patrol, the pussycat dolls
nick drake, foo fighters, fleetwood mac, radiohead, cake, the white stripes, the beatles, elliott smith, pink floyd, tom petty and the heartbreakers, lynyrd skynyrd, nirvana, u2, the hives, the rolling stones, red hot chili peppers, elbow, the who, david bowie, yo la tengo, peter gabriel, bob dylan, creedence clearwater revival, deep purple, led zeppelin, neil young
ryan adams, the smiths, the radio dept., jens lekman, belle and sebastian, bob dylan, elvis presley, kent, antony and the johnsons, nick cave and the bad seeds, sufjan stevens, depeche mode, the stone roses, the postal service, air, the cardigans, gentleman, new order, cocorosie, kings of convenience, amy winehouse, h?kan hellstr?m, amy macdonald, anna ternheim, david bowie
the prodigy, sepultura, down, unkle, nine inch nails, samael, aphex twin, the dillinger escape plan, fatboy slim, machine head, ministry, soilwork, black sabbath
the magnetic fields, high contrast, the books, manu chao, animal collective, four tet, architecture in helsinki, sufjan stevens
flogging molly, green day, reel big fish, goldfinger, the specials
panic at the disco, duffy, madonna, santogold, the rasmus, my chemical romance, avril lavigne, cansei de ser sexy, katy perry, ashlee simpson, fall out boy, kelly clarkson, kanye west, snow patrol, the gossip, crystal castles, paramore, lily allen, jonas brothers, lady gaga, rihanna, goldfrapp, daft punk, the veronicas, m.i.a., the fratellis, linkin park
daft punk, manic street preachers, gorillaz, queens of the stone age, outkast, rammstein, interpol, leonard cohen, beck, placebo, led zeppelin, r?yksopp, busta rhymes, radiohead, depeche mode, r.e.m., arctic monkeys, ice cube, jay-z, david bowie, pearl jam, pink floyd, air, rage against the machine, muse, volbeat, snoop dogg, soundgarden, foo fighters, n*e*r*d
the black keys, pavement, bob dylan, the beatles, sonic youth, the shins, radiohead, the clash, animal collective, dinosaur jr., the white stripes, flight of the conchords, the rolling stones, dropkick murphys, arctic monkeys, okkervil river, grizzly bear, beck, fleet foxes, sigur rós, neil young, elliott smith, yeah yeah yeahs, elvis costello, built to spill, andrew bird, yo la tengo, buzzcocks, led zeppelin, mgmt, weezer, vampire weekend, pink floyd, r.e.m., the breeders, cold war kids, pixies
linkin park, chamillionaire, kanye west, eminem, nas, ice cube, the game, t.i.
bruce springsteen, red hot chili peppers, foo fighters, h?kan hellstr?m, daft punk, r?yksopp, ryan adams, justice, kings of convenience, franz ferdinand, pink floyd, eagles of death metal, audioslave, the killers, leonard cohen, m83, the hellacopters, arcade fire, nine inch nails, u2, bon iver, the smiths, okkervil river, queens of the stone age, air, built to spill, lykke li, pearl jam, johnny cash, trentem?ller, coldplay, kent, ac/dc, the hives, the go! team, katie melua, pulp, mgmt, kings of leon, the knife
happysad, alesana, simple plan, 30 seconds to mars, from first to last, plain white ts, avril lavigne, pid?ama porno, paramore, bring me the horizon, bob marley, blink-182, damian marley, bob marley & the wailers, patrick wolf, a fine frenzy
pain of salvation, volbeat, anathema
gorillaz, a perfect circle, nirvana
die apokalyptischen reiter, korpiklaani, equilibrium, parkway drive, judas priest, rob zombie, dragonforce
combichrist, apoptygma berzerk, reel big fish, kent, nofx, sonic syndicate, h?kan hellstr?m, underoath, mogwai, all time low, the used, final fantasy, the strokes, depeche mode, sigur rós, norah jones, andrew lloyd webber, streetlight manifesto, flogging molly, porcupine tree, imogen heap, kraftwerk, the killers, bad religion, arctic monkeys, the chemical brothers, the prodigy, simon & garfunkel
yeah yeah yeahs, tokyo police club, modest mouse, bright eyes, ryan adams, danny elfman, sufjan stevens, the blood brothers
lordi, static-x, tenacious d, queen, faith no more, disturbed, electric six, marilyn manson, koЯn, bowling for soup, hoobastank, volbeat, alkaline trio, rob zombie, slipknot
loreena mckennitt, bruce springsteen, within temptation, linkin park, volbeat, blind guardian, lacuna coil, manic street preachers, black sabbath, rhapsody of fire, metallica, andrew lloyd webber, kamelot, depeche mode, stratovarius, tristania, david bowie, r.e.m., chet baker, ray charles, dragonforce, miles davis, bob marley
coma, the hush sound, akurat, system of a down, panic at the disco, fall out boy, happysad, nouvelle vague, billy talent, the all-american rejects, myslovitz, katy perry
r?yksopp, faithless, enya, shpongle, delerium, frou frou, matchbox twenty, imogen heap
robbie williams, michael jackson, september, lily allen, david guetta
the kooks, bloc party, paramore, j dilla, apparat, m.i.a., clint mansell, bon iver, jamiroquai, placebo, imogen heap, panic at the disco, the wombats, depeche mode, counting crows, cunninlynguists, sugarcult, max richter, lily allen, basement jaxx, stereophonics, foals, muse, fatboy slim
adema, good charlotte, breaking benjamin, red.jumpsuit.apparatus, 3 doors down, the fray, panic at the disco, incubus, finch, new found glory, the kooks, linkin park, fall out boy, the used, sum 41, atb, thrice, my chemical romance, paramore, nickelback, skillet, afi, placebo, story of the year, taking back sunday, fischerspooner, evanescence, bowling for soup, lostprophets, papa roach, the academy is..., jimmy eat world, seether, anberlin, funeral for a friend, paradise lost
modest mouse, the zombies, john frusciante, jimi hendrix, santogold, sage francis, the doors, stars, mgmt, outkast, immortal technique, red hot chili peppers, the rolling stones, neko case
avenged sevenfold, blink-182, metallica, atreyu, ti?sto, coheed and cambria, enter shikari, marilyn manson, napalm death, fall out boy, iron maiden, ac/dc, angels & airwaves, bullet for my valentine, scar symmetry, my chemical romance, biffy clyro, sigur rós, santana, bring me the horizon, muse, michael jackson, megadeth, city and colour, bob dylan, black flag, dragonforce, panic at the disco, jimmy eat world, amy macdonald, pantera, sugarcult, sum 41, 30 seconds to mars
j dilla, flying lotus, madlib, de la soul, notorious b.i.g., marvin gaye, a tribe called quest, n*e*r*d
the kills, panic at the disco, lily allen, paramore, fort minor, britney spears, gwen stefani, muse, linkin park, cobra starship, girls aloud, katy perry, lady gaga, the hush sound, the sounds, lykke li, imogen heap, kate nash, vampire weekend, nightwish, foals, the raconteurs, fall out boy, robyn, madonna, rihanna, jem, ashlee simpson, evanescence, tegan and sara, my chemical romance, the ting tings, the white stripes, eels
howard shore, dream theater, explosions in the sky, yann tiersen, enya, imogen heap, breaking benjamin
children of bodom, elliott smith, cunninlynguists, equilibrium, in flames, soilwork, incubus, coldplay, ensiferum, lamb of god, system of a down, jedi mind tricks, jimmy eat world, nas, gorillaz, schandmaul, anti-flag, dimmu borgir, nofx, nightwish, deichkind, the killers, cypress hill, timbaland, less than jake, seeed, lupe fiasco, bloodhound gang, disturbed, the prodigy, heaven shall burn, dire straits, koЯn, benny benassi, kyuss
kraftwerk, richard cheese, erykah badu, elvis presley, the pipettes, massive attack, ella fitzgerald, the beatles, red hot chili peppers, the offspring, joy division, klaxons, louis armstrong, queen, tom waits, miles davis, the strokes, arctic monkeys, thievery corporation, john coltrane, elton john, the dresden dolls, gorillaz, oasis, madonna
ennio morricone, deep purple, led zeppelin, the beach boys, tom waits, frank zappa, opeth, jethro tull, iron maiden, dream theater, michael jackson, sepultura, megadeth, angra, metallica, faith no more, pink floyd, the roots, mastodon, rainbow, camel, king crimson, cannibal corpse
death cab for cutie, madonna, arctic monkeys, britney spears, coldplay, kylie minogue, dashboard confessional, placebo, paramore, keane, cansei de ser sexy, onerepublic, 3 doors down, james blunt, the killers, jimmy eat world, 30 seconds to mars, the distillers, hellogoodbye, mae, snow patrol, enya, ti?sto, creed, garbage, my chemical romance, taking back sunday, panic at the disco
cunninlynguists, jedi mind tricks, alkaline trio, interpol, the flashbulb, three days grace, t.i., breaking benjamin, 3 doors down, bonobo
mika, cascada, rihanna, taylor swift, avril lavigne, franz ferdinand, the killers, alicia keys, ac/dc, linkin park, maroon 5, red hot chili peppers, simple plan, chris brown, miley cyrus, 2pac, lady gaga, the cure, ne-yo, akon, beyoncé, mariah carey, elvis presley, nickelback, bon jovi, britney spears
iron maiden, darkthrone, metallica, burzum, manowar, amorphis, ensiferum, bathory, finntroll
billie holiday, diana krall, ella fitzgerald, nina simone, frank sinatra, chet baker
[kiss]
siouxsie and the banshees, panic at the disco, lykke li, various artists, the hives, bon jovi, simian mobile disco, iggy pop, moby
o.s.t.r., j dilla, de-phazz, gang starr, thievery corporation, tosca, atmosphere, snoop dogg, jurassic 5, jay-z, amon tobin, dj shadow, nas, fatboy slim, the cinematic orchestra, lenny kravitz, massive attack, mos def, erykah badu, jamiroquai, common
enter shikari, coldplay, klaxons, linkin park, the kooks, placebo, crystal castles, bruce springsteen, sex pistols, rammstein, gorillaz, mgmt, édith piaf, the cranberries, mika, hellogoodbye, sigur rós, katie melua, the raconteurs, red hot chili peppers, the prodigy, madonna, keane, frank sinatra, hans zimmer, fort minor, burial, system of a down, tv on the radio, the beatles, ray charles, lady gaga, moby
kelly clarkson, paramore, tarja turunen, evanescence, him, ashlee simpson, the sounds, slipknot, sonata arctica, the pussycat dolls, my chemical romance
eric clapton, nickelback, james blunt, de-phazz, garbage, audioslave, good charlotte
muse, david bowie, the smiths, travis, the killers, hard-fi, new order
antonio vivaldi, frank zappa, camel, frédéric chopin, vangelis, mike oldfield, philip glass, genesis, king crimson, ludwig van beethoven, santana, pink floyd
radiohead, interpol, the magnetic fields, the cure, ryan adams, death cab for cutie, editors, the killers, mando diao, morrissey, oasis, coldplay, black rebel motorcycle club, deus, bloc party, band of horses, nada surf, the smiths, joy division, the beatles, the strokes, the arcade fire, my morning jacket, sigur rós, the national, pixies, muse, beirut, m. ward, archive, the shins
scorpions, bush, snow patrol, pearl jam, babyshambles, aerosmith, korpiklaani
ben harper, creedence clearwater revival, queen, muse, genesis, bruce springsteen, paul simon, led zeppelin, coldplay, u2, jamiroquai, stevie wonder, r.e.m., elvis presley, dire straits, depeche mode, david bowie, moby, bob marley, dido, nirvana, cold war kids, peter gabriel, radiohead, tracy chapman
anna ternheim, elton john, oasis, depeche mode, mew, coldplay, the cardigans, the beach boys, keane, kiss, h?kan hellstr?m, m83, the cure, journey, the smiths, nirvana, red hot chili peppers, david bowie, a-ha, snow patrol, queen, john lennon, frank sinatra
sufjan stevens, fiona apple, radiohead, tool, sigur rós, modest mouse, marilyn manson, aesop rock, a perfect circle, iron & wine, the dresden dolls, tom waits, pj harvey, the dillinger escape plan, the flaming lips, garbage, cursive, bright eyes, deftones, the beatles, pink floyd, bj?rk, regina spektor, elliott smith, broken social scene, portishead, primus, damien rice, massive attack, muse, green day, brand new, aphex twin, the cure, rilo kiley
billie holiday, kings of convenience, nina simone, ella fitzgerald, goldfrapp, richard cheese, ben folds five, zero 7, amy winehouse, radiohead, patrick wolf, nick cave and the bad seeds, rufus wainwright, chet baker, air, moloko, the beatles, ben folds, depeche mode, stevie wonder, yann tiersen
behemoth, bloodbath, opeth, burzum, darkthrone, immortal, nile, bathory, slayer, iron maiden
the flaming lips, kings of leon, cradle of filth, guided by voices, faith no more, mgmt, eminem, ryan adams, bloc party, tv on the radio, pixies, the white stripes, the pogues, hot chip, patrick wolf
god is an astronaut, tool, in flames, alexisonfire, soundtrack, buckethead, akira yamaoka, opeth, saosin
antony and the johnsons, cat power, adam green, jack johnson, mirah, kimya dawson, vampire weekend, tegan and sara, yann tiersen, bon iver, clueso, gentleman, paolo nutini, camera obscura, radiohead, belle and sebastian, mika, john frusciante, amy winehouse, die ?rzte, [unknown]
justice, placebo, vnv nation, three days grace, nine inch nails, boys noize, muse, siouxsie and the banshees, static-x, tracy chapman, koЯn, lacuna coil, the sisters of mercy, massive attack, bauhaus, led zeppelin, nightwish, him, inxs, the cure
burial, ozzy osbourne, paradise lost, pantera, tool, the herbaliser, pink floyd, basement jaxx, pearl jam, fatboy slim, amorphis, faithless, tom waits, gojira, radiohead, machine head, groove armada, van morrison, samael, mastodon, sepultura, queen, clint mansell, marilyn manson, moby, bring me the horizon, ac/dc, blind guardian, pendulum, venetian snares, amon amarth, kult, carcass, gnarls barkley, tenacious d, incubus, slayer, audioslave
david bowie, andrew lloyd webber, the raconteurs, massive attack, the white stripes, the mars volta, the doors, the chemical brothers, antony and the johnsons, simon & garfunkel, sex pistols, cold war kids, crystal castles, the beatles, joy division, arctic monkeys, the libertines, buzzcocks, myslovitz, mgmt
john legend, tool, rammstein, u2, santana, bj?rk, tracy chapman, sting, david bowie, 311, incubus, a perfect circle, in extremo, apocalyptica, metallica, massive attack, red hot chili peppers, radiohead, the beatles, nirvana, stone temple pilots, seether, siouxsie and the banshees, godsmack, lacuna coil, nine inch nails, alanis morissette, audioslave, black sabbath, alice in chains, linkin park
meshuggah, god is an astronaut, sigur rós, godspeed you! black emperor, mogwai, 65daysofstatic, death cab for cutie, mono, thrice, muse, thom yorke
depeche mode, kings of convenience, 65daysofstatic, arctic monkeys, black rebel motorcycle club, the notwist, the whitest boy alive, radiohead, red hot chili peppers, iamx, junior boys, télépopmusik
tegan and sara, norah jones, the flaming lips, the arcade fire, johnny cash, the rolling stones, modest mouse, stars, broken social scene, feist, the postal service, coldplay, regina spektor, of montreal, belle and sebastian, the beatles, u2, motion city soundtrack, radiohead, frank sinatra, the fray, the kinks, imogen heap, anberlin, the academy is..., booka shade
wolfgang amadeus mozart, pearl jam, koЯn, aphex twin, roxette, the prodigy, beastie boys, moby, the crystal method, van halen, megadeth, atmosphere, kiss, the doors, wu-tang clan, david bowie, rage against the machine, sage francis, joy division, scooter, depeche mode, ac/dc, elvis presley, guns n roses
a perfect circle, seether, rob zombie, three days grace, howard shore, timbaland, the beach boys, apocalyptica, koЯn, bryan adams, say anything, rammstein, in extremo
marilyn manson, paramore, t.a.t.u., bon jovi, los hermanos, britney spears, tegan and sara, system of a down, cansei de ser sexy, audioslave, a perfect circle, avril lavigne, the rasmus, oomph!, papa roach, good charlotte, regina spektor, oasis, placebo, ill ni?o, nirvana
tegan and sara, kent, r?yksopp, the knife, paramore, h?kan hellstr?m, robyn, enya, regina spektor, amy macdonald, britney spears, lily allen, the sounds, abba, groove coverage
amorphis, opeth, pain, dimmu borgir, in flames, as i lay dying, lacuna coil, emilie autumn, sentenced, dio, epica, dark tranquillity, tiamat
archive, coldplay, franz ferdinand, joy division, hey, portishead, sade, arctic monkeys, tracy chapman, manu chao, muse, amy winehouse, kult, lamb, dire straits, gentleman, kimya dawson, kaiser chiefs, koop, róisín murphy, led zeppelin, pid?ama porno
brand new, bush, alexisonfire, deftones, portishead, damien rice
incubus, paramore, hoobastank, muse, fall out boy, fort minor, daft punk, nickelback, maroon 5, papa roach, 30 seconds to mars, the ting tings
gogol bordello, farin urlaub, die ?rzte, mindless self indulgence, foo fighters, rammstein, subway to sally, bob marley & the wailers, coldplay, u2, system of a down, johnny cash, gorillaz
jimi hendrix, the libertines, arctic monkeys, jack johnson, ramones, frank sinatra, coldplay, sonic youth, the clash, the doors, franz ferdinand, the rolling stones, the jimi hendrix experience, the fratellis, billy talent, babyshambles, frédéric chopin, the white stripes, razorlight, pavement, bob dylan, the fall, the kooks, dinosaur jr., nirvana, lenny kravitz, sex pistols, beastie boys, kings of convenience, death cab for cutie, die ?rzte, radiohead, cake, incubus, system of a down
above & beyond, enrique iglesias, eminem, benny benassi, cascada, myslovitz, ti?sto, paul van dyk, system of a down, scooter, david guetta, the chemical brothers, christina aguilera
the beatles, genesis, peter gabriel, grizzly bear, flogging molly, rhapsody of fire, ben folds, the jimi hendrix experience, queen, jethro tull, iron & wine, weezer, vampire weekend, frank zappa, the decemberists, the flaming lips, rush, the weakerthans, jefferson airplane, elton john, animal collective, ben folds five, electric light orchestra, supertramp, billy joel, sufjan stevens, king crimson, bob dylan, devendra banhart, simon & garfunkel, the rolling stones
morphine, elliott smith, mono, sonic youth, massive attack, hot chip, cocteau twins, nirvana, the jesus and mary chain, alice in chains, joy division
billie holiday, the zombies, the beatles, soundtrack, the who, arctic monkeys, pj harvey, david bowie
gorillaz, a perfect circle, koЯn, faithless, queens of the stone age, the stone roses, red hot chili peppers, the police, lynyrd skynyrd, mot?rhead, poets of the fall, thin lizzy, lordi, the killers, in flames, bad religion, judas priest, alter bridge
dave matthews band, vampire weekend, jack johnson, the shins, third eye blind, santana, coldplay, bob marley, the doors, iron & wine, frank sinatra, feist, john williams, simon & garfunkel, jason mraz, damien rice, counting crows, ben harper, bob marley & the wailers, the beach boys, lily allen, the decemberists, belle and sebastian, sufjan stevens, bob dylan, wilco, the velvet underground, regina spektor, sublime
radiohead, bloc party, hot chip, the national, kings of leon, mgmt, interpol, kanye west, foals, santogold, fleet foxes, the whitest boy alive, the raconteurs, the white stripes, gorillaz, jens lekman, blur, beastie boys, beck, lcd soundsystem, air, nouvelle vague, deus, franz ferdinand, bon iver, amy winehouse, cold war kids, n*e*r*d, bob dylan, bob marley & the wailers, prefuse 73, digitalism, justice, cocorosie, ratatat, daft punk, nina simone, van morrison, jay-z, carla bruni, cut copy
erykah badu, miles davis, bob marley, flogging molly, system of a down, pink floyd, dj shadow, muse, ray charles, killswitch engage, rage against the machine, manu chao, jack johnson, godsmack, staind, matisyahu, portishead, marilyn manson, incubus, foo fighters, louis armstrong, iron maiden, damian marley, busta rhymes, tom waits, tool, bj?rk, cypress hill, jimi hendrix, the mars volta, nirvana, opeth, elliott smith, stevie wonder, a perfect circle
hot chip, the fall, electric six, guided by voices, the mountain goats, ladytron, arctic monkeys, justice, they might be giants, pavement, kylie minogue, the go! team, the magnetic fields, of montreal, girl talk, beck
jason mraz, beyoncé, paramore, the pussycat dolls, mariah carey, jonas brothers, lady gaga, natasha bedingfield, prince, metro station
bonobo, hercules and love affair, the herbaliser, erykah badu, jazzanova, thievery corporation, hot chip, nightmares on wax, the ting tings, róisín murphy, moloko, peaches, zero 7, hey, feist, santogold, faithless, amy winehouse, morcheeba, prefuse 73, air, amon tobin, the cinematic orchestra
bob dylan, sufjan stevens, ben harper, jens lekman, the knife, cat power, ani difranco, neutral milk hotel, belle and sebastian, bloc party, death cab for cutie, iron & wine, tegan and sara, shout out louds, the postal service, the radio dept., sigur rós, david bowie, the decemberists, zero 7, the velvet underground, cocorosie, h?kan hellstr?m, red hot chili peppers, josé gonzález, air, jamiroquai, reel big fish, imogen heap, badly drawn boy
marvin gaye, madlib, elliott smith, common, beirut, amy winehouse, cocteau twins, boards of canada, belle and sebastian, the beatles, flying lotus, miles davis, nina simone, the jimi hendrix experience, al green, stevie wonder, the roots, jens lekman
cannibal corpse, napalm death, vader
girls aloud, leona lewis, britney spears, backstreet boys
paramore, simple plan, all time low, cobra starship, coldplay, jack johnson, britney spears, shakira, 3 doors down, the cranberries, cat power, aerosmith, green day, t.a.t.u., the postal service, norah jones
emilie simon, the veronicas, lady gaga, goldfrapp, placebo, regina spektor, the distillers, the dresden dolls, the vines, gotan project, nouvelle vague, red hot chili peppers, gwen stefani, three days grace, the white stripes, death cab for cutie, tegan and sara, katy perry, cansei de ser sexy, the cinematic orchestra, kasabian, metric
interpol, bob dylan, tom waits, joy division, beirut, the national, radiohead, belle and sebastian, morrissey, leonard cohen, death cab for cutie, nick drake, max richter, sufjan stevens, the magnetic fields, david bowie, placebo, andrew bird, architecture in helsinki
the beatles, portishead, the go! team, richard cheese, bonobo, thievery corporation, jamiroquai, dj krush, stevie wonder, the herbaliser, mr. scruff, dj shadow, jurassic 5, nightmares on wax, the roots, roots manuva, amon tobin, zero 7, tosca, rjd2
schandmaul, system of a down, red hot chili peppers, trivium, cascada, amon amarth, bob marley, the postal service, die ?rzte, bruce springsteen, in extremo, metallica, linkin park, otis redding, koЯn, chimaira, avril lavigne, pink floyd, adam green, nirvana, die toten hosen, billy talent, bon jovi, simon & garfunkel, blink-182, green day, epica, radiohead, bloodhound gang, pantera
jack johnson, three days grace, good charlotte, sheryl crow, metallica, as i lay dying, thomas newman, p.o.d., john williams, red hot chili peppers, tenacious d, incubus, hoobastank, saosin, 3 doors down, alter bridge, coldplay, the presets, breaking benjamin, jason mraz, bob marley, the sounds, eminem, disturbed, foo fighters, shiny toy guns, chevelle, infected mushroom, james blunt, the cardigans, system of a down, staind, alicia keys, audioslave, the offspring
the cure, various artists, joy division, u2, inxs, kraftwerk, duran duran, new order, pet shop boys, bauhaus, the doors
against me!, afi, nofx, streetlight manifesto, black flag, mogwai, the bouncing souls, minor threat, less than jake, thursday, city and colour, minus the bear, descendents
god is an astronaut, barenaked ladies, eagles, moby, razorlight, jack johnson, gorillaz, maroon 5, regina spektor, amy winehouse, james blunt, paolo nutini, coldplay, the white stripes, fatboy slim, joshua radin, de-phazz, enya, enigma, vampire weekend, kt tunstall
linkin park, misfits, the beatles, jason mraz, fall out boy, clint mansell, happysad, franz ferdinand, papa roach, arctic monkeys, disturbed, katy perry, the prodigy, electric six, michael bublé, the all-american rejects, marilyn manson, bonobo, breaking benjamin, bloodhound gang, serj tankian, panic! at the disco, radiohead, hoobastank, simple plan, britney spears, nelly furtado, amy winehouse, mando diao, lostprophets, red hot chili peppers, avril lavigne, chris cornell
madness, blur, primus, system of a down, afi, arctic monkeys, fear factory, pantera, the clash, metallica, placebo, pulp, the smiths, the specials, prince, stevie wonder, david bowie, jamiroquai, the cure, the prodigy, manic street preachers, the beatles, massive attack, tool, fatboy slim, green day, portishead, machine head, beck, rammstein, slipknot, blondie, nine inch nails
my morning jacket, stars, the smiths, the shins, bon iver, kings of convenience, of montreal, spoon, interpol, broken social scene, feist, beirut, sufjan stevens, the whitest boy alive, jens lekman, the mars volta, cat power, rilo kiley, manu chao, arcade fire, architecture in helsinki, mirah
linkin park, apocalyptica, ashlee simpson, garbage, audioslave
tom waits, nina simone, chet baker, the beatles, rufus wainwright, elvis costello, amy winehouse, billie holiday, queens of the stone age, stevie wonder, the beach boys, bat for lashes, the cardigans, arcade fire, kate bush, prince, joni mitchell, adele, ...and you will know us by the trail of dead, fleet foxes, feist, the cure, arctic monkeys
queen, anathema, agalloch, porcupine tree, aphex twin, serj tankian, coheed and cambria, boards of canada, infected mushroom, interpol, led zeppelin, dredg, isis, mastodon, apocalyptica, therion, rainbow, antony and the johnsons, black sabbath, rammstein, kreator, moonspell, god is an astronaut, nick cave and the bad seeds, camel, muse, sigur rós, opeth, tool, lacrimosa
sentenced, bathory, ulver, behemoth, nightwish, cradle of filth, metallica
radiohead, placebo, incubus, muse, portishead, jamiroquai, erykah badu, bob marley & the wailers, red hot chili peppers, morcheeba, archive, thievery corporation, jeff buckley, nas, adele, nirvana, stereophonics, massive attack, the cure, michael jackson, kings of convenience, st. germain, gorillaz, the vines, billie holiday, sublime, r?yksopp
édith piaf, red hot chili peppers, the strokes, céline dion, u2, jens lekman, anna ternheim, the kooks, the beatles, the knife
placebo, metallica, slipknot, cradle of filth, the offspring, dark tranquillity, schandmaul, system of a down, three days grace, johnny cash, stone sour, subway to sally, eric clapton, rammstein, ill ni?o, farin urlaub, papa roach, him, 3 doors down, opeth, amorphis, marilyn manson, sentenced, incubus, evanescence, nightwish, emilie autumn, nirvana, limp bizkit, in flames, lostprophets, red hot chili peppers, bob marley, deathstars, linkin park, tarja turunen, ac/dc
the killers, placebo, panic at the disco, muse, amy winehouse, slipknot, fall out boy, garbage, nirvana, coldplay, the verve, katy perry, lily allen, cobra starship, franz ferdinand, aerosmith, metallica, bob marley & the wailers, evanescence, guano apes, sugababes, breaking benjamin, kate nash, blink-182, james blunt, red hot chili peppers, the academy is..., the dresden dolls, scissor sisters, robbie williams, cocorosie
spoon, deerhoof, yo la tengo, stereolab, my bloody valentine, of montreal, deerhunter, sonic youth, bob dylan, descendents, the breeders, they might be giants, the kinks, talking heads, the beatles, the clash, fugazi, neil young, pixies, the books, modest mouse, the knife, nirvana, dinosaur jr., jethro tull, queens of the stone age, the flaming lips, ladytron, built to spill, the cardigans, pavement, crystal castles, lcd soundsystem, eels, portishead, the cure, the raveonettes
bob marley & the wailers, cat stevens, rancid, they might be giants, pixies, millencolin, paul simon, dropkick murphys
craig david, lil wayne, eminem, flo rida, nas, the game, 50 cent, usher
within temptation, jimmy eat world, hoobastank, moonspell, amorphis, kamelot, anti-flag, radiohead, r.e.m., chimaira, muse, dimmu borgir, linkin park, scar symmetry
radiohead, the mars volta, pixies, mogwai, deftones, minus the bear, the beatles, pink floyd, vader, the velvet underground, modest mouse, sublime, slayer, the dandy warhols, nine inch nails, the album leaf, the shins, tool, iron maiden, 65daysofstatic, led zeppelin, napalm death, beck, mgmt, sonic youth, aesop rock, dj shadow, behemoth, isis, m83, morbid angel, converge, bonobo, rjd2, boards of canada, norther, beastie boys
minor threat, bon iver, the jesus and mary chain, alice in chains, combichrist, burial, nine inch nails, meshuggah, the smashing pumpkins, lamb of god, beastie boys, girl talk, massive attack, rise against, the chemical brothers, green day, funeral for a friend, tool, skinny puppy, devildriver, shiny toy guns
afi, depeche mode, metro station, sonic youth, death cab for cutie, razorlight, underoath, the academy is..., enter shikari, kate nash, the beatles, kimya dawson, green day
kelly clarkson, chromeo, underworld, simple plan, simian mobile disco, gym class heroes, the last shadow puppets, the libertines, the stone roses, michael jackson, the offspring, linkin park, in flames, the verve, bob marley, unkle, elvis presley, elbow, van halen, ac/dc, manic street preachers
al green, john legend, alicia keys, amy winehouse, cunninlynguists, paolo nutini, craig david, common, jamie cullum, michael jackson, marvin gaye, joss stone, erykah badu
the clash, buzzcocks, rancid, millencolin, the beatles, nofx, ramones, goldfinger, die toten hosen, faith no more, green day, madness, ignite, reel big fish, nirvana, bad brains, ska-p, social distortion, dead kennedys, red hot chili peppers, the jam, the specials, incubus, beatsteaks
the birthday massacre, evanescence, muse, placebo, from first to last, good charlotte, avril lavigne, system of a down, koЯn, children of bodom, bullet for my valentine, adema, r.e.m., die ?rzte, funeral for a friend, nine inch nails, kaiser chiefs, maroon 5, papa roach, rammstein, nirvana, deathstars, green day
paul simon, joni mitchell, u2, david bowie, the rolling stones, sufjan stevens, elliott smith, queen
interpol, rammstein, cansei de ser sexy, kanye west, róisín murphy, coldplay, koЯn, flo rida, klaxons, justin timberlake, mew, the sounds, akon, britney spears, kent, chamillionaire, snoop dogg, the libertines, bullet for my valentine, timbaland, the kills, benny benassi, muse, editors
ella fitzgerald, nina simone, hooverphonic, nouvelle vague, the cardigans, air, corinne bailey rae, feist, chico buarque, death cab for cutie, duffy, stevie wonder, ben harper, portishead, amy winehouse, the velvet underground, the beatles, morcheeba, devendra banhart, chet baker, frou frou, the police, erykah badu, gotan project
interpol, bloc party, ratatat, coldplay, cut copy, katy perry, editors, gnarls barkley, soundtrack, arctic monkeys, david guetta, the bravery, kanye west, sum 41, daft punk, foals, the killers, the hives, justice, the verve, amy macdonald, adele, beyoncé, simon & garfunkel, danny elfman, snow patrol, unkle, timbaland
band of horses, kings of leon, tegan and sara, bon iver, sia, damien rice, bloc party, tori amos, death cab for cutie, eels, the gossip, seether, sigur rós, metric, placebo, pixies, ladytron, deftones, radiohead, yeah yeah yeahs, the presets, santogold, a perfect circle, mgmt, pearl jam, snow patrol, interpol, foals, simian mobile disco, imogen heap, nada surf, black rebel motorcycle club, r.e.m., bat for lashes, the knife
fall out boy, dragonforce, my chemical romance, linkin park, story of the year
amon amarth, pain, pendulum, cradle of filth, all that remains, behemoth, high contrast
bad brains, aesop rock, the smiths
pendulum, high contrast, snow patrol, norah jones, enigma, blink-182, the killers, imogen heap, u2, kosheen, fall out boy, faithless, guano apes, coldplay, nickelback, madonna, mika, the prodigy, pink, katy perry, soundtrack, the verve
janet jackson, red hot chili peppers, jason mraz, tracy chapman, kanye west, maroon 5, missy elliott, tegan and sara, mariah carey, prince, alicia keys, ray charles, mary j. blige, christina aguilera, aretha franklin, the beatles, sheryl crow, marvin gaye, matisyahu, billy joel, evanescence, michael jackson, kelly clarkson, sarah mclachlan, john mayer, r.e.m., ludacris, madonna
emery, mika, linkin park, dream theater, maroon 5, alexisonfire, as i lay dying, underoath, hoobastank, natasha bedingfield, kt tunstall, oasis, from first to last, trivium, pink
aphex twin, shpongle, burial, infected mushroom, tenacious d, amon tobin, lamb, bob marley, dj shadow, r?yksopp, pink floyd, bob marley & the wailers, apparat, boards of canada, squarepusher
nightwish, cascada, bryan adams, groove coverage, lady gaga, the pussycat dolls, rihanna, sean paul, céline dion, timbaland, nelly furtado
muse, lily allen, slipknot, the killers, u2, disturbed, franz ferdinand, the sounds, him, bon jovi, mika, nightwish, the rasmus, apocalyptica, kaiser chiefs, mgmt, jason mraz, nirvana, red hot chili peppers, the offspring, foo fighters, coldplay, system of a down, kent, poets of the fall, green day, cocorosie, dido, vampire weekend, mew, the fray, within temptation, basshunter, billy talent
katy perry, anathema, him, in flames, amy winehouse
various artists, queen, manu chao, asian dub foundation, kult, damian marley
nightwish, 30 seconds to mars, serj tankian, evanescence, duffy, michael jackson, kent, robbie williams, paramore, rammstein, skid row
rammstein, dropkick murphys, flogging molly, social distortion, system of a down, lostprophets, 3 doors down, in flames, nine inch nails, ramones, howard shore, metallica, the mars volta, dream theater, thievery corporation, against me!, mot?rhead, oomph!
maroon 5, onerepublic, the fray, feist, justin timberlake, mika, kt tunstall, seal, amy winehouse, john legend, john mayer, mary j. blige, colbie caillat, goo goo dolls, phil collins, michael bublé, matchbox twenty, duffy, bruce springsteen, keane, jack johnson, robbie williams, sia, sting
sex pistols, m.i.a.
mastodon, bob dylan, dream theater, judas priest, nofx, metallica, buckethead, joe satriani, ayreon, dire straits, manowar, van halen, jimi hendrix, linkin park, nine inch nails, m?tley crüe, blind guardian, foo fighters, johnny cash, bush, killswitch engage, air, genesis, strapping young lad
mae, say anything, relient k, the used, tenacious d, the kooks, eminem, new found glory, rise against, panic at the disco, cute is what we aim for, city and colour, boys like girls, fall out boy, finch, queens of the stone age, dashboard confessional, jeff buckley, the verve, all time low, cobra starship, jason mraz, dirty pretty things, escape the fate, foo fighters, silverchair, los hermanos, lupe fiasco, the strokes, the last shadow puppets, limp bizkit
thievery corporation, tosca, bonobo, air, massive attack, r?yksopp, zero 7, lamb, groove armada, dead can dance, nightmares on wax, parov stelar, de-phazz, télépopmusik, the cinematic orchestra, hooverphonic, st. germain, max richter
eluveitie, ulver
combichrist, placebo, cypress hill, portishead, three days grace, gorillaz, roots manuva, burial, ulver, trentem?ller, metallica
the sisters of mercy, sonic youth, interpol, joy division, aphex twin, the smashing pumpkins, dead can dance, cocorosie, nine inch nails, boards of canada, tom waits, anathema, mogwai, antony and the johnsons, nick cave and the bad seeds, opeth, my dying bride, eels, the cure, the dresden dolls
stevie wonder, mariah carey, prince, ella fitzgerald, otis redding, nina simone, marvin gaye
lady gaga, portishead, death cab for cutie, black eyed peas, weezer, enya, the white stripes, arctic monkeys, jason mraz, the bravery, mgmt
ghostface, erykah badu, kanye west, busta rhymes, lil wayne, the game, ne-yo, jay-z, 50 cent, ludacris, nas, alicia keys, gang starr, dizzee rascal, chamillionaire, aesop rock
lostprophets, kings of leon, the subways, animal collective, pendulum, ti?sto, lady gaga, the prodigy, the ting tings, m.i.a., the crystal method, infected mushroom, linkin park, kanye west, armin van buuren, lily allen, red hot chili peppers, duffy, radiohead, alicia keys, unkle, katy perry, keane, blank & jones, bob marley & the wailers, benny benassi, eddie vedder
incubus, dredg, tool, a perfect circle, explosions in the sky, placebo, coldplay, sigur rós, death cab for cutie, the notwist, deftones, elbow, n*e*r*d, underworld, jimmy eat world, angels & airwaves, snow patrol, coheed and cambria, counting crows, god is an astronaut, katy perry, múm, air
massive attack, m.i.a., bloc party, 2pac, kings of leon, eminem, howard shore, sia
the smiths, the chemical brothers, morrissey, moby, depeche mode, johnny cash, nine inch nails, echo & the bunnymen, she wants revenge, sarah mclachlan, pj harvey, the crystal method, red hot chili peppers, the black keys, new order, bad religion, madonna, they might be giants, beastie boys, the cure, death cab for cutie, dead kennedys, pixies, stereophonics, bauhaus, skinny puppy, wilco, public enemy, tori amos, the prodigy, coldplay, duran duran, elton john, garbage, billy joel, blur, metallica, my morning jacket, janet jackson, tom waits
pink floyd, system of a down, damian marley, bob marley & the wailers, nine inch nails, david bowie, shpongle, jeff buckley, fiona apple, koЯn, sentenced, in flames, beck, mot?rhead, metallica, air, red hot chili peppers, the white stripes, ac/dc, [unknown], morcheeba, king crimson, katatonia, sonic youth, jimi hendrix, cypress hill, dr. dre, the smashing pumpkins, pj harvey, placebo, the clash, sia, massive attack, modest mouse
snow patrol, kings of leon, audioslave, the killers, foo fighters, muse, travis, 3 doors down, kaiser chiefs, red hot chili peppers, three days grace, radiohead, franz ferdinand, a-ha, stone temple pilots, pearl jam, chris cornell, r.e.m., keane, the bravery, incubus, interpol, u2, nine inch nails, mgmt, the cranberries, soundgarden, nelly furtado, los hermanos, oasis, my morning jacket, the verve, johnny cash, nickelback, band of horses, daft punk, blur
the shins, andrew bird, sufjan stevens, belle and sebastian, regina spektor, john mayer, ben folds, eels, depeche mode, spoon, aimee mann, the postal service, death cab for cutie, amy winehouse, josé gonzález, ray lamontagne, badly drawn boy, nick drake, bright eyes, muse, john legend, the decemberists, fiona apple, mgmt, fleet foxes, beirut, goldfrapp, coldplay, m. ward, vampire weekend, david gray, the killers, the strokes, elliott smith
nightwish, u2, evanescence
the killers, depeche mode, blur, garbage, placebo, u2, jason mraz, damien rice, dido, queen, pj harvey, the verve, muse, katie melua
emilie autumn, nightwish, my dying bride, rammstein, cradle of filth, him, the sisters of mercy, type o negative, lacrimosa, joy division
hey, coma, happysad, myslovitz, hooverphonic, tricky, o.s.t.r., kelly clarkson, the prodigy, katy perry, placebo, timbaland, 3 doors down, maroon 5, rihanna, fergie, duffy, poets of the fall
david bowie, the smiths, the kinks, kate bush, sufjan stevens, paul simon, brian eno, they might be giants, jens lekman, leonard cohen, stereolab, the beatles, ramones, fleet foxes, dinosaur jr., low, slowdive, modest mouse, tom waits, simon & garfunkel, bob dylan, built to spill, joanna newsom, guided by voices, dead can dance
tool, kult, massive attack, pantera, santogold, thievery corporation, shpongle, the herbaliser, bat for lashes, happysad, róisín murphy, depeche mode, dead can dance, the crystal method, nirvana, lamb, dj shadow, the cinematic orchestra, pendulum, moby, kosheen, unkle, tosca, jefferson airplane, nick cave and the bad seeds, sneaker pimps, bj?rk, rob zombie, the chemical brothers, madonna, portishead, tori amos
duran duran, simon & garfunkel, depeche mode, marillion, the police, abba, new order, kraftwerk, enigma, roxette, echo & the bunnymen, a-ha, mike oldfield
mika, the pussycat dolls, rihanna, maria mena, hilary duff, regina spektor, avril lavigne, sugababes, razorlight, maroon 5, the corrs, adele, jonas brothers, alicia keys, natasha bedingfield, christina aguilera, ashlee simpson, nelly furtado, britney spears, green day, beyoncé, gwen stefani, leona lewis, cascada, girls aloud, kaiser chiefs, kate nash
jack johnson, built to spill, modest mouse, arctic monkeys, clap your hands say yeah, bloc party, architecture in helsinki, the decemberists, arcade fire, the smashing pumpkins, the shins, radiohead, the postal service, pearl jam, pinback, queens of the stone age, the strokes, neutral milk hotel, coldplay, dinosaur jr., ska-p, doves, death cab for cutie, the flaming lips, broken social scene, interpol, eels, pavement, tv on the radio
mariah carey, britney spears, hilary duff, avril lavigne, fergie, the pussycat dolls, nelly furtado, [unknown], kelly clarkson, leona lewis, katy perry, jennifer lopez
skinny puppy, iced earth, kreator, enigma, vnv nation, ludwig van beethoven, katatonia, marilyn manson, billy talent, samael, def leppard
manu chao, bob marley, the herbaliser, gotan project, damian marley, depeche mode, asian dub foundation, the white stripes, portishead, madlib, radiohead, goldfrapp, matisyahu, buena vista social club, die ?rzte
isis, meshuggah, melvins, mastodon, carcass, napalm death
aphex twin, the future sound of london, muse, moloko, paradise lost, faithless, shpongle, johann sebastian bach
apocalyptica, sirenia, therion, bad religion, tristania, kamelot, jethro tull, symphony x, the cranberries, gamma ray, sum 41, howard shore, evanescence, blind guardian, iron maiden, dream theater, metallica, mike oldfield, ac/dc, loreena mckennitt, rammstein, blink-182, black sabbath, hammerfall, sabaton, epica, judas priest, coldplay, paul oakenfold, red hot chili peppers, nofx, avril lavigne
shakira, coldplay, manu chao, the killers, jamiroquai, radiohead, franz ferdinand, keane, red hot chili peppers, beck, the kooks
tool, rush, a perfect circle, dio, pearl jam, deep purple, iron maiden, black sabbath, cream, melvins, nine inch nails, judas priest, keane, mot?rhead, megadeth, the who, the killers, ozzy osbourne, dire straits, aerosmith, kiss, the doors, jimi hendrix, queens of the stone age, black label society, alice cooper, moonspell, lynyrd skynyrd, david bowie, rammstein, led zeppelin, m?tley crüe, the rolling stones, jethro tull, radiohead, the jimi hendrix experience, van halen
darkthrone, slayer, hypocrisy, morbid angel, mot?rhead, behemoth, immortal, amon amarth
peter gabriel, led zeppelin, king crimson, the wombats, interpol, the police, behemoth, queen, slayer, kaiser chiefs, bj?rk, the strokes, ulver, mgmt, editors, metallica, the beatles, jimi hendrix, the cinematic orchestra, iggy pop, carcass, the doors, portishead, pink floyd, pink martini, the cribs, sade
kings of leon, pixies, metro station, mando diao, breaking benjamin, the beatles, bowling for soup, the subways, razorlight, anberlin, ryan adams, david bowie, switchfoot, lostprophets, beatsteaks, green day, ska-p, linkin park, 30 seconds to mars, pink, red hot chili peppers, evanescence, death cab for cutie, lady gaga, avril lavigne, three days grace, maria mena, 3 doors down, the rasmus, flyleaf, stereophonics, britney spears, the white stripes
opeth, atreyu, all that remains, nirvana, children of bodom
madonna, girls aloud, britney spears, jennifer lopez, rihanna, the pussycat dolls, beyoncé, keane, michael jackson, christina aguilera, enrique iglesias, alanis morissette, nelly furtado, kylie minogue, maroon 5, maria mena, mika, gwen stefani, robbie williams, september, spice girls, bryan adams, shakira, kt tunstall, black eyed peas, kelly clarkson, leona lewis, justin timberlake, janet jackson
the killers, the kooks, myslovitz, bob marley, clint mansell, r?yksopp, faithless, hellogoodbye, death cab for cutie, gentleman, timbaland, billy talent, jason mraz, fall out boy, the streets, damian marley, james blunt, nada surf, snow patrol, good charlotte, red hot chili peppers, nelly furtado, moby, the album leaf, the postal service, jamiroquai, onerepublic, paolo nutini, goo goo dolls, o.s.t.r., gwen stefani, mika, gorillaz
bob dylan, ac/dc, red hot chili peppers, carla bruni, paul mccartney, the rolling stones, pink floyd, cake, tom waits, tenacious d, eels, nirvana, 2pac, radiohead, the beatles, damian marley, andrew lloyd webber, david bowie, faithless, the velvet underground, the doors, black label society, lynyrd skynyrd, eric clapton, explosions in the sky, pj harvey, various artists, janis joplin, jimi hendrix, johnny cash, deep purple, the knife, john lennon, katie melua, dropkick murphys
rise against, deftones, seether, deichkind, moby, seeed, incubus, rammstein, queens of the stone age, justin timberlake, billy talent, nine inch nails, him, muse, a perfect circle, nelly furtado, kent, paul oakenfold, die toten hosen, timbaland, lifehouse, funeral for a friend, linkin park, dredg, silverstein, madonna, papa roach, unkle, limp bizkit, trentem?ller
wilco, spoon, elvis costello, feist, rufus wainwright, david bowie, prince, lou reed, bob dylan, eels, broken social scene, prefuse 73, elliott smith, t. rex, al green, stevie wonder, the beatles, the kinks, james brown, andrew bird, arcade fire, belle and sebastian, beck, ben folds five
ska-p, cansei de ser sexy, cute is what we aim for, the smiths, ramones, soundtrack
green day, good charlotte, ramones, fall out boy, 30 seconds to mars, happysad, coldplay, creed, jimmy eat world, the beatles, afi, three days grace, the fratellis, red hot chili peppers, michael jackson, the offspring, jonas brothers, the rasmus, bad religion, my chemical romance, weezer, queen, spoon, nickelback, fort minor, robbie williams, the kooks, lifehouse, u2, social distortion, sum 41, 3 doors down, the killers, razorlight, nofx, anti-flag
editors, the new pornographers, tokyo police club, iron & wine, u2, lcd soundsystem, okkervil river, mgmt, the whitest boy alive, vampire weekend, stars
otis redding, neil young, melvins, sonic youth, john coltrane, serge gainsbourg, frank zappa, led zeppelin, jimi hendrix, caetano veloso, talking heads, miles davis, dr. dre
john mayer, placebo, paolo nutini, carla bruni, oasis, sarah mclachlan, sting, snow patrol, damien rice, keane, the rasmus, bryan adams, breaking benjamin, james blunt, incubus, explosions in the sky, maroon 5, r?yksopp, metallica, blink-182, diana krall, god is an astronaut, the fray, red.jumpsuit.apparatus
pixies, louis armstrong, dead kennedys, the rolling stones, red hot chili peppers, the specials, johnny cash, david bowie, sublime, billie holiday, amy winehouse, kings of convenience, the strokes, ben harper, jimi hendrix, arctic monkeys, black sabbath, air, franz ferdinand, the raconteurs, the fratellis, ella fitzgerald, beck, queen, the clash, led zeppelin, the flaming lips, bob dylan, manu chao, ramones, the kooks, matisyahu, the who
blink-182, death cab for cutie, 50 cent, coldplay, john legend, gym class heroes, new found glory, city and colour, damien rice, against me!, kanye west, dropkick murphys, jason mraz, akon, ray lamontagne, the fray, the beatles, marvin gaye, ray charles, alkaline trio, less than jake, stevie wonder, eminem, joshua radin, motion city soundtrack, goo goo dolls, john mayer, fort minor, ignite
the beatles, nina simone, stevie wonder, mogwai, the who, apparat, beastie boys, john lennon, ray charles, miles davis, radiohead, soundtrack, the police, ludwig van beethoven, james brown, frédéric chopin, air, jamiroquai, oasis, ac/dc, thom yorke, aphex twin, red hot chili peppers, louis armstrong, herbie hancock, frank sinatra, john coltrane
limp bizkit, linkin park, the prodigy, green day, incubus, arctic monkeys
rihanna, daft punk, black eyed peas, gwen stefani, groove coverage, hilary duff
siouxsie and the banshees, the fall
alter bridge, armin van buuren, jimmy eat world, lifehouse, paramore, snow patrol, audioslave, above & beyond, atb, linkin park, u2, mot?rhead, santana, papa roach, feeder, the killers, ferry corsten, incubus, rage against the machine, blink-182, the prodigy, disturbed, paul oakenfold, coldplay, delerium, breaking benjamin
pearl jam, the beatles, the smiths, bob dylan, the beach boys, the smashing pumpkins, the clash, pixies, los hermanos, the rolling stones, neil young, the strokes, johnny cash, morrissey, miles davis, the cure, radiohead, guided by voices, nirvana, the cardigans, blur
shpongle, the white stripes, linkin park, the killers, muse, infected mushroom, coldplay, sigur rós, massive attack, the crystal method, mogwai, u2, tool, placebo, the prodigy, nirvana, metallica, avril lavigne, hoobastank, 50 cent, brian eno, r.e.m., the flaming lips, clint mansell, green day, roxette
cat power, rilo kiley, interpol, kings of leon, feist, the beatles, broken social scene, lcd soundsystem, the gossip, m.i.a., elliott smith, regina spektor, amy winehouse, modest mouse, hot chip, neko case, the white stripes, josé gonzález, arcade fire, the strokes, kate nash, johnny cash, band of horses, the shins, madonna, the raveonettes, radiohead, tegan and sara
beyoncé, 2pac, lil wayne, rihanna, chris brown, alicia keys, t.i., natasha bedingfield, paramore, usher
linkin park, nickelback, avril lavigne, rage against the machine, john mayer, fall out boy, ac/dc, maroon 5, aerosmith, alanis morissette, jamiroquai, rihanna, black eyed peas, dave matthews band, jet, the chemical brothers, ashlee simpson, coldplay, daft punk, beastie boys, 30 seconds to mars, the offspring, u2, evanescence, jimmy eat world, matchbox twenty, st. germain, 3 doors down, morcheeba, bon jovi, jazzanova
the flaming lips, devendra banhart, broken social scene, john lennon, of montreal, immortal technique, modest mouse, fleet foxes, lupe fiasco, the beatles, architecture in helsinki, dave matthews band, red hot chili peppers, iron & wine, tv on the radio, elliott smith, okkervil river, pink floyd, arcade fire, josé gonzález, the shins, system of a down, kanye west, jimi hendrix, mgmt, stars, the white stripes, ben harper, the doors, the smashing pumpkins, kings of leon, damien rice, feist, lcd soundsystem, talking heads
lupe fiasco, t.i., dmx, notorious b.i.g., ludacris, gang starr, 50 cent, mos def, nelly, common, mobb deep, a perfect circle, outkast, snoop dogg, rage against the machine, chamillionaire
nine inch nails, burial, depeche mode, apparat, ministry, the cinematic orchestra, max richter, the postal service, bonobo, venetian snares, amon tobin, lamb
pet shop boys, danny elfman, lordi, soundtrack, john lennon, red hot chili peppers, bee gees, philip glass, queen, george michael, coldplay, bob marley, gnarls barkley, u2, a-ha, [unknown], elvis presley, robbie williams, the beatles, abba, depeche mode, nightwish, rammstein, outkast
rage against the machine, incubus, massive attack, gentleman, ben harper, r.e.m., eddie vedder, manu chao, asian dub foundation, gogol bordello, radiohead
pantera, darkthrone, queens of the stone age, the kills
the jesus and mary chain, sonic youth, nick cave and the bad seeds, babyshambles, cat power, amy winehouse, the smiths, joy division, the doors, antony and the johnsons, the clash, kraftwerk, ladytron, morphine, belle and sebastian, echo & the bunnymen, pj harvey, the kills, bob dylan, elvis costello, prince, the killers, yo la tengo, serge gainsbourg, blonde redhead, bauhaus, the libertines, the magnetic fields, the sounds, bright eyes, squarepusher, crystal castles, the black keys, johnny cash, pink floyd, arctic monkeys
the doors, joe satriani, nickelback, scorpions
descendents, the weakerthans, ...and you will know us by the trail of dead, nofx, against me!, the get up kids, the arcade fire, jimmy eat world, green day, radiohead, arctic monkeys, millencolin, le tigre, the hives, at the drive-in, bright eyes, foo fighters, bloc party, the go! team, bj?rk, pixies, band of horses, the smiths, modest mouse, nirvana, cursive
cannibal corpse, behemoth, nile, morbid angel
nick cave and the bad seeds, neil young, david bowie, air, the doors, the knife, nick drake, portishead, u2, blonde redhead, primal scream, r.e.m., the flaming lips, r?yksopp, johnny cash, ladytron, the brian jonestown massacre, depeche mode, sonic youth, goldfrapp, the cure, pj harvey, kings of leon, the velvet underground, nouvelle vague, massive attack, kraftwerk, kings of convenience, the whitest boy alive, beck, the white stripes, new order
enigma, atb, vangelis, rammstein, mike oldfield, armin van buuren, groove coverage, delerium, above & beyond, hans zimmer, scooter, infected mushroom, ti?sto, queen, the prodigy, paul van dyk, madonna, michael jackson, blank & jones
the rasmus, evanescence, placebo, coldplay, red hot chili peppers, avril lavigne, metallica, dream theater, linkin park, nightwish, the white stripes, the cardigans, alanis morissette, aerosmith, stereophonics
sonic youth, blur, minus the bear, of montreal, interpol, radiohead, okkervil river, pinback, bloc party, hot chip, the decemberists, iron & wine, flight of the conchords, the smashing pumpkins, the national, andrew bird, sufjan stevens, the raconteurs, the fall of troy, queens of the stone age, the strokes, built to spill, death cab for cutie, modest mouse, the libertines, supergrass, foals, band of horses
soundtrack, [unknown], hans zimmer, nightwish, thomas newman, akira yamaoka, howard shore, clint mansell
blink-182, avenged sevenfold, as i lay dying, skillet, paramore, bullet for my valentine, in flames, bob marley, p.o.d., poets of the fall, linkin park, 50 cent, breaking benjamin, the used, system of a down, disturbed, 30 seconds to mars, 3 doors down, tenacious d, sum 41, saosin, enter shikari, ti?sto, cascada, lil wayne, atreyu
the smiths, santogold, sigur rós, amy winehouse, the kooks, camera obscura, max richter, beirut, nick drake, the notwist
nina simone, charlie parker, billie holiday, regina spektor, sufjan stevens, bob marley, tom waits, bob dylan, cat power, miles davis, beck, prince, yann tiersen, beirut, feist, joanna newsom, the beatles, gogol bordello, the national
emilie simon, air, aimee mann, télépopmusik, camera obscura, feist, cocteau twins, bj?rk, peaches, hot chip, portishead
queens of the stone age, foo fighters, arctic monkeys, incubus, bloc party, editors, basement jaxx, outkast, james morrison, the prodigy, the killers, the strokes, red hot chili peppers, snow patrol, the hives, alter bridge, metallica, the chemical brothers, koЯn, system of a down, air, linkin park, rage against the machine, n*e*r*d, fatboy slim, the wombats, interpol, muse, paramore, faithless, norah jones, the beatles, the kooks, amy winehouse, rancid
converge, jens lekman, mastodon, low, black sabbath, morbid angel, turbonegro, morrissey, slayer, mogwai, metallica, napalm death, the killers, james brown
at the drive-in, yeah yeah yeahs, queens of the stone age, placebo, hatebreed, incubus, my chemical romance, the dresden dolls, the smashing pumpkins, arctic monkeys, buzzcocks, radiohead, the mars volta, the white stripes, django reinhardt, portishead, koЯn, slayer, interpol, the fall of troy, the beatles, mindless self indulgence, kanye west, system of a down, cursive, david bowie, she wants revenge, ...and you will know us by the trail of dead, richard cheese
blind guardian, dream theater, gamma ray, bj?rk, edguy, iron maiden, rush, stratovarius, the beatles, def leppard, joe satriani, van halen
morbid angel, m?tley crüe, the gathering, carcass, therion, cradle of filth, kiss, led zeppelin
bob marley, john legend, madonna, john williams, nina simone
mogwai, red hot chili peppers, sonic youth, pixies, nick cave and the bad seeds, fugazi, tom waits, pavement, pj harvey, foo fighters, the rolling stones, the dandy warhols, queens of the stone age, stevie wonder, the clash, the pogues, pink floyd, joy division, de la soul, iron maiden, r.e.m., the sisters of mercy, nine inch nails, david bowie, the jam, depeche mode, talking heads
franz ferdinand, the white stripes, mando diao, muse, radiohead, late of the pier, razorlight, sufjan stevens, foals, belle and sebastian, the killers, the wombats, queen, max?mo park, kaiser chiefs, oasis, ac/dc, bloc party, dire straits, the libertines, tenacious d, deus, elliott smith, the last shadow puppets, bob dylan, vampire weekend, the decemberists, the arcade fire
the white stripes, the cure, daft punk, michael jackson, pendulum, flying lotus, koЯn, burial, red hot chili peppers, bon iver, the prodigy, [unknown], regina spektor, the knife
sex pistols, slayer
los hermanos, u2, franz ferdinand, caetano veloso, oasis
beyoncé, fergie, amy winehouse, los hermanos, justin timberlake, the doors, rihanna, britney spears
red hot chili peppers, michael jackson, britney spears, a-ha, helloween, the police, dream theater, bon jovi, guns n roses, eminem
death from above 1979, basement jaxx, arctic monkeys, daft punk, justice, the presets, the prodigy, mika, gorillaz, muse, lcd soundsystem, phoenix, the chemical brothers, bee gees, lenny kravitz, simian mobile disco, jamiroquai, boys noize, hot chip, ladytron, nina simone, chromeo, fischerspooner, led zeppelin
nirvana, led zeppelin, ozzy osbourne, the who, the beatles, weezer, black sabbath, queen, the clash, nightwish, metallica, the doors, cream, the rolling stones, they might be giants, system of a down, tenacious d, johnny cash, ministry, frank zappa, iron maiden, marilyn manson, green day, jimi hendrix, aerosmith, guns n roses, rush, dragonforce, lynyrd skynyrd, bob dylan, abba, ac/dc, creedence clearwater revival, pink floyd, richard cheese, jethro tull, electric six
jack johnson, elliott smith, pink floyd, the shins, kings of leon, the white stripes, iron & wine, devendra banhart, tori amos, the decemberists, dave matthews band, the dandy warhols, beastie boys, miles davis
elbow, pavement, fleetwood mac, kings of leon, the fall, beastie boys
pantera, oomph!, sonic syndicate, rise against, michael jackson, koЯn, depeche mode, katatonia, franz ferdinand, static-x, the knife, rob zombie, tori amos, ladytron, 3 doors down, die apokalyptischen reiter, mudvayne, the dandy warhols, eminem, in flames, megadeth, [unknown], the raveonettes, afi, my dying bride, theatre of tragedy, metallica, dir en grey, the cardigans, ill ni?o, hypocrisy, mew, arch enemy, gorillaz, anathema, chimaira, linkin park, slipknot, type o negative
lamb, hooverphonic, death cab for cutie, groove armada, thievery corporation, massive attack, nightmares on wax, goldfrapp, mylo, chicane, daft punk, paul oakenfold, moby, dido, portishead, air, delerium, tosca, faithless, incubus, dj shadow, frou frou, fatboy slim, r?yksopp, coldplay, orbital, underworld, archive, aphex twin, de-phazz, paul van dyk, placebo
robbie williams, mika, die ?rzte, tenacious d, farin urlaub, peter fox, colbie caillat, shakira, elton john, the pipettes, kylie minogue, gym class heroes, nickelback, sara bareilles, black eyed peas, bon jovi, bruce springsteen, seeed, leona lewis, jason mraz, katy perry, faithless, coldplay
blur, deus, moby, lenny kravitz, air, norah jones, coldplay, lamb, jamiroquai, natasha bedingfield, nelly furtado, gwen stefani, st. germain, groove armada, moloko, enya, oasis, amy winehouse, maroon 5, dido, mika, róisín murphy, muse, red hot chili peppers, the verve, lily allen, jeff buckley, kate nash, gorillaz, [unknown]
gnarls barkley, n*e*r*d, blonde redhead, morcheeba, garbage, muse, hooverphonic, télépopmusik, massive attack, feist, bush, lupe fiasco, alicia keys, santogold, bj?rk, dj krush, nine inch nails, unkle, the strokes, r?yksopp, dj shadow, coldplay, fiona apple, corinne bailey rae, rjd2, common, nightmares on wax, goldfrapp, outkast, placebo
radiohead, the beatles, devendra banhart, the white stripes, the velvet underground, led zeppelin, sufjan stevens, third eye blind, coldplay, bon iver, jack johnson, bruce springsteen, pink floyd, cake, cat power, tegan and sara, john mayer, 311, broken social scene, red hot chili peppers, girl talk, sublime, modest mouse, the rolling stones, brand new, grateful dead, fleetwood mac, beck, death cab for cutie, vampire weekend, deerhoof, herbie hancock, dave matthews band, bob marley & the wailers, minus the bear, andrew bird, animal collective, rilo kiley, grizzly bear, cream
adema, deathstars, children of bodom, dimmu borgir, moonspell, satyricon, afi, ensiferum, therion, rammstein, the offspring, three days grace, marilyn manson, 30 seconds to mars, dope, red.jumpsuit.apparatus, lostprophets, sum 41, bloodhound gang, linkin park
red hot chili peppers, the chemical brothers, thievery corporation, the crystal method, fatboy slim, r.e.m., timbaland, barenaked ladies, gym class heroes, beastie boys, pearl jam, the prodigy, moby, maroon 5, seeed, billy joel, queen, atb, paul oakenfold, aerosmith, justin timberlake, coldplay, 3 doors down, santana, the all-american rejects, franz ferdinand, cobra starship, autechre, the killers, journey, madonna, panic! at the disco, linkin park, staind, faithless, orbital
tosca, the cure, new order, basement jaxx, nouvelle vague, duran duran, de-phazz, r?yksopp, kylie minogue, depeche mode, kosheen, nine inch nails
johnny cash, aerosmith, tom waits, bj?rk, queen, frank sinatra, the sisters of mercy, nick cave and the bad seeds, pearl jam, siouxsie and the banshees, the dresden dolls, the smashing pumpkins, tori amos, u2, the pogues, nine inch nails, tenacious d, nofx, the doors, reel big fish, rancid, garbage, goldfinger, prince, the offspring, bob dylan, the cranberries, sex pistols, danny elfman, green day
circa survive, the knife, brand new, animal collective, saosin, chiodos, radiohead, the books, thrice, cat power, mirah, incubus, broken social scene, mogwai, tv on the radio, underoath, nine inch nails, burial, alexisonfire
my bloody valentine, junior boys, portishead, r?yksopp, prince, iron & wine, siouxsie and the banshees, max richter, bonnie prince billy, the cure, the national, cocteau twins, lcd soundsystem
lady gaga, pink, nick cave and the bad seeds, eels, the clash, pink floyd, mika
ramones, pennywise, bowling for soup, blink-182, the offspring, millencolin, sum 41, rancid, bad religion, dead kennedys, nofx, green day, lagwagon, ignite, less than jake, the ataris, the bouncing souls, black sabbath, pink floyd, system of a down, papa roach, the beatles, fall out boy, bloodhound gang, ac/dc, foo fighters, anti-flag
a day to remember, paramore, city and colour, lil wayne, alesana, beyoncé, jonas brothers, alexisonfire, the postal service, from autumn to ashes, all time low, the black dahlia murder, as i lay dying, parkway drive, from first to last
britney spears, madonna, gwen stefani, marilyn manson, ashlee simpson, scissor sisters, lady gaga, no doubt, miley cyrus, duffy, katy perry, limp bizkit, placebo, t.a.t.u., the pussycat dolls, kylie minogue, ladytron, pink, shakira, fergie, the killers, eminem, backstreet boys, rihanna, kelly clarkson
robbie williams, franz ferdinand, oasis, the beatles, sting, aerosmith, red hot chili peppers, rammstein, amy winehouse, u2, keane, pearl jam, akon, muse, maroon 5, jack johnson
papa roach, oomph!, fort minor, story of the year, the offspring, sean paul, lily allen, good charlotte, guano apes, simple plan, nightwish, cypress hill, serj tankian, iron maiden, pendulum, bullet for my valentine, rise against, the roots
de-phazz, koop, gotan project, moby, st. germain
backstreet boys, hilary duff
feist, stevie wonder, eagles, the national, spoon, jens lekman, metallica, the beatles, electric light orchestra, new order, j dilla, dire straits, van halen, animal collective, phoenix, girl talk, mew, phil collins
philip glass, mike oldfield
beck, radiohead, the kinks, pixies, the dandy warhols, the flaming lips, the beatles, of montreal, cake, the white stripes, ratatat, nine inch nails, queens of the stone age, creedence clearwater revival, the zombies, the new pornographers, sufjan stevens, the shins, eagles of death metal, ben folds five, r.e.m., ben folds, mindless self indulgence, nick cave and the bad seeds, t. rex, talking heads, beastie boys, the rolling stones, incubus, modest mouse, devo, jens lekman, the magnetic fields
pink floyd, johnny cash, creedence clearwater revival, manu chao, clueso, the doors, simon & garfunkel, boards of canada, nirvana, franz ferdinand, deichkind, eels, jimi hendrix, immortal technique, bob marley, the chemical brothers, dire straits, in extremo, seeed, the rolling stones, beatsteaks, peter fox, iron maiden
radiohead, nelly furtado, beastie boys, kanye west, linkin park, lenny kravitz, ac/dc, foo fighters, public enemy, bryan adams, avril lavigne, dropkick murphys, van halen, the killers, breaking benjamin, u2, bob dylan, johnny cash, the national, the white stripes, 50 cent, coldplay
carla bruni, franz ferdinand
moonspell, placebo, katatonia, dark tranquillity
daft punk, the prodigy, oasis, nelly
john lennon, air, the beatles, david bowie, queen, the doors, bruce springsteen, bob marley & the wailers, interpol, michael jackson, radiohead, led zeppelin, soundtrack, genesis, the strokes, franz ferdinand, oasis, rufus wainwright, scorpions, u2, rainbow, [unknown]
rage against the machine, faith no more, kult, joy division, norah jones, godsmack, bob marley & the wailers, pink floyd, the prodigy, led zeppelin, sepultura, beirut, katie melua, bj?rk, akurat, nirvana, aphex twin, the doors, deftones, the offspring, bob marley, system of a down, pixies, jimi hendrix, orbital, koЯn
flying lotus, the future sound of london, nine inch nails, skinny puppy, prefuse 73, brian eno, j dilla, bob marley & the wailers, boards of canada
apocalyptica, the birthday massacre, after forever, scorpions, linkin park, theatre of tragedy, tarja turunen, placebo, avril lavigne, moonspell, lacuna coil, evanescence, oomph!, lordi, scooter, the 69 eyes, lostprophets, papa roach, sonata arctica, blink-182, the cranberries, bullet for my valentine, epica, audioslave, him, nickelback, subway to sally, roxette, frank sinatra, antonio vivaldi
britney spears, lily allen, linkin park, taylor swift, miley cyrus, ne-yo, hilary duff, nelly furtado, maroon 5, katy perry, evanescence, kelly clarkson
daft punk, enya, lacuna coil, rammstein, andrew lloyd webber, dir en grey, enigma, pink floyd, the sounds, david bowie, flogging molly, john williams, bon jovi, my chemical romance, blind guardian, ti?sto
m.i.a., ...and you will know us by the trail of dead, deerhunter, toto, low, death cab for cutie, arcade fire, flying lotus, amy winehouse, brian eno, deftones, katy perry, aphex twin, burial, interpol, the cinematic orchestra, foals, bj?rk, chromeo, digitalism, múm
atreyu, emery, slipknot, kanye west, amy winehouse, lady gaga, cradle of filth, cannibal corpse, all time low, bullet for my valentine, avril lavigne, basshunter, a day to remember, funeral for a friend, saosin, eminem, green day, dropkick murphys, blink-182, taking back sunday, paramore, christina aguilera, rise against, garbage, scooter, plain white ts, 30 seconds to mars, timbaland, metallica, disturbed, nickelback, red.jumpsuit.apparatus, cascada, underoath, the all-american rejects
tegan and sara, bj?rk, yeah yeah yeahs, the beatles, air, ladytron, buena vista social club, yo la tengo, le tigre, new order, mgmt, groove armada, metric, kt tunstall, placebo, madonna, justin timberlake, alanis morissette, the kooks, cat power, hot hot heat, télépopmusik, the killers, the rolling stones, blonde redhead, feist, the chemical brothers, gwen stefani, shiny toy guns, basement jaxx, the libertines, pink martini, kylie minogue, katy perry, nelly furtado, the postal service, cansei de ser sexy, garbage, rilo kiley, the verve, the cardigans, the shins, the ting tings, the white stripes
burial, the future sound of london, jedi mind tricks, cunninlynguists, kraftwerk, ulver, immortal technique, the prodigy
subway to sally, sonata arctica, therion, dark tranquillity, mindless self indulgence, in extremo, schandmaul, lacuna coil, dope, iron maiden, ensiferum, apocalyptica, gorillaz, chimaira, edguy, rammstein, haggard, rob zombie, manowar, system of a down, nightwish, iced earth, bad religion, blind guardian, sepultura, static-x, aphex twin
foo fighters, counting crows, red hot chili peppers, nirvana, the smashing pumpkins, alice in chains, stone temple pilots, jimi hendrix, shakira, zero 7, sheryl crow, gotan project, thievery corporation, lenny kravitz, jamiroquai, pearl jam, garbage, carla bruni, coldplay, bush, corinne bailey rae, wolfgang amadeus mozart, air, radiohead, santana, def leppard, linkin park, johann sebastian bach, evanescence, incubus, sting, guns n roses, massive attack, aerosmith, the dandy warhols, frou frou, jimmy eat world, bon jovi, r.e.m., no doubt, the cranberries
gogol bordello, primus, the clash, manu chao, aphex twin, amorphis, amon tobin, nick cave and the bad seeds, rage against the machine, sex pistols, clint mansell
apocalyptica, various artists, alanis morissette, bj?rk, massive attack, the beatles, moby, frank sinatra, aphex twin, gorillaz, queen, my chemical romance, manu chao, dido, the cranberries
god is an astronaut, katatonia, isis, darkthrone, riverside, coheed and cambria, anathema, burzum, dir en grey, wolfgang amadeus mozart, the gathering, the birthday massacre, johann sebastian bach, mono, muse, vangelis
marilyn manson, emilie autumn, anathema, faithless, bonobo, nine inch nails, opeth, rammstein, pj harvey, r?yksopp, oomph!, tori amos, morcheeba, koЯn, pink floyd, thievery corporation, the prodigy, the cranberries, infected mushroom, norah jones, mylo, metallica, tool
dimmu borgir, edguy, turisas, korpiklaani, as i lay dying, moonspell, tristania, ensiferum, vader
fall out boy, maria mena, lady gaga, the pussycat dolls, from first to last, atreyu, ne-yo, elliott smith, sara bareilles, the used, anberlin, boys like girls, jonas brothers, the academy is..., afi, dashboard confessional, cansei de ser sexy, slipknot, taking back sunday, pink, tori amos, billy talent, marilyn manson, rihanna
nine inch nails, m83, boards of canada, depeche mode, the birthday massacre
pixies, belle and sebastian, explosions in the sky, oasis, sonic youth, david bowie, john frusciante, mogwai, koop, the knife, manic street preachers, the doors, cypress hill
blonde redhead, the beatles, the strokes, yann tiersen, no doubt, feist, muse, shiny toy guns, the smiths, jimmy eat world, outkast, diana krall, cat power, black eyed peas, tenacious d, foo fighters, daft punk, fiona apple, 311, jason mraz, flight of the conchords, new order, the bravery, benny benassi, fall out boy, incubus, the all-american rejects, linkin park, the cardigans, mono, bloc party, my chemical romance, frank sinatra, panic at the disco, weezer
incubus, the killers, coldplay, dashboard confessional, the rolling stones, the beatles, red hot chili peppers, metallica, queen, nirvana, linkin park, my chemical romance, oasis, radiohead, bob marley, the cure, foo fighters, aerosmith, nickelback
65daysofstatic, aphex twin, gojira, mastodon, meshuggah, dream theater, nine inch nails, sigur rós, the cribs, sepultura, enter shikari, biffy clyro, pantera, muse, lamb of god, symphony x, slipknot, in flames, kings of leon, klaxons, bloc party, dimmu borgir, the pigeon detectives, disturbed, iron maiden, venetian snares, caliban, opeth, the chemical brothers, boards of canada, sex pistols, the go! team
the beatles, barenaked ladies, madonna, tori amos, tracy chapman, abba, céline dion, alanis morissette, evanescence, bowling for soup, adele, aimee mann, me first and the gimme gimmes, scissor sisters
modest mouse, talking heads, dinosaur jr., the jesus and mary chain, my bloody valentine, pavement, deerhoof, joy division, new order, editors, blonde redhead, spoon, the white stripes, elliott smith, ...and you will know us by the trail of dead, the cure, grizzly bear, the flaming lips, bauhaus, david bowie, supergrass, the clash, the fall, the decemberists
dead kennedys, joy division, misfits, nightwish, sepultura, rammstein, theatre of tragedy, ministry, bad religion, bad brains, the clash, carcass, iron maiden, system of a down, siouxsie and the banshees, social distortion, the jesus and mary chain, bauhaus, einstürzende neubauten, slayer, napalm death
chicane, lacuna coil, high contrast, kosheen, atb, gorillaz, garbage, cold war kids, the herbaliser, bloodhound gang, moby, the chemical brothers, pendulum, david guetta, breaking benjamin, ti?sto, ac/dc
sigur rós, bj?rk, goldfrapp, lily allen, adele, emilie simon, portishead, tori amos, coldplay, róisín murphy, antony and the johnsons, dido, patrick wolf, kings of convenience, snow patrol, beirut, kate nash, radiohead, pj harvey, moby, jason mraz, moloko, pet shop boys, the cure, philip glass, travis, robyn, lykke li, a-ha, air, r.e.m., the notwist, hercules and love affair, r?yksopp
slipknot, killswitch engage, heaven shall burn, in flames, arch enemy, soulfly, trivium, linkin park, caliban, as i lay dying, rise against, slayer, system of a down, rammstein, all that remains, machine head, metallica, ill ni?o, funeral for a friend, chimaira, disturbed, the offspring, 36 crazyfists, die ?rzte, bullet for my valentine, bloodhound gang, creed, sepultura, breaking benjamin, die toten hosen, stone sour, three days grace, good charlotte, tenacious d, alter bridge
the smiths, bon iver, melvins, autechre, black flag, darkthrone, radiohead, jeff buckley, boards of canada
the killers, foo fighters, system of a down, muse, the dillinger escape plan, the police, radiohead, rise against, my chemical romance, r.e.m., thom yorke, rage against the machine, apocalyptica, linkin park, serj tankian, nine inch nails, primus, disturbed, audioslave, faith no more, coldplay, red hot chili peppers, avenged sevenfold, the offspring, atreyu, against me!, the fall of troy, dredg, matchbox twenty, lacuna coil, green day, nirvana, the smashing pumpkins, dead kennedys, eagles, yellowcard
sonata arctica, angra, symphony x, pearl jam, poets of the fall, pain of salvation, foo fighters, sentenced, ayreon, metallica, blind guardian, scorpions, queensr?che, dave matthews band, kamelot, pantera, anathema, pink floyd, stratovarius, the who, rush, jamiroquai, led zeppelin, oasis, dark tranquillity, gamma ray, 3 doors down
the beatles, madlib, bob dylan, the doors, the rolling stones, the jimi hendrix experience, kings of leon, the brian jonestown massacre, caetano veloso, cream, john lennon, brian eno, the black keys, wu-tang clan, massive attack, the roots, black sabbath, madvillain, the velvet underground, captain beefheart & his magic band, the who, beastie boys, bonobo, the clash, pixies, grateful dead, a tribe called quest, thievery corporation, 2pac, nirvana, paul mccartney, rjd2, ludwig van beethoven
queen, the who, manu chao, anti-flag
pain of salvation, king crimson, the mars volta, dream theater, ayreon, opeth, genesis, porcupine tree, pink floyd, camel, muse, metallica, blackfield, riverside, symphony x, rush, the decemberists, queensr?che, marillion, jethro tull, jimi hendrix, sigur rós
helloween, m?tley crüe, alice cooper, van halen, gamma ray, def leppard, ozzy osbourne, scorpions
muse, evanescence, within temptation, the fray, sum 41, kelly clarkson, onerepublic, fatboy slim, britney spears, sia, clint mansell, avril lavigne, apocalyptica
ignite, volbeat, johnny cash, die apokalyptischen reiter, opeth, arctic monkeys, enter shikari, kate nash, franz ferdinand, elvis presley, ensiferum, panic! at the disco
john mayer, sarah mclachlan, fiona apple, goo goo dolls, kelly clarkson, matchbox twenty, paramore, jimmy eat world, christina aguilera, switchfoot, 3 doors down, the beatles, britney spears, led zeppelin, flyleaf, lifehouse, imogen heap, maroon 5, mariah carey, jonas brothers, kings of leon, nickelback, pink, green day, the fray
tom waits, gorillaz, daft punk, timbaland, kanye west, blur, róisín murphy, portishead, santogold, 50 cent, bj?rk, dj shadow, groove armada, radiohead, moby, massive attack, air, morcheeba, feist, common, keane, eels, prefuse 73, the chemical brothers, kent, amy winehouse, cut copy, nouvelle vague, cocorosie, bat for lashes, r?yksopp, hot chip, she wants revenge, chromeo, ratatat, the killers, soundtrack, calvin harris
the flaming lips, weezer, ben folds five, doves, jason mraz, van morrison, sublime, radiohead, the magnetic fields, the album leaf, the decemberists, santana, john coltrane, norah jones, stereolab, jeff buckley, the postal service, paul simon, the beatles, social distortion, jack johnson
the gossip, scissor sisters, arcade fire, mika
agalloch, darkthrone, immortal, ulver
franz ferdinand, anna ternheim, ramones, johnny cash, the hellacopters, the smiths, bruce springsteen, death cab for cutie, mot?rhead, interpol, iron maiden, black sabbath, metric, bob dylan, sonic youth, tom petty and the heartbreakers, the national, the cardigans, the hives, neil young, blondie, max?mo park, my morning jacket, editors, the rolling stones, joy division, the jam, bloc party, yeah yeah yeahs, the strokes, the white stripes, tegan and sara, mando diao, new order
pantera, bullet for my valentine, rammstein, in flames, disturbed, bring me the horizon, killswitch engage, metallica, amy winehouse, drowning pool, mudvayne, atreyu, stone sour, meshuggah, system of a down, koЯn, megadeth, hatebreed, red hot chili peppers, amon amarth, mot?rhead, trivium, the offspring, dire straits, iron maiden, testament
the dresden dolls, yeah yeah yeahs, metric, peaches, pink, death cab for cutie, city and colour, cat power, blondie, regina spektor, bj?rk, le tigre, janis joplin, róisín murphy, lykke li, placebo, bob dylan, hercules and love affair, bruce springsteen
rise against, the offspring, die toten hosen, kult, rancid, myslovitz, metallica, red hot chili peppers, faith no more, marillion, paradise lost, nirvana, ramones, [unknown], ignite, atb, guns n roses, roxette, pink floyd, rammstein, george michael, akurat, tom petty and the heartbreakers
funeral for a friend, enter shikari, silverstein, emery, from autumn to ashes, 36 crazyfists, escape the fate, ignite, the used, less than jake, adam green, thrice, flogging molly, staind, deichkind
bob marley & the wailers, bob marley
electric six, nightwish, the dresden dolls, therion, talking heads, they might be giants, the new pornographers, clint mansell, pink floyd
josé gonzález, miles davis, dj krush, radiohead, aphex twin
johann sebastian bach, antonio vivaldi, ludwig van beethoven
linkin park, kings of leon, nirvana, red hot chili peppers, foo fighters, good charlotte, the smashing pumpkins, the white stripes, the offspring, u2, the killers, audioslave, inxs, the raconteurs, the hives, aerosmith, gorillaz, franz ferdinand, my chemical romance, silverchair, guns n roses, oasis, lenny kravitz
cascada, elvis presley, madonna, the beatles, queen, enigma, roxette, christina aguilera, the beach boys, rihanna, kylie minogue, the pussycat dolls, abba, daft punk, black eyed peas, t.a.t.u., hans zimmer, michael jackson, aretha franklin, a-ha, john williams, groove coverage, mika, danny elfman, britney spears, robbie williams, mary j. blige
30 seconds to mars, moby, kaiser chiefs, katy perry, the chemical brothers, the ting tings, david guetta, muse, lady gaga, duran duran, september, sum 41, gym class heroes, amy winehouse, bj?rk, kanye west, kylie minogue, red hot chili peppers, duffy, good charlotte, billy talent, counting crows, robbie williams, the pussycat dolls, beyoncé, fatboy slim, the cure, apocalyptica, depeche mode, scooter
madonna, marilyn manson, soundtrack, bob dylan, him, dream theater, billy joel, orbital, evanescence, misfits, nine inch nails, cat stevens, prince, tori amos, elton john, ac/dc, john coltrane, beck, aerosmith, britney spears, michael jackson, no doubt
feist, jason mraz, kings of convenience, sufjan stevens, maroon 5, jack johnson, andrew bird, alicia keys, john legend, snow patrol, corinne bailey rae, interpol, coldplay, james morrison, david gray, ben folds, death cab for cutie, the fray, arctic monkeys, mariah carey, the postal service, the whitest boy alive, green day, the strokes
sufjan stevens, rufus wainwright, kate bush, basement jaxx, apparat, barenaked ladies, moloko, tori amos, cut copy, kaiser chiefs, 311, keane, they might be giants, hellogoodbye, abba, bloc party, ella fitzgerald, antony and the johnsons, siouxsie and the banshees, ben folds, death cab for cutie, scissor sisters, the postal service
feist, metric, anna ternheim, death cab for cutie, animal collective, van morrison, vampire weekend, ben folds, band of horses, bon iver, arcade fire, david gray, sufjan stevens
mika, stevie wonder, nelly furtado, johnny cash, aretha franklin, bob marley & the wailers, coldplay, michael jackson
elliott smith, minor threat, neil young, low, the kinks, nick drake, the beatles, black flag, bob dylan, the rolling stones, the books, the zombies, cat power, nirvana, the beach boys, grateful dead, iron & wine, animal collective, devendra banhart, bj?rk
anathema, katatonia, sodom, ensiferum, finntroll, hatebreed, mot?rhead, opeth, therion, eluveitie, darkthrone, die apokalyptischen reiter, korpiklaani, the gathering, pink floyd, metallica, my dying bride, slayer, vader, amon amarth, cradle of filth, haggard, carcass, paradise lost, amorphis
enigma, frank sinatra, flight of the conchords, michael bublé, seal, rammstein, christina aguilera, the beatles, billy joel, john mayer, édith piaf, foo fighters, billie holiday, massive attack, jamiroquai, daft punk, justin timberlake, hans zimmer, maroon 5, danny elfman, def leppard
slipknot, system of a down, groove coverage, nightwish, cypress hill, disturbed, him, children of bodom, dmx, infected mushroom, rammstein, cascada, koЯn, linkin park, 50 cent, snoop dogg, eminem, evanescence, sentenced, basshunter, sum 41, the prodigy, sonata arctica
ne-yo, caetano veloso, chris brown, chico buarque, alicia keys, james blunt, lifehouse, coldplay, snow patrol, goo goo dolls, keane, the killers, u2, maroon 5, the cranberries, counting crows, the beatles, lady gaga, matchbox twenty, rihanna, oasis, 3 doors down, stereophonics, the fray, black eyed peas, death cab for cutie, razorlight
after forever, lacuna coil, muse, nightwish, the gathering, lacrimosa, theatre of tragedy
the smiths, misfits, bad brains, crystal castles, afi, david bowie, interpol
the strokes, misfits, ramones, nofx, green day, weezer, franz ferdinand, cake, arctic monkeys, new order, me first and the gimme gimmes, pennywise, kaiser chiefs, the offspring, coldplay, pearl jam, hot hot heat, cansei de ser sexy, muse, the killers, the clash, the smiths, ludwig van beethoven, dead kennedys, incubus, descendents, new found glory, sex pistols
beastie boys, the hives, flogging molly, ac/dc, amy winehouse, the cure, pj harvey, turbonegro, dropkick murphys, ...and you will know us by the trail of dead, interpol, tv on the radio, elliott smith, nouvelle vague, m83
stereophonics, guided by voices, r.e.m., black rebel motorcycle club, razorlight, spoon, arcade fire, my bloody valentine, metric, goo goo dolls, bloc party, explosions in the sky, junior boys, m83, oasis, radiohead, travis, doves, mirah
enigma, delerium, loreena mckennitt, era, vangelis, rhapsody of fire
the beatles, black eyed peas, elvis presley, george michael, metallica, kylie minogue, eminem, alicia keys, norah jones, jennifer lopez, michael jackson, mary j. blige, bon jovi
katatonia, koЯn, deftones, portishead, stone sour, gojira, isis
dj krush, wu-tang clan, incubus, the crystal method
unkle, queens of the stone age, dead can dance, god is an astronaut, coma, joy division, the smashing pumpkins, nine inch nails, sigur rós, marilyn manson, loreena mckennitt, in extremo, haggard, theatre of tragedy, finntroll, blind guardian, [unknown], akurat, apocalyptica, the gathering, soulfly, hans zimmer
wilco, belle and sebastian, ryan adams, yo la tengo, bonnie prince billy, johnny cash, antony and the johnsons, the jam, nick drake, grateful dead, the smiths, pavement, david bowie, blondie, the who, sufjan stevens, the stone roses, serge gainsbourg, the beatles
jimmy eat world, anberlin, say anything, thrice, enter shikari, stereophonics, the all-american rejects, lostprophets, boys like girls, audioslave, funeral for a friend, rage against the machine, justice, 30 seconds to mars, digitalism, calvin harris, fall out boy, bloc party, daft punk, the postal service, ne-yo, bloodhound gang, death cab for cutie, rihanna, basshunter, razorlight, switchfoot, papa roach
megadeth, santana, morbid angel
enya, pink floyd, sigur rós, cursive, jimmy eat world, enigma, coldplay, thursday, radiohead, brand new, kanye west, third eye blind, kings of leon, led zeppelin, nine inch nails, death cab for cutie, coheed and cambria, dire straits, thomas newman, bright eyes, the fray, queen, alkaline trio, panic at the disco, taking back sunday, madonna, lil wayne, usher, marilyn manson, a perfect circle, the beatles, atb, mariah carey, ben folds, t.i., incubus, damien rice, justin timberlake, rage against the machine, red hot chili peppers
radiohead, elbow, bruce springsteen, mando diao, johnny cash, david bowie, tom waits, interpol, damien rice, sigur rós, counting crows, tool, soundgarden, a perfect circle, depeche mode, arcade fire, the cure, antony and the johnsons, audioslave, arctic monkeys, pearl jam, ben folds, ryan adams, u2, coldplay, metallica, editors, prince, joy division, doves, oasis, beatsteaks, pink floyd, rage against the machine
o.s.t.r., coma, michael jackson, dj shadow, daft punk, madonna
dead can dance, massive attack, bonobo, tool, the cinematic orchestra, amon tobin, tricky, riverside, fear factory, portishead, pantera, tori amos, primus, hooverphonic, michael jackson, coma, loreena mckennitt, the cure
opeth, agalloch, porcupine tree, metallica, epica, blackfield, poets of the fall, nirvana, dark tranquillity, alice in chains, him, sirenia, enya, air, incubus, therion, deathstars, korpiklaani, slayer, the beatles, theatre of tragedy, pearl jam, oasis, amorphis
in flames, soilwork, disturbed, arch enemy, the 69 eyes, rammstein, finntroll, nightwish, slayer, guano apes, deathstars, children of bodom, him, godsmack, atreyu, billy talent, dimmu borgir, rage against the machine, system of a down, the offspring, static-x, infected mushroom, megadeth, ac/dc
rammstein, in flames, system of a down, burzum, opeth, devildriver, heaven shall burn, dimmu borgir, finntroll, slipknot, at the gates, pain, soilwork, behemoth, amon amarth, darkthrone, agalloch, pantera, cannibal corpse, dark tranquillity, satyricon, iced earth, ensiferum, metallica, vader, scar symmetry, all that remains, koЯn, hypocrisy, cradle of filth
interpol, kate bush, ladytron, tv on the radio, cat power, the smiths, pj harvey, dead can dance, david bowie, goldfrapp, depeche mode, new order, the breeders, mogwai, air, portishead, john coltrane, the fall, the magnetic fields, sade, r?yksopp
the flaming lips, outkast, the raconteurs, pink floyd, arcade fire, daft punk, sigur rós, queens of the stone age, my morning jacket, gorillaz, david bowie, led zeppelin, bright eyes, primus, the smashing pumpkins, wolfgang amadeus mozart, king crimson, queen, the postal service, snoop dogg, the streets, yeah yeah yeahs, tv on the radio, faith no more, lcd soundsystem, the decemberists, the white stripes, kyuss, al green
madonna, róisín murphy, delerium, mika, christina aguilera, mary j. blige, seal
korpiklaani, nightwish, finntroll, ensiferum, soilwork, in flames, after forever, lordi, guano apes, equilibrium, lacuna coil, the rasmus, epica, therion, sonata arctica, tarja turunen, theatre of tragedy, stratovarius, apocalyptica, abba, children of bodom, cradle of filth, nickelback, simon & garfunkel
the beatles, death cab for cutie, led zeppelin, flying lotus, animal collective, radiohead, modest mouse, grateful dead, elliott smith, minus the bear, broken social scene, bob marley
the shins, modest mouse, death cab for cutie, boards of canada, broken social scene, 65daysofstatic, incubus, alkaline trio, gorillaz, mogwai, iron & wine, agalloch, at the drive-in, r?yksopp, infected mushroom, queens of the stone age, cursive, kyuss, aphex twin
genesis, frank zappa, porcupine tree, opeth, camel, kate bush, muse, meshuggah
m. ward, bruce springsteen, ryan adams, jens lekman, marvin gaye, prince, iron & wine, belle and sebastian, phoenix, the national, van morrison, sigur rós, ghostface, tom waits, spoon, t.i., jay-z, otis redding, neil young, john legend, band of horses, the beatles, al green, cut copy, a tribe called quest, bob dylan, fleet foxes, feist, radiohead, oasis, stevie wonder, ne-yo
the new pornographers, madlib, james brown, beastie boys, vampire weekend, herbie hancock
blink-182, sum 41, the distillers, arctic monkeys, boys like girls, avril lavigne, green day, my chemical romance, anti-flag, taking back sunday, comeback kid, new found glory, nofx, black sabbath, black flag, death cab for cutie, dropkick murphys, rancid, flogging molly, paramore, coldplay, the kooks, pendulum, counting crows
beastie boys, the cure, bloodhound gang, the raveonettes, nine inch nails, einstürzende neubauten, the jesus and mary chain, vnv nation, the pogues
massive attack, the prodigy, daft punk, digitalism, hercules and love affair, the rapture, the chemical brothers, arctic monkeys, simian mobile disco, beastie boys, keane, metallica, ladytron, basement jaxx, fatboy slim, trentem?ller, the killers, the cardigans, foo fighters, peaches, black rebel motorcycle club, the white stripes, the corrs, the postal service, the knife, thievery corporation, coldplay, los hermanos, audioslave, rammstein, mot?rhead, the hives, papa roach, cansei de ser sexy, rage against the machine, fischerspooner
peter fox, de-phazz, jazzanova, st. germain, groove armada, fatboy slim, moloko, tosca, koop, de la soul, moby, morcheeba
kaiser chiefs, the kinks, the decemberists, the jam, franz ferdinand, the shins, the pipettes, the zombies, buzzcocks, the clash, rancid, neutral milk hotel, dead kennedys
shakira, kylie minogue, céline dion, emilie simon, garbage, goldfrapp, loreena mckennitt, enya, the killers, the knife, armin van buuren, sarah mclachlan, die toten hosen, rilo kiley, scissor sisters, róisín murphy, kent, delerium, rammstein
metallica, three days grace, rihanna, third eye blind, red.jumpsuit.apparatus, akon, timbaland, fall out boy, afi, johnny cash, lil wayne, foo fighters, 3 doors down, leona lewis, eminem, usher, megadeth, jordin sparks, maroon 5, the used, katy perry, judas priest, dashboard confessional, metro station, black sabbath, disturbed, pantera
radiohead, nine inch nails, death cab for cutie, the beatles, elliott smith, of montreal, broken social scene, pink floyd, the magnetic fields, jeff buckley, flight of the conchords, portishead, ryan adams, boards of canada, spoon, stars, thom yorke, grateful dead, muse, goldfrapp, air, animal collective, my morning jacket, coldplay, arcade fire, fiona apple, fleet foxes, the dresden dolls, ladytron, sublime, deerhoof, dave matthews band, the flaming lips, van morrison
anna ternheim, katatonia, opeth, isis, agalloch, tool, amon amarth, haggard, camel, nick drake, at the gates, bon iver, darkthrone, the mars volta, riverside, ulver, carcass
mindless self indulgence, 30 seconds to mars, the white stripes, bring me the horizon, crystal castles, damien rice, bloc party, tegan and sara, parkway drive, pendulum, ladytron, linkin park, bush, die ?rzte, anna ternheim, placebo, as i lay dying, dredg, papa roach, klaxons, serj tankian
pink floyd, deep purple, metallica, kyuss, king crimson, ozzy osbourne, kult, morphine, beastie boys, tool, jethro tull, the herbaliser, genesis, camel, koЯn, santana, rage against the machine, aerosmith, herbie hancock, mike oldfield, rammstein, cypress hill, the crystal method, tom waits, the beatles, the prodigy
emilíana torrini, eels, the gossip, bloc party, ska-p, modest mouse, interpol, the hives, ...and you will know us by the trail of dead, arcade fire, die ?rzte, the killers, arctic monkeys, rise against, cursive, franz ferdinand, death cab for cutie, built to spill, broken social scene, death from above 1979, snow patrol, kaiser chiefs, regina spektor, the kooks, the strokes, placebo, the shins, radiohead, kings of leon, editors, spoon, black rebel motorcycle club, yeah yeah yeahs, hot hot heat, muse, the chemical brothers, max?mo park, tv on the radio
genesis, the doors, rush, dire straits, iron maiden, strapping young lad, john coltrane, dimmu borgir, jimi hendrix, miles davis
lady gaga, britney spears, bloc party, akon, robyn, mgmt, kanye west, lil wayne, ashlee simpson, the veronicas, the fray, flo rida, ne-yo, basement jaxx, the strokes, backstreet boys, christina aguilera, lily allen, n*e*r*d, shiny toy guns, taylor swift, justice, kelly clarkson, t.i.
interpol, the cure, bob dylan, the rolling stones, muse, morrissey, kasabian, david bowie, radiohead, depeche mode, u2, leonard cohen, placebo, arctic monkeys, coldplay, blur, beck, franz ferdinand, yann tiersen, the strokes, arcade fire, editors, r.e.m., michael jackson, devendra banhart, green day, pulp, belle and sebastian, serge gainsbourg, travis
miles davis, charlie parker, john coltrane, the beatles, louis armstrong, radiohead, ella fitzgerald, sting, diana krall
t. rex, van halen, judas priest, def leppard, bon jovi, ramones, scorpions
radiohead, coldplay, the police, the cure, chico buarque, the smiths, de-phazz, depeche mode, madonna, billie holiday, the strokes, bloc party, cut copy, death cab for cutie, the cranberries
tegan and sara, ladytron, electric six, metric, pink martini, the white stripes, the pipettes, radiohead, the decemberists, they might be giants, of montreal, cansei de ser sexy, cake, dragonforce, imogen heap, danny elfman, green day, r?yksopp
lostprophets, ashlee simpson, hoobastank, dir en grey, good charlotte
britney spears, coldplay, jordin sparks, lady gaga, september, rihanna, the pussycat dolls, frou frou, enrique iglesias, lily allen, cascada, imogen heap, ne-yo, akon, paramore, snoop dogg, pet shop boys, flo rida, chris brown, lifehouse, keane, porcupine tree, sugababes
charlie parker, miles davis, herbie hancock
soundtrack, the chemical brothers, kanye west, daft punk, eagles, gorillaz, die ?rzte
rammstein, the get up kids, placebo, death cab for cutie, groove coverage, nightwish, belle and sebastian, goo goo dolls, enya, within temptation, cascada, bright eyes, cradle of filth, system of a down, evanescence, basshunter, hellogoodbye, green day, simple plan, wolfgang amadeus mozart, depeche mode, my chemical romance, blink-182, johnny cash, pet shop boys, 3 doors down, ok go, the cure, t.a.t.u., r?yksopp
joss stone, amy winehouse, jason mraz, james morrison, kelly clarkson, mika, cascada, david guetta, t.a.t.u., [unknown]
clint mansell, counting crows, eminem, the smashing pumpkins, boards of canada, johnny cash, sigur rós, múm, rise against, 65daysofstatic, john frusciante, marilyn manson, placebo, thievery corporation, portishead, air, explosions in the sky, mogwai, eddie vedder, nofx, sublime, ignite, massive attack, radiohead, black eyed peas, tool, m83, tori amos, pearl jam, type o negative
eddie vedder, creedence clearwater revival, thievery corporation, billie holiday, bonobo, the cinematic orchestra, coldplay, johnny cash
deftones, the dresden dolls, guano apes, metallica, red hot chili peppers, tori amos, incubus, editors, mono, a perfect circle, biffy clyro, tool, primus, nine inch nails, queens of the stone age, mogwai, the offspring, muse, koЯn, machine head, linkin park, the mars volta, rage against the machine, jethro tull, placebo
sum 41, ensiferum, epica, therion, john williams, hans zimmer, equilibrium, within temptation, rhapsody of fire, hammerfall, kamelot, finntroll, in flames, amy macdonald
m. ward, city and colour, édith piaf, andrew bird, joanna newsom, modest mouse, the kooks, the album leaf, the decemberists, tool, sigur rós, emilíana torrini, cocorosie, arctic monkeys, max richter, ludwig van beethoven, ella fitzgerald, frédéric chopin, incubus, koЯn, johann sebastian bach, the notwist, damien rice, nada surf, the streets, iron & wine, johnny cash, devendra banhart
coldplay, jack johnson, madonna, the cranberries, cut copy, robyn, amy winehouse, the ting tings, mgmt, travis, black eyed peas, calvin harris, hot chip, oasis, jamiroquai, pink floyd, radiohead, fatboy slim, guns n roses, david guetta, stereophonics, alicia keys, télépopmusik, moloko, gorillaz, lupe fiasco, the chemical brothers, the presets, the verve
radiohead, blink-182, stereophonics, muse, nine inch nails, sigur rós, hard-fi, coldplay
gentleman, pendulum, linkin park, sean paul, snoop dogg, akon, dr. dre, nas
arctic monkeys, the strokes, foo fighters, the streets, elbow, peter fox, stars, the notwist, amy winehouse, dashboard confessional, jack johnson, muse, weezer, the whitest boy alive, eels, the white stripes, mgmt, robbie williams, bright eyes, queens of the stone age, at the drive-in, coldplay, blur, saves the day, st. germain, adam green
the who, the rolling stones, coldplay, the doors, stereophonics, pink floyd, emilie simon, john lennon, paul mccartney, silverchair, led zeppelin, dave matthews band, u2, creedence clearwater revival, nirvana, arctic monkeys, bob dylan, jethro tull, weezer, foo fighters, oasis, the libertines, razorlight, scorpions, radiohead, the strokes, aerosmith
death, immortal, red hot chili peppers, slayer, rammstein, apocalyptica, metallica, dimmu borgir, iron maiden, katatonia, agalloch, dragonforce
miles davis, pink floyd, the beatles, king crimson, captain beefheart & his magic band, the velvet underground, the police, stereolab, black sabbath, t. rex, led zeppelin, eric clapton, jimi hendrix, thievery corporation
janis joplin, apocalyptica, beirut, dredg, the mars volta, justice
dropkick murphys, beirut, kings of leon, gogol bordello, phil collins, aerosmith, eric clapton
electric light orchestra, pet shop boys, lily allen, abba, the beatles, paul mccartney, kiss, prince, t.a.t.u., johnny cash, iron maiden, billy joel, the killers, michael jackson, m?tley crüe, frank sinatra, natasha bedingfield, foo fighters, dire straits, toto, elton john, timbaland, madonna
epica, evanescence, after forever, lacuna coil, tristania, danny elfman, therion, rhapsody of fire, sirenia, helloween, apocalyptica, kamelot, disturbed, tarja turunen, the gathering, serj tankian, blind guardian, theatre of tragedy, alanis morissette, avantasia, linkin park, iced earth, stratovarius, system of a down, placebo, symphony x
depeche mode, nirvana, tiamat, paradise lost, pink floyd, radiohead, thom yorke, nofx, tool, the smashing pumpkins, bush, kraftwerk, jefferson airplane, portishead, metallica
stone sour, three days grace, red hot chili peppers, disturbed, panic at the disco, fall out boy, system of a down, foo fighters, the offspring, seeed, basshunter, beatsteaks, bad religion, breaking benjamin, rise against, 30 seconds to mars, peter fox, the all-american rejects, biffy clyro, sentenced, nickelback, nirvana, james blunt, koЯn, kings of leon, robbie williams, volbeat, 3 doors down, gorillaz, billy talent, rob zombie, paramore, p.o.d., farin urlaub, the fray, papa roach, michael jackson, oasis
led zeppelin, pink floyd, ozzy osbourne, nine inch nails, clint mansell, dead can dance, tool, muse, michael jackson, john williams, pearl jam, a perfect circle, queen, black label society, massive attack, toto, coma, dave matthews band, red hot chili peppers, hans zimmer, howard shore
michael jackson, david guetta, beyoncé, rihanna, michael bublé, joss stone, damien rice, maroon 5, kelly clarkson, christina aguilera, the all-american rejects
craig david, era, ska-p, nickelback, switchfoot, linkin park, howard shore, apocalyptica
pet shop boys, the beatles, beck, the cure, the velvet underground, rufus wainwright, the raveonettes, depeche mode, r.e.m., brian eno, the smashing pumpkins, radiohead, the kinks, muse, the jam, u2, the last shadow puppets, garbage, morrissey, silverchair, the smiths, eels, pixies, morphine, the rolling stones
muse, the pussycat dolls, lady gaga, a-ha, avril lavigne
nick cave and the bad seeds, sneaker pimps, tom waits, pantera, the cure, metallica, nine inch nails, rage against the machine, aerosmith, bj?rk, the sisters of mercy, red hot chili peppers, einstürzende neubauten, the clash, cocteau twins, black sabbath, melvins, camel, mike oldfield, talking heads, sonic youth, beck, fall out boy, beastie boys, skinny puppy, faith no more, system of a down, sarah mclachlan
john mayer, oasis, jason mraz, maroon 5, justin timberlake, slipknot, the used, jack johnson, ben harper, p.o.d., matchbox twenty, my chemical romance, linkin park, bob marley & the wailers, red hot chili peppers, story of the year, paramore
the faint, ramones, the kills, nouvelle vague, bon iver, ladytron, santogold, blondie, fischerspooner, feist, vampire weekend, le tigre, daft punk, david bowie, fleet foxes, foals, air, crystal castles, mgmt, late of the pier, lcd soundsystem, of montreal, n*e*r*d, the gossip
r.e.m., bruce springsteen, neil young, pearl jam, the beatles, wilco, ryan adams, fleetwood mac, the beach boys, rufus wainwright, pet shop boys, arcade fire, elvis presley, stevie wonder, manic street preachers, tom waits, live, bob dylan, simon & garfunkel, my morning jacket, u2, oasis, supertramp, lenny kravitz, michael jackson, m. ward, queen, eels, the rolling stones, echo & the bunnymen, frank sinatra, the flaming lips, radiohead, death cab for cutie, pink floyd, coldplay, the killers, ella fitzgerald
placebo, nick cave and the bad seeds, stereophonics, pearl jam, oasis, emilie autumn, joy division, editors, pj harvey, muse, the beatles, the velvet underground, the doors, marilyn manson, she wants revenge, the dresden dolls, the killers, death cab for cutie, loreena mckennitt, rammstein, depeche mode, foo fighters, interpol, radiohead, the stone roses, the sisters of mercy
papa roach, ill ni?o, nickelback
abba, my chemical romance, panic at the disco, good charlotte, amy macdonald, keane, r.e.m., gorillaz, kelly clarkson, david bowie, 3 doors down, robbie williams, simple plan, avril lavigne, no doubt, pink, coldplay, dido, volbeat, james blunt, sugababes, blur, maroon 5, a-ha, fall out boy, britney spears, red hot chili peppers, morrissey
massive attack, the prodigy, basement jaxx, the beatles, apparat, queen, fatboy slim, the crystal method, infected mushroom, muse
modest mouse, nirvana, the decemberists, pixies, death cab for cutie, beck, the kinks, foo fighters, the beatles, pavement, the raconteurs, the clash, broken social scene, the cure, radiohead, bright eyes, the faint, bob dylan, arcade fire, nick drake, the shins, the doors, badly drawn boy, the postal service, green day, beirut, the breeders, the white stripes, shout out louds, neil young, system of a down, built to spill, stars, of montreal
beastie boys, kanye west, atmosphere, snoop dogg, gorillaz, outkast, flogging molly, gym class heroes, backstreet boys, public enemy, queen, jay-z, dr. dre, t.a.t.u., justin timberlake, 50 cent, black eyed peas, bowling for soup, no doubt, pink, the beatles, 2pac, evanescence, aerosmith, phil collins, linkin park, nelly, jimmy eat world
josé gonzález, lamb, massive attack, the cure, u2, pj harvey, r.e.m., alanis morissette, garbage, bj?rk, radiohead, oasis, john williams, placebo, portishead, coldplay, fatboy slim, tricky, shakira, soundtrack, lenny kravitz, moby, the cranberries, morcheeba, nine inch nails, the cardigans
nofx, rage against the machine, iron maiden, rancid, the corrs, bloc party, jack johnson, audioslave, bob marley, guano apes, led zeppelin, metallica, dave matthews band
within temptation, the rasmus, avril lavigne, the pussycat dolls, fall out boy, madonna, cascada, roxette, evanescence, t.a.t.u., bryan adams, kings of leon, rihanna, guano apes
alicia keys, feist, coldplay, kt tunstall, marvin gaye, de-phazz, tori amos, jamiroquai, katie melua, mika, travis, norah jones, frank sinatra, daft punk, lenny kravitz
calexico, the national, kent, flying lotus, radiohead, erykah badu, hercules and love affair, stars
the pipettes, bloodhound gang, barenaked ladies, the ting tings, kaiser chiefs, the killers, blink-182, the streets, eminem, the go! team, regina spektor, lily allen, the smiths, they might be giants, morrissey, 44, lykke li, linkin park, the jam, coldplay, death cab for cutie, blur, the postal service
pj harvey, siouxsie and the banshees, tv on the radio, antony and the johnsons, bon iver, the magnetic fields, cocteau twins, queens of the stone age, the black keys
kanye west, 2pac, 50 cent, lil wayne, craig david, beyoncé, fall out boy, janet jackson, akon, nelly, alicia keys, ice cube
kylie minogue, madonna, carla bruni, tori amos, édith piaf, goldfrapp, billie holiday, pj harvey, bj?rk, amy winehouse
dave matthews band, norah jones, led zeppelin, green day, eagles, beastie boys, elton john, coheed and cambria, 311, alice in chains, pearl jam
r.e.m., leonard cohen, dire straits, ramones, the doors, neil young, david bowie, cake, the rolling stones, lenny kravitz, tom waits, deus, t. rex, the who, rainbow, they might be giants, johnny cash, pink floyd, the cranberries, the pogues
coldplay, nirvana, system of a down, alanis morissette, the velvet underground, miley cyrus, sum 41, the cranberries, radiohead, natasha bedingfield, disturbed, imogen heap, queen, foo fighters, jason mraz, metallica, enrique iglesias
air, alkaline trio, beck, coldplay, gwen stefani, tegan and sara, gnarls barkley, chiodos, gorillaz, brand new, red hot chili peppers, saosin, cansei de ser sexy, crystal castles, duran duran, blink-182, band of horses, m83, eels, cat power, cut copy, elliott smith, joy division, justice, of montreal, timbaland, circa survive, flying lotus, tom waits, m.i.a., she wants revenge
the beach boys, manowar, alice cooper, def leppard, scorpions, dio, ozzy osbourne, bon jovi, cream, queen, the doors, dethklok, judas priest, creedence clearwater revival
madlib, rjd2, j dilla, madvillain, common, atmosphere, cunninlynguists, o.s.t.r.
bob marley & the wailers, jack johnson, simon & garfunkel, miles davis, bob marley, ben harper
bon iver, fleetwood mac, fleet foxes, thin lizzy, radiohead, kent, the cure, elvis presley, brian eno, the black keys, belle and sebastian, portishead, beirut, modest mouse, h?kan hellstr?m, ac/dc
the beatles, the beach boys, the kinks, pink floyd, simon & garfunkel, electric light orchestra, the zombies, the who, queen, frank sinatra, billie holiday, django reinhardt, jimi hendrix, the velvet underground, elvis presley, tenacious d, the doors, the byrds, the jimi hendrix experience
rush, evanescence, nickelback, the cure, linkin park, depeche mode, sting, pink floyd, sarah mclachlan, rob zombie, sheryl crow, limp bizkit, ozzy osbourne, the offspring, paul oakenfold, marillion, pink, the smiths, new order, duran duran, no doubt, britney spears, eminem, hilary duff, avril lavigne, t.a.t.u., 3 doors down, the who, foo fighters, tori amos, moby, the rolling stones, beastie boys, seether, the doors, eric clapton, paramore, the killers, fatboy slim
the beatles, red hot chili peppers, sex pistols, mgmt, farin urlaub, the who, the smiths, nirvana
radiohead, elvis costello, u2, the beatles, andrew bird, the beach boys, r.e.m., belle and sebastian, spoon, camera obscura, the kinks, beck, deerhoof, feist, m. ward, fleet foxes, my morning jacket, elvis presley, echo & the bunnymen, yo la tengo, grizzly bear, iron & wine, beirut, ella fitzgerald, the rolling stones, jens lekman, vampire weekend, the magnetic fields, pavement, the smiths, neil young
metallica, tenacious d, 3 doors down, iron maiden, joe satriani, limp bizkit, nofx, rammstein, rush, john frusciante, system of a down, 30 seconds to mars, bad religion, p.o.d., michael jackson, jurassic 5, dream theater, afi
depeche mode, oomph!, aphex twin, dead can dance, vnv nation, kraftwerk, jeff buckley, boards of canada, air, travis, the dandy warhols
kanye west, gym class heroes, black eyed peas, t.i., snoop dogg, fort minor
the killers, paramore, live, katy perry, lady gaga, 3 doors down, the pussycat dolls, crystal castles, placebo, bloc party, justin timberlake, angels & airwaves, róisín murphy, the kooks, lily allen, breaking benjamin, nickelback, snow patrol, the presets, metro station, dmx, beyoncé, leona lewis, the verve, linkin park
los hermanos, regina spektor, jordin sparks, maroon 5, the cranberries, kt tunstall, rihanna, the killers, the strokes, linkin park, kaiser chiefs, amy winehouse, johann sebastian bach, antonio vivaldi, madonna, moby, jack johnson
ska-p, anti-flag, ramones, misfits, rise against, dead kennedys, the clash, afi
the magnetic fields, the decemberists, regina spektor, matisyahu, belle and sebastian, carla bruni, kate nash, the national, joshua radin, of montreal, amy winehouse, vampire weekend, jack johnson, bob dylan, iron & wine, feist, joanna newsom, norah jones, badly drawn boy, buena vista social club, the new pornographers, chico buarque, manu chao, rilo kiley, cold war kids, django reinhardt, outkast, beirut, animal collective, goldfrapp, stars
gnarls barkley, tricky, faithless, erykah badu, burial, adele, santogold, massive attack, bonobo, mr. scruff, tracy chapman, morcheeba, tori amos, morphine, feist, bj?rk, st. germain, koop, air, amon tobin, moloko, roots manuva, outkast, n*e*r*d, billie holiday, ray charles, nina simone, nightmares on wax, amy winehouse, diana krall
josé gonzález, bonobo, boards of canada, flying lotus, jurassic 5, a tribe called quest, the cinematic orchestra, mr. scruff, amon tobin, koop
bob marley & the wailers, the white stripes, led zeppelin, guns n roses, manu chao, jimi hendrix, black sabbath, bj?rk, dead can dance, janis joplin, deep purple, the rolling stones, placebo, the cure, the who, garbage, the beatles, nick cave and the bad seeds, nine inch nails, ministry, joe satriani, metallica, radiohead, frank zappa, blur, rammstein, muse, jeff buckley
saosin, underoath, bad brains, circa survive, nirvana, parkway drive, the cure, caliban, from autumn to ashes, bring me the horizon, city and colour, finch, hatebreed, chiodos, the used, devildriver, bob marley, the beatles
aerosmith, def leppard, paul oakenfold, dream theater, santana, jack johnson, scorpions, fort minor
beck, doves, 311, gorillaz, muse, groove armada, koop, r?yksopp, thievery corporation, radiohead, bonobo, beastie boys, stone temple pilots, dave matthews band, zero 7, cake, primus, frank zappa, grateful dead, stars, jamiroquai, cobra starship, the flaming lips, nightmares on wax, nirvana
the arcade fire, the shins, pearl jam, the hellacopters, clap your hands say yeah, franz ferdinand, arctic monkeys, pixies, mando diao, ray charles, the smashing pumpkins, kaiser chiefs, tv on the radio, morrissey, depeche mode, r.e.m., kasabian, klaxons, editors, peter bjorn and john, the last shadow puppets, interpol, mika
cream, red hot chili peppers, jimi hendrix, led zeppelin, the who, system of a down, muse, the hives, gorillaz, black sabbath, pulp, the white stripes, the beatles, david bowie, queen, eric clapton
nine inch nails, mindless self indulgence, arcade fire, rise against, matisyahu, afi, atb, dave matthews band, red hot chili peppers, incubus, bob marley & the wailers, 30 seconds to mars, my chemical romance, radiohead, kmfdm, nirvana, coldplay, enya, ti?sto, marilyn manson, infected mushroom
anna ternheim, garbage, 65daysofstatic, siouxsie and the banshees, nick cave and the bad seeds, tom waits, metric, infected mushroom, emilie autumn, broken social scene, cake, imogen heap, patrick wolf, reel big fish, the knife, bad religion, streetlight manifesto, nightwish, franz ferdinand, afi, iron & wine, emilie simon, sigur rós, r?yksopp, mogwai
queen, red hot chili peppers, arch enemy, fall out boy, coldplay, robbie williams, muse, guano apes, stratovarius, myslovitz, u2, linkin park, joe satriani, daft punk, dragonforce, system of a down, aerosmith, nirvana, billy talent, gym class heroes, megadeth, skid row, nightwish, various artists, amy macdonald, supertramp
descendents, fugazi, black flag, minor threat, saves the day, bad brains, blonde redhead, sonic youth, alkaline trio, the cure, the smiths, the hives, blink-182, dead kennedys, new found glory, nirvana, joy division, misfits, morrissey
deathstars, die apokalyptischen reiter, sirenia, equilibrium, manowar, sabaton, tristania, kamelot, nightwish, hammerfall, children of bodom, gorillaz, loreena mckennitt, after forever, evanescence, michael jackson, metallica, amon amarth, andrew lloyd webber, haggard
the who, the beatles, camel, enya, foo fighters, jack johnson, led zeppelin, rush, bob dylan, the police, the beach boys, bob marley, ac/dc, the hellacopters, bob marley & the wailers, van halen, creedence clearwater revival, toto, deep purple, thin lizzy, queen, the jimi hendrix experience, howard shore, jimi hendrix, supertramp
john mayer, patrick wolf, gotan project, coldplay, adam green, sigur rós, beck, sting, the whitest boy alive, air, sufjan stevens, chet baker, amy winehouse, massive attack, miles davis, mgmt, django reinhardt, the cinematic orchestra, jens lekman, razorlight, belle and sebastian, santana, m. ward
norah jones, alicia keys, sade, [unknown], 2pac, jay-z, gang starr, the roots, nas, black eyed peas
christina aguilera, gavin degraw, apocalyptica, bryan adams, backstreet boys, within temptation, lacrimosa, the 69 eyes, eminem, turisas, katy perry, nickelback, girls aloud, armin van buuren, breaking benjamin, avantasia, sonata arctica, after forever, nightwish, three days grace, story of the year, loreena mckennitt, kamelot, tristania
social distortion, nile, against me!, paramore, atreyu, johnny cash, richard cheese
beastie boys, beck, the streets, faith no more, adam green, cypress hill, the chemical brothers, missy elliott, orbital, the flaming lips, sufjan stevens, autechre, kraftwerk, dizzee rascal, ac/dc, the beatles, u2, red hot chili peppers
bonnie prince billy, the national, the smiths, joy division, bob dylan, new order, morrissey, calexico, bon iver, cat stevens, the beatles, john lennon, andrew bird, the mountain goats, okkervil river, leonard cohen, elbow
alkaline trio, flogging molly, robbie williams, alice cooper, david bowie, lifehouse, stereophonics, barenaked ladies, good charlotte, my chemical romance, bon jovi, bob dylan, garbage, the rolling stones, matchbox twenty, marilyn manson, the rasmus, fall out boy, goo goo dolls
faith no more, tool, morphine, the doors, shpongle, ramones, enigma, iron maiden, aphex twin, the beatles, neil young, manowar, télépopmusik, vangelis, the velvet underground, iggy pop, misfits, a perfect circle, pantera, jefferson airplane, brian eno, linkin park, machine head, paradise lost, autechre, kmfdm, nirvana
muse, mobb deep, yann tiersen, the beatles, wu-tang clan, radiohead, nas, eminem, ghostface, justice, air, busta rhymes, mf doom, nina simone, lil wayne, daft punk, justin timberlake, the go! team
parov stelar, antony and the johnsons, beirut, sigur rós
mike oldfield, bob dylan, genesis, david bowie, pink floyd, frank zappa, philip glass, alice cooper, the beatles, camel, jethro tull, king crimson, queen, electric light orchestra, the cure, peter gabriel, kraftwerk, eagles, brian eno, madonna, depeche mode, captain beefheart & his magic band, fleetwood mac, daft punk, the doors, dead can dance, michael jackson, underworld, air, beck, dire straits, duran duran, enya
morrissey, pearl jam, the smiths, r.e.m., queens of the stone age, the mars volta, metallica, rufus wainwright, faith no more, yeah yeah yeahs, at the drive-in, thrice, johnny cash, nirvana, paramore, kyuss, kasabian, nine inch nails, pink floyd, elton john, arcade fire, frou frou, fleet foxes, pj harvey, bat for lashes, audioslave, babyshambles, metric, mastodon, manic street preachers, avenged sevenfold, the distillers, the beatles, bob dylan, eagles of death metal, soundgarden, machine head
the national, bright eyes, arcade fire, okkervil river, death cab for cutie, neil young, band of horses, ryan adams, belle and sebastian, the decemberists, interpol, the new pornographers, pink floyd, iron & wine, nada surf, of montreal, beirut, the shins, editors, bob dylan, bloc party, modest mouse, the cure, the smiths, snow patrol, the flaming lips, badly drawn boy, elliott smith, clap your hands say yeah, bonnie prince billy, my morning jacket
trentem?ller, moloko, boards of canada, the chemical brothers, groove armada, r?yksopp, jefferson airplane, booka shade, depeche mode, apparat, plaid, guano apes, róisín murphy, goldfrapp, kosheen
shpongle, the chemical brothers, amon tobin, faithless, the doors, the future sound of london, orbital
sugababes, lily allen, janet jackson, various artists, feeder, snoop dogg, 2pac
radiohead, kings of leon, the killers, the national, muse, beirut, the libertines, franz ferdinand, editors, regina spektor, modest mouse, the beatles, tom waits, okkervil river, arctic monkeys, pulp, devendra banhart, bloc party, bright eyes, arcade fire, babyshambles, blur, placebo, rilo kiley, adam green, patrick wolf, travis, nick cave and the bad seeds, elliott smith, joy division, manic street preachers, the white stripes, eels, the clash, the smiths, the pipettes, morrissey, queens of the stone age, the decemberists
finntroll, metallica, judas priest, ensiferum, ac/dc, equilibrium, dragonforce, dropkick murphys, misfits, red hot chili peppers, blind guardian, mot?rhead, turbonegro, eluveitie, megadeth, deep purple, slayer, tenacious d, volbeat, gamma ray, helloween, amon amarth, the doors, avantasia, dream theater, hammerfall, the white stripes, children of bodom, kiss, manowar, turisas, apocalyptica, stratovarius, iced earth, jimi hendrix
[the radio dept.]
[system of a down]
beyoncé, my chemical romance, nine inch nails, fall out boy, kelly clarkson, the fray, eminem, the postal service, fergie, coldplay, busta rhymes, justin timberlake, panic! at the disco, snow patrol, chris brown, missy elliott, nelly furtado, kanye west, bush, regina spektor, rihanna, the white stripes, evanescence, gorillaz, slipknot, akon, cake, oasis, ryan adams, sufjan stevens
ac/dc, mot?rhead, metallica, megadeth, alice in chains, dimmu borgir, deep purple, ozzy osbourne, aerosmith, pearl jam, iron maiden, in flames, nightwish, pantera, black sabbath, him, hammerfall, nickelback, led zeppelin, carcass, bloodbath, testament, evanescence, koЯn, judas priest, guns n roses, in extremo, kreator, sepultura, arch enemy, amorphis, the rolling stones, lacuna coil, linkin park, blind guardian, amon amarth, godsmack, dark tranquillity
gojira, nirvana, norther, bloodbath, mastodon, anthrax, creedence clearwater revival, iron maiden, in flames, lamb of god, pink floyd, mot?rhead, morbid angel, pantera, the beatles, dimmu borgir, behemoth, black sabbath, darkthrone, led zeppelin
the used, evanescence, creed, bullet for my valentine, linkin park, a perfect circle, breaking benjamin, emery, silverstein, avenged sevenfold, thrice, lamb, paramore, tenacious d, shiny toy guns, clint mansell, from first to last, explosions in the sky, guns n roses, queens of the stone age, sigur rós, 30 seconds to mars, nirvana, afi, the flaming lips, britney spears, infected mushroom, mika, red.jumpsuit.apparatus
meshuggah, the dillinger escape plan, squarepusher, portishead, cake, minus the bear, aphex twin, machine head, strapping young lad, battles
johnny cash, sia, zero 7, the roots, max richter, stereolab, django reinhardt, aimee mann, deerhoof
yann tiersen, frank zappa, kosheen, tiamat, ani difranco, peter gabriel, king crimson, a perfect circle, david bowie, unkle, [unknown], ennio morricone, ayreon, tool, tortoise, django reinhardt, air, talking heads, garbage, buena vista social club, miles davis, radiohead, justice, feist
burzum, the magnetic fields, slayer, the byrds, wu-tang clan, aesop rock, nofx, notorious b.i.g., against me!, metallica, clap your hands say yeah, chet baker
hooverphonic, goldfrapp, lamb, autechre, moloko, sia, camera obscura, jem, feist, sneaker pimps, bj?rk, portishead, télépopmusik, nelly furtado, massive attack, boards of canada, dido, plaid, duffy, tricky, joss stone, adele, amy macdonald, aphex twin, amy winehouse, natasha bedingfield, r?yksopp, unkle, cocteau twins, kate nash, kt tunstall
the cure, thievery corporation, antony and the johnsons, serge gainsbourg
jazzanova, beck, the cure, mr. scruff, r?yksopp, de-phazz, dj shadow, god is an astronaut, sigur rós, portishead, coldplay, pixies, crystal castles, ludacris, the prodigy, daft punk
norah jones, coldplay, avril lavigne, lostprophets, something corporate, rage against the machine, the beatles, nightwish, ben folds, jimmy eat world, regina spektor, keane, paramore, ac/dc, motion city soundtrack, jack johnson, taking back sunday, system of a down, the chemical brothers, ben folds five, blink-182, radiohead, poets of the fall, snow patrol, fall out boy, the rolling stones, paolo nutini, aerosmith, kings of leon, r.e.m., jamie cullum, foo fighters, mika, creedence clearwater revival, evanescence, pendulum, three days grace, sting
death cab for cutie, regina spektor, emilíana torrini, amy winehouse, rilo kiley, imogen heap, massive attack, mew, billy joel, the postal service, a perfect circle, frou frou, madonna, fiona apple, jeff buckley, christina aguilera, portishead, sugababes, the smiths, garbage, elton john, radiohead, abba, rufus wainwright, girls aloud, bj?rk, queen, green day, stevie wonder, goldfrapp, joni mitchell, pj harvey, the killers, coldplay, sufjan stevens, deftones, lamb
ti?sto, the prodigy, orbital, incubus, gnarls barkley, unkle, lamb, adele, sneaker pimps, underworld
coheed and cambria, metric, green day, nirvana, the postal service, something corporate, sugarcult, avenged sevenfold, the subways, linkin park, the shins, the blood brothers, plain white ts, afi, the offspring, scooter, angels & airwaves, tegan and sara, underoath, christina aguilera, simple plan, oasis, arctic monkeys, hot hot heat, mirah, ok go, sum 41
parov stelar, gotan project, the cinematic orchestra, bonobo, koop, morcheeba, blind guardian
peter fox, clueso, stone sour, foo fighters, the used, james morrison, deftones, afi, rise against, amy macdonald, kings of leon, story of the year, coldplay, parkway drive, alkaline trio, boys like girls, the veronicas, incubus, maria mena, the haunted, johnny cash, jack johnson, heaven shall burn, beatsteaks
daft punk, air, justice, digitalism, cut copy, phoenix, klaxons, simian mobile disco, cat power, franz ferdinand, the presets, moby, eels, cansei de ser sexy, the kooks, hot chip, belle and sebastian, r?yksopp, muse, michael jackson, oasis, ratatat, boards of canada, the whitest boy alive, chromeo, basement jaxx, hooverphonic, mgmt, feist, the chemical brothers, arctic monkeys, bloc party, stereolab, the velvet underground, late of the pier, the white stripes
fall out boy, arctic monkeys, billy talent, avril lavigne, the killers, my chemical romance, the all-american rejects, blink-182, panic! at the disco, travis, green day, afi, the used, james blunt, the kooks, the offspring, the strokes, foo fighters, coldplay, red hot chili peppers, jimmy eat world, simple plan, rihanna, kaiser chiefs, franz ferdinand, oasis, cute is what we aim for, the hives, editors, moby, paramore, taking back sunday, good charlotte, bloc party, funeral for a friend, goldfinger, keane, sum 41
muse, dinosaur jr., the get up kids, the ataris, dashboard confessional, dream theater, dir en grey, rise against, the smashing pumpkins
santana, sade, eels, koop, eagles, eric clapton, amy winehouse, jem, duffy, james morrison, elvis presley, miles davis, norah jones, yann tiersen, die toten hosen, katie melua, amy macdonald, enya, sarah mclachlan, sia, de-phazz, michael bublé, mike oldfield, sting, van morrison, john legend
deerhunter, kanye west, lil wayne, of montreal, animal collective, the decemberists, dr. dre, nirvana, bright eyes, the smiths, bonnie prince billy, sonic youth, notorious b.i.g., serge gainsbourg, grizzly bear, antony and the johnsons, devendra banhart, neil young, outkast, joanna newsom, guided by voices, radiohead
t.i., lil wayne, jay-z, kanye west, mary j. blige, outkast, al green, ludacris, 2pac, nas, common, john legend, usher, dmx, the roots, michael jackson, ne-yo, notorious b.i.g.
neutral milk hotel, aphex twin, sonic youth, pavement, the decemberists, yo la tengo, burial, the books, sigur rós, hot chip, andrew bird, clap your hands say yeah, the radio dept., joanna newsom, m. ward, beirut, calexico, iron & wine, underworld, bonnie prince billy, the shins, devendra banhart, squarepusher, okkervil river
[the specials]
nas, happysad, the offspring, nightwish, akon, shpongle, the game, era, disturbed, the prodigy, paul oakenfold, infected mushroom, abba, t.i., [unknown], 2pac, high contrast, groove coverage, dmx
groove coverage, scooter, bob marley, cascada, the prodigy, yann tiersen, david guetta, benny benassi, modest mouse
cocteau twins, neil young, tori amos, nine inch nails, nina simone, boards of canada, elliott smith, morcheeba, róisín murphy
ill ni?o, koЯn, disturbed, red hot chili peppers, muse, coma
seal, the prodigy, u2, nickelback, metallica, linkin park, red hot chili peppers, disturbed, static-x, kings of leon, koЯn, a perfect circle, evanescence, p.o.d., dido, creed, system of a down, damien rice, dope, gorillaz, the cranberries, james blunt
rise against, apocalyptica, slipknot, immortal, marilyn manson, carcass, rob zombie
the verve, radiohead, oasis, the chemical brothers, babyshambles, interpol, blur, arctic monkeys, editors, queens of the stone age, r?yksopp, beck, hot chip, the smashing pumpkins, pink floyd, soundgarden, adam green, klaxons, bloc party, mando diao, franz ferdinand, jamiroquai, max?mo park, the kills, cansei de ser sexy, crystal castles, richard cheese, the kooks, kaiser chiefs, kasabian, ozzy osbourne, dirty pretty things, black rebel motorcycle club, justice, primal scream, lily allen, stereophonics, placebo, the black keys, travis, the smiths
max?mo park, the killers, the smashing pumpkins, arcade fire, hard-fi, the subways, the pigeon detectives, 65daysofstatic, the jam, the clash, rage against the machine, razorlight, coldplay, duffy, bush, the specials, calvin harris, the rolling stones, the cranberries, james morrison, snow patrol, bj?rk, the police, editors, live, pearl jam, keane, muse, guns n roses, the fratellis, the kooks, kasabian, nirvana, t. rex, franz ferdinand, moby, the pogues
kate bush, the gathering, black label society, archive, god is an astronaut, red hot chili peppers, low, the cinematic orchestra, david bowie, mogwai, lamb, massive attack, dredg, sigur rós, pj harvey, down, rise against, pearl jam, the dillinger escape plan, mot?rhead, mastodon, anathema, foo fighters, audioslave, a perfect circle, koЯn, porcupine tree, explosions in the sky, placebo, paradise lost, coldplay, unkle
cocorosie, billie holiday, frédéric chopin, simon & garfunkel, manu chao, the beatles, die toten hosen, lamb, the beach boys, buena vista social club, the cure, carla bruni
2pac, nickelback, the offspring
maria mena, muse, onerepublic, lacrimosa, nelly furtado, nightwish, shakira, santana
max richter, sigur rós, tori amos, alanis morissette, beirut, andrew bird, regina spektor, cat power, dead can dance, emilíana torrini, yann tiersen, antony and the johnsons, goldfrapp, tegan and sara, sufjan stevens, nina simone, jens lekman, iron & wine, sarah mclachlan, the cranberries, damien rice, ani difranco, snow patrol, kate bush, anna ternheim, rufus wainwright, philip glass, coldplay, joni mitchell, josé gonzález, dave matthews band, barenaked ladies, r.e.m.
the white stripes, tom waits, kate bush, david bowie, radiohead, jeff buckley, the beatles, neil young, talib kweli, bj?rk, the magnetic fields, joni mitchell, neko case, echo & the bunnymen, leonard cohen
behemoth, the hush sound, kreator, slayer, lamb of god, the black dahlia murder, machine head, rage against the machine, dream theater, nile, arch enemy, slipknot, gojira, pantera, the beatles, green day, hatebreed, scar symmetry, rammstein, sodom
the white stripes, franz ferdinand, pink floyd, led zeppelin, the strokes, arctic monkeys, system of a down, creedence clearwater revival, the rolling stones, slayer, red hot chili peppers, the prodigy, beastie boys, the postal service, wolfgang amadeus mozart, the kills, klaxons, richard cheese, streetlight manifesto, interpol, megadeth, pantera
kate bush, abba, michael jackson, alice cooper, david bowie, ozzy osbourne
36 crazyfists, mudvayne, incubus, the used, the offspring, avenged sevenfold, koЯn, billy talent, coma, 30 seconds to mars, slipknot, deftones, finch, disturbed, my chemical romance, alter bridge, linkin park, devildriver, marilyn manson, trivium, flyleaf, sum 41, chimaira, nine inch nails, serj tankian
atb, iron maiden, pain of salvation, u2, pink floyd, tenacious d, nelly furtado, rammstein, bruce springsteen, elton john, james blunt, scorpions, dire straits
sentenced, katatonia, ensiferum, megadeth, dethklok, pantera, blind guardian, bloodbath
joshua radin, the fray, damien rice, mae, coldplay, tegan and sara, the hush sound, death cab for cutie, dashboard confessional, john mayer, mika, norah jones
2pac, atb, ti?sto, chicane, armin van buuren, three days grace, blank & jones, kent, franz ferdinand, hoobastank, lifehouse, ferry corsten, james blunt, 50 cent, parov stelar, timbaland
interpol, evanescence, the strokes, coldplay, the fray, radiohead, death cab for cutie, nickelback, foo fighters, keane, arctic monkeys, sia, spoon, the hives, snow patrol, adele, creed, the killers, razorlight, imogen heap, james blunt, doves, nada surf, los hermanos, elvis presley, amy winehouse, michael bublé, nirvana, ryan adams, the raveonettes, arcade fire, enya, lifehouse, the album leaf, my chemical romance, oasis, eels, jimmy eat world
boards of canada, pearl jam, nine inch nails, the smashing pumpkins, autechre, tori amos, radiohead, the mars volta, bloc party, underworld, at the drive-in, unkle, the ataris, muse, sufjan stevens, vampire weekend, foo fighters, death cab for cutie, aphex twin, architecture in helsinki, daft punk, arcade fire, battles, jeff buckley, m83, the cinematic orchestra, orbital, dj shadow, josé gonzález, electric light orchestra, dinosaur jr.
architecture in helsinki, the flaming lips, jimi hendrix
pendulum, the chemical brothers, flying lotus, jay-z, massive attack, high contrast, 2pac, akira yamaoka, justin timberlake, the cinematic orchestra, st. germain, sneaker pimps, n*e*r*d
misfits, elvis presley, queens of the stone age, johnny cash, social distortion, sublime, rancid, amy winehouse
system of a down, static-x, megadeth, disturbed, tenacious d, nirvana, the offspring, metallica, rammstein, nickelback, slipknot, serj tankian, a perfect circle, koЯn, tool, soundtrack, ill ni?o, mudvayne, stone sour, godsmack, rage against the machine, alice in chains, goo goo dolls, green day, lacuna coil, pantera, staind
[burzum]
m.i.a., apparat, kate bush, the books, the flashbulb
comeback kid, new found glory
pavement, the beatles, the kinks, blondie, kanye west, radiohead, simon & garfunkel, bob dylan, the beach boys, david bowie, bruce springsteen, fleetwood mac, pixies, blink-182, the shins, the pogues, wilco, the mountain goats, andrew bird, coldplay, arcade fire, u2, the strokes, a tribe called quest, tv on the radio, the smashing pumpkins, johnny cash
65daysofstatic, modest mouse, burial, radiohead, mirah, jay-z, jurassic 5, kanye west, band of horses, talib kweli, vampire weekend, the doors, lupe fiasco, justin timberlake, boards of canada, death cab for cutie, hot chip, cansei de ser sexy, flight of the conchords, battles, paul simon, tv on the radio
thievery corporation, jazzanova, the cinematic orchestra, yann tiersen, miles davis
say anything, atmosphere, belle and sebastian, radiohead, the fall of troy, sufjan stevens, iron & wine, underoath, fugazi
r.e.m., the clash, the black keys, john coltrane, talking heads, grateful dead, miles davis, bob dylan, van morrison, elvis costello, radiohead, the beatles, the white stripes, the kinks, django reinhardt, neko case, flogging molly, herbie hancock, sonic youth, pixies
the doors, the cinematic orchestra, pink floyd, nina simone, goldfrapp, amon tobin, jefferson airplane, gotan project, bj?rk, scissor sisters, moloko, madonna, clint mansell, lamb, hot chip, parov stelar, bonobo, yann tiersen, beck, beirut, massive attack, jimi hendrix, jamiroquai, r?yksopp, led zeppelin, aerosmith, buena vista social club, moby, the cranberries, air, infected mushroom, orbital
arcade fire, pixies, ...and you will know us by the trail of dead, yo la tengo, interpol, built to spill, pj harvey, radiohead, sonic youth, pavement, franz ferdinand, the jesus and mary chain, primal scream, new order, my bloody valentine, the verve, ladytron, soundgarden, death cab for cutie, the white stripes, air, portishead, bloc party, coldplay, devo, dinosaur jr., kaiser chiefs, sigur rós, modest mouse, lcd soundsystem, mogwai, nada surf, morcheeba, the gossip, nirvana, blur, massive attack, the smashing pumpkins, the stone roses, the strokes, beck, the dandy warhols, badly drawn boy, editors, the killers, the smiths, the breeders, kasabian, fugazi, joy division, pearl jam
arch enemy, rob zombie, rammstein, marilyn manson, koЯn, subway to sally, apocalyptica, kamelot, slipknot, fear factory, lacrimosa, ozzy osbourne, machine head, cradle of filth, soulfly
sufjan stevens, johnny cash, elliott smith, death cab for cutie, the cure, cat power, radiohead, van morrison, bruce springsteen, fall out boy, interpol, bright eyes, band of horses, lily allen, the shins, the decemberists, underoath, neil young, bloc party, arctic monkeys, bonnie prince billy, paul simon, panic at the disco, the killers, iron & wine, a tribe called quest
alexisonfire, city and colour, bloc party, foo fighters, incubus, the kooks, n*e*r*d, chiodos, nine inch nails, tool, bj?rk, as i lay dying, bush, fall out boy, kanye west, justin timberlake, deftones, lily allen, jamiroquai, coldplay, the streets, madonna, coheed and cambria, funeral for a friend, tori amos, underoath, the get up kids, dredg, enter shikari, bullet for my valentine, timbaland, mark ronson, mika
jack johnson, jason mraz, the strokes
journey, michael jackson, guns n roses, colbie caillat, alanis morissette, billy joel, matchbox twenty, david gray, pearl jam, john mayer, eminem, m?tley crüe, sarah mclachlan, nirvana, fall out boy, the beatles, skid row, maroon 5, eagles, paul mccartney, bon jovi, van halen, the doors, creed, creedence clearwater revival, lifehouse, the shins
bob dylan, in flames, judas priest, megadeth, neil young, mot?rhead, dropkick murphys, metallica, johnny cash, led zeppelin, the beatles, the rolling stones, the who, black sabbath, bruce springsteen, blind guardian, deep purple, pink floyd, thin lizzy, ac/dc, helloween, ramones, iced earth, tom waits, dark tranquillity, slayer, jethro tull, porcupine tree, king crimson, nick cave and the bad seeds, coheed and cambria, miles davis, cream, genesis, dream theater, grateful dead, gamma ray, queen, jimi hendrix, mastodon, eric clapton, finntroll, edguy, david bowie
red hot chili peppers, iced earth, pantera, satyricon, dropkick murphys, killswitch engage, slipknot, finntroll, the cure, iron maiden, gang starr
opeth, bloodbath, alice in chains, lamb of god, a perfect circle, pearl jam, katatonia, slayer, pantera, the gathering, cannibal corpse, lady gaga, slipknot, megadeth, ulver, anathema, isis, down, meshuggah, carcass, riverside, sepultura, chimaira, death, faith no more
sage francis, aesop rock, girl talk, god is an astronaut, alkaline trio, say anything, immortal technique, cursive, nofx, converge, rjd2, wu-tang clan, new found glory, the jimi hendrix experience
rammstein, marilyn manson, koЯn, dark tranquillity, nightwish, epica, system of a down, rob zombie, dimmu borgir, pantera, samael, kamelot, tarja turunen, morbid angel, nine inch nails, slipknot, godsmack, queen, p.o.d., symphony x, dream theater
kent, death cab for cutie, dashboard confessional, paramore, feeder, timbaland, rihanna, fergie, the kooks, evanescence, regina spektor, kanye west, beyoncé, coldplay, nada surf, yellowcard, pink, manic street preachers, guns n roses, kings of leon, good charlotte, jason mraz, nelly furtado, gwen stefani, chris brown, leona lewis, josé gonzález, rise against, shout out louds, audioslave, the white stripes, oasis, akon, the pussycat dolls, abba, avril lavigne, groove coverage, something corporate, taylor swift
ac/dc, the doors, placebo, pink floyd, the velvet underground, m?tley crüe, velvet revolver, deep purple, led zeppelin, nirvana, depeche mode
mos def, marvin gaye, de la soul, jamiroquai, nas, common, bob marley & the wailers, john legend, alicia keys, foo fighters, stevie wonder, amy winehouse, caetano veloso, n*e*r*d, bob marley, george michael, madlib
the smiths, black flag, comeback kid, neutral milk hotel, band of horses, bright eyes, the postal service, tegan and sara, editors, the hives, brand new, bon iver, biffy clyro, the used, death cab for cutie, taking back sunday, bring me the horizon, thursday, the strokes, dashboard confessional, alexisonfire
die ?rzte, pink floyd, oomph!, rammstein, b?hse onkelz, deep purple, guano apes, queen, depeche mode, apoptygma berzerk, within temptation, kylie minogue, black sabbath, ac/dc, einstürzende neubauten, pink, papa roach, in extremo, die toten hosen, genesis, nightwish, jethro tull, vnv nation, koЯn
johann sebastian bach, death cab for cutie, the beatles, guns n roses, metallica, john coltrane, bob dylan
avenged sevenfold, children of bodom, in flames, sonata arctica, stratovarius, linkin park, norther, metallica, iron maiden, cradle of filth, sentenced, ensiferum, killswitch engage, helloween, dire straits, elvis presley, dragonforce, him, john williams, dio, system of a down, slipknot, lamb of god, nightwish, misfits, richard cheese, the 69 eyes, finntroll
the beatles, of montreal, iron & wine, the decemberists, elliott smith, dashboard confessional, kings of convenience, sufjan stevens, the shins, biffy clyro, the smiths, fleetwood mac, jens lekman, the magnetic fields, rufus wainwright, belle and sebastian, stars, ben folds five, rilo kiley, ben folds, pavement, blur, ...and you will know us by the trail of dead, death cab for cutie, radiohead, the new pornographers, the get up kids
radiohead, belle and sebastian, regina spektor, the white stripes, kate nash, the dresden dolls, death cab for cutie, the beatles, danny elfman, bon iver, norah jones, coldplay, cat power, arctic monkeys, lily allen, the doors
junior boys, manic street preachers, faith no more, the shins, anberlin, the strokes, girl talk, phoenix, justice, broken social scene, refused, tv on the radio, something corporate, queens of the stone age, stone temple pilots, minus the bear, alice in chains, beastie boys, jimmy eat world, bad brains, doves, misfits, the stone roses, beck, the brian jonestown massacre, cut copy, bloc party, oasis, nas, supergrass, descendents, the rapture, jay-z, talib kweli, primal scream, the verve, thrice, gang starr, stars, black flag, radiohead, mos def, spoon, sublime, ...and you will know us by the trail of dead, modest mouse, pavement, the get up kids, black rebel motorcycle club, blur, cunninlynguists, editors
the beatles, afi, new found glory, brand new, my chemical romance, comeback kid, death cab for cutie, the decemberists, jimmy eat world, paramore, sufjan stevens, blink-182, underoath, the ataris, ben folds, thrice, finch, muse, as i lay dying, taking back sunday
daft punk, foo fighters, red hot chili peppers, the kooks, the go! team, green day, eminem, pearl jam, black eyed peas, justice, flight of the conchords, audioslave, franz ferdinand, michael bublé, charlie parker, gorillaz, oasis, r.e.m., ennio morricone, outkast, pinback, santana
garbage, a perfect circle, coldplay, goo goo dolls, deftones, nine inch nails, the smashing pumpkins, frou frou, broken social scene, sigur rós, radiohead, explosions in the sky
death from above 1979, 50 cent, bob marley, snoop dogg, common, 65daysofstatic, the roots, nas, de la soul, bonobo
in flames, from autumn to ashes, a perfect circle, nas, alice in chains, tool, 30 seconds to mars, bush, dave matthews band, 3 doors down, dmx, fear factory, chevelle, nirvana, ryan adams, katatonia, mobb deep, third eye blind, eric clapton, 311, mudvayne
lifehouse, michael bublé, elvis presley, prince, nelly furtado, stereophonics, linkin park, amy winehouse, frank sinatra, sting
gotan project, buena vista social club, moby, édith piaf, tom waits, james blunt, pink floyd, chico buarque, metallica, morphine
the pogues, flogging molly, dropkick murphys, madness, the clash, ramones, oasis, amy winehouse, the specials, the jam, bob marley & the wailers, arctic monkeys, minor threat, rancid, gogol bordello
new order, the jesus and mary chain, joy division, pixies, the who, muse, the cure, primal scream, the smiths, editors, iggy pop, misfits, the clash, the beach boys, the rolling stones, the sounds, pj harvey, the raveonettes, echo & the bunnymen, mot?rhead, t. rex, le tigre, ska-p, black sabbath
boards of canada, death, the beatles, god is an astronaut, joe satriani, 65daysofstatic, katatonia, the offspring, explosions in the sky, gojira, underoath, tool, nile, m83, staind, mogwai, autechre, cannibal corpse, morbid angel, angels & airwaves, my dying bride, slayer, behemoth, blink-182, caliban, as i lay dying, 3 doors down, deep purple, meshuggah, opeth, deftones, all that remains
the breeders, pixies, david bowie, peter bjorn and john, bright eyes, deerhoof, bloc party, broken social scene, bj?rk, cat power, minor threat, fugazi, siouxsie and the banshees, kimya dawson, melvins, danny elfman
jazzanova, the cinematic orchestra, koop, jamiroquai, the chemical brothers, r?yksopp, basement jaxx, dj shadow, josé gonzález, red hot chili peppers, nightmares on wax, fatboy slim
incubus, jack johnson, animal collective, 311, andrew bird, stars, the beatles, sigur rós, radiohead, beck, john mayer, joni mitchell, the smashing pumpkins, iron & wine, thievery corporation, brand new, massive attack, the arcade fire, devendra banhart, third eye blind, sublime, death cab for cutie, minus the bear, nick drake, tv on the radio, kanye west, the shins, circa survive, broken social scene, bob marley & the wailers, led zeppelin, explosions in the sky, gorillaz, bright eyes, damien rice, pink floyd, the mountain goats
taylor swift, the used, my chemical romance, taking back sunday, hans zimmer, fall out boy, the academy is..., dashboard confessional, the get up kids, evanescence, jason mraz, boys like girls, sum 41, afi, danny elfman
manu chao, gentleman, bob marley
megadeth, testament, manowar, judas priest, slayer, misfits, the weakerthans
counting crows, u2, howard shore, weezer, the fray, ben harper, ben folds, air, david gray, the killers, jack johnson, avril lavigne, moby, the decemberists, ludwig van beethoven, snow patrol, maroon 5
aphex twin, black flag, pj harvey, boards of canada, the jimi hendrix experience, black sabbath, nirvana, the raconteurs, jimi hendrix, sigur rós, deftones, brian eno, queens of the stone age, burzum, the doors, ac/dc, coldplay, the gathering, cat power
pain of salvation, him, anathema, morcheeba, bob marley, placebo, limp bizkit, moloko, sentenced, metallica, dream theater, paradise lost, koЯn, radiohead, katatonia, cake, opeth, portishead, the cure, led zeppelin, morrissey, muse, moonspell, pink floyd, skinny puppy, linkin park, massive attack, clint mansell
lifehouse, frank sinatra, radiohead, foo fighters, elvis presley, metallica, wolfgang amadeus mozart, ludwig van beethoven, the rolling stones, stone temple pilots, led zeppelin, the shins, the offspring, linkin park, silverchair, bob marley, the cure, red hot chili peppers, ac/dc, r.e.m., the strokes, incubus, johann sebastian bach, the smashing pumpkins, the all-american rejects, arctic monkeys, bon jovi, audioslave, the cranberries, def leppard, depeche mode, blur, u2
antonio vivaldi, queen, enya, billy joel, genesis, philip glass
avril lavigne, kelly clarkson, t.a.t.u., britney spears, céline dion, christina aguilera, ashlee simpson, hilary duff, mariah carey, jennifer lopez, kylie minogue, backstreet boys, nelly furtado, spice girls
cansei de ser sexy, emilíana torrini, phoenix, metric, tokyo police club, death cab for cutie, coldplay, kings of leon, ben folds, bloc party, tegan and sara, broken social scene, spoon, sia, arcade fire, lupe fiasco, fall out boy, alexisonfire, kings of convenience, crystal castles, boards of canada, al green, lily allen, beastie boys, paramore, vampire weekend, bob dylan, saves the day, cold war kids, gorillaz, nouvelle vague, arctic monkeys, the kooks, the smashing pumpkins, mogwai, lcd soundsystem, shout out louds, justice, kanye west, stars
tool, pink floyd, radiohead, pixies, queens of the stone age, god is an astronaut, kyuss, yeah yeah yeahs, death from above 1979, the black keys, rage against the machine, explosions in the sky, fleet foxes, led zeppelin, creedence clearwater revival, eagles of death metal, the strokes, 65daysofstatic, mogwai, the cribs, black rebel motorcycle club, death cab for cutie, the hives
manic street preachers, the smiths, bruce springsteen, joy division, tori amos, johnny cash, the doors, pj harvey, radiohead, regina spektor, the radio dept., belle and sebastian, tom petty and the heartbreakers, david bowie, rilo kiley, placebo, echo & the bunnymen, bright eyes, blonde redhead, the sisters of mercy, the smashing pumpkins, jeff buckley, antony and the johnsons, jens lekman, r.e.m., josé gonzález, nina simone, anna ternheim, tom waits, cat power
evanescence, britney spears, the pussycat dolls, mariah carey, avril lavigne, colbie caillat, madonna, pink, gwen stefani, beyoncé, cascada, kelly clarkson, t.a.t.u., paramore, linkin park, shakira, kylie minogue, hilary duff, rihanna, black eyed peas, nelly furtado, my chemical romance, keane, fergie, lily allen, maroon 5, coldplay, david guetta, spice girls, justin timberlake, timbaland
subway to sally, serj tankian, within temptation, sentenced, sonata arctica, schandmaul, in extremo, system of a down, blind guardian, avantasia, queen, rammstein, nightwish, edguy, t.a.t.u., tarja turunen, bullet for my valentine, lacrimosa, linkin park, lacuna coil, groove armada, marilyn manson, him, david guetta, iron maiden, emilie autumn, evanescence, therion
manu chao, queen, [unknown], frank sinatra, metallica, shpongle, miles davis, amon tobin, the doors
coldplay, chris brown, corinne bailey rae, lupe fiasco, bon jovi, rihanna, fergie, james blunt, the fray, counting crows, the notwist, ice cube, black eyed peas, janet jackson, adele, bruce springsteen, u2, busta rhymes, gwen stefani, colbie caillat, common, eminem, duffy, t.i., 50 cent, snoop dogg
duffy, adele, amy winehouse, queen, feist, the beatles, madonna, elvis presley, coldplay, michael jackson, foo fighters, amy macdonald, kate nash, jamie cullum, flight of the conchords, max?mo park, muse, abba, green day, damien rice, kate bush, the sounds, mika, arcade fire, tori amos, scissor sisters, nina simone, faithless, red hot chili peppers, bon jovi, lily allen, paolo nutini, the kooks, eagles, aretha franklin, john mayer, the ting tings, franz ferdinand, kings of convenience
killswitch engage, the hellacopters, at the gates, muse, atreyu, dream theater, sonic syndicate, trivium, edguy, meshuggah, amon amarth, behemoth, the jimi hendrix experience, the doors, coldplay, king crimson, black sabbath, iron maiden, scorpions, mastodon
bonnie prince billy, cat power, the magnetic fields, interpol, calexico, neil young, ryan adams, iron & wine, bob dylan, sufjan stevens, fleet foxes, amy winehouse, outkast, the raconteurs, leonard cohen, the white stripes, nick cave and the bad seeds, elliott smith, fleetwood mac, m. ward, feist
circa survive, aesop rock, ghostface, city and colour, band of horses, burial, atmosphere, chiodos, atreyu, green day, deftones, the cure, enter shikari, the shins, saosin, the offspring, alexisonfire, underoath, blur, from autumn to ashes, the mars volta, as i lay dying, kings of leon
rise against, linkin park, rage against the machine, my chemical romance, anti-flag, nofx, social distortion, afi, billy talent, jurassic 5, sum 41, disturbed, mando diao, audioslave, arctic monkeys, system of a down, serj tankian, franz ferdinand, slipknot, green day, flogging molly, rancid, rammstein, seether, the offspring, the strokes, soulfly, beastie boys, jack johnson, kaiser chiefs, dropkick murphys, the used, the killers, rjd2, red hot chili peppers, shiny toy guns, papa roach, the sounds, die ?rzte, comeback kid
[[unknown]]
kreator, slayer, machine head, metallica, sepultura, vader, dark tranquillity, children of bodom, sodom, dimmu borgir, soulfly, eluveitie, opeth, devildriver, at the gates, in flames
the knife, the black keys, serge gainsbourg, the pipettes, sonic youth, devendra banhart, lcd soundsystem, hot chip, deerhunter, queens of the stone age, the beach boys, the velvet underground, hercules and love affair, the smiths, ennio morricone, daft punk, belle and sebastian, the doors, m.i.a.
the smiths, sonic youth, pixies, the cure, stone temple pilots, pearl jam, dinosaur jr., placebo, babyshambles, pulp, garbage, alice in chains, nine inch nails, velvet revolver, r.e.m., the hives, red hot chili peppers, foo fighters, rob zombie
mos def, jay-z, the roots, kanye west, talib kweli, the game, busta rhymes, dmx, t.i., eminem, mobb deep, notorious b.i.g., dr. dre
ratatat, say anything, minus the bear, foals, tokyo police club, klaxons, radiohead, battles, spoon, streetlight manifesto, arctic monkeys, tegan and sara, daft punk, chiodos, girl talk, the rapture, crystal castles, nine inch nails, gym class heroes, thursday, enter shikari, the fall of troy, the kooks, the dillinger escape plan, panic at the disco, thrice, architecture in helsinki
boards of canada, the prodigy, explosions in the sky, the flashbulb, nirvana, linkin park, p.o.d., sigur rós, nickelback, enigma, aphex twin, green day, max richter, múm, the future sound of london, bob marley, deftones, brian eno, tool, sum 41, god is an astronaut, burial, radiohead
sade, michael jackson, linkin park, beck, [unknown], eagles
broken social scene, the faint, the decemberists, death cab for cutie, editors, mgmt, the knife
fleet foxes, jamie cullum, the beach boys, rufus wainwright, counting crows, sigur rós, death cab for cutie, belle and sebastian, kanye west, fischerspooner, architecture in helsinki, daft punk, doves, elbow, keane, nick drake, paul mccartney, hot chip, buena vista social club, john legend, pink floyd, beirut, sia, the notwist, gotan project, thom yorke
story of the year, the beatles, trivium, avenged sevenfold, linkin park, mae
parkway drive, rise against, comeback kid, as i lay dying, from autumn to ashes, killswitch engage, bring me the horizon, atreyu, silverstein, tenacious d, clueso, beatsteaks, the fall of troy, underoath, city and colour, a day to remember, billy talent, linkin park, ignite
cradle of filth, killswitch engage, soilwork, bullet for my valentine, red hot chili peppers, arch enemy, tool, the smashing pumpkins, dark tranquillity, rush, rise against, linkin park, atreyu, nine inch nails, rob zombie, paramore, goo goo dolls, marilyn manson, static-x, tenacious d, michael jackson, children of bodom, matchbox twenty, dimmu borgir, the haunted, dragonforce, metallica, slayer
kult, red hot chili peppers, hey, sneaker pimps, placebo, kosheen, emilie simon, happysad, taylor swift, akurat, muse, norah jones, the bravery, the cranberries, pid?ama porno, yann tiersen, kaiser chiefs, amy macdonald, beirut, franz ferdinand, myslovitz, moloko, morcheeba, ladytron, travis, katie melua, the killers, linkin park, 3 doors down, sia, the kooks, the knife, billy talent, maroon 5, three days grace, nirvana, iamx, fall out boy
dj shadow, thievery corporation, jack johnson, gentleman, ben harper, madlib, [unknown], sean paul, r?yksopp, nelly furtado, boards of canada, morcheeba, nina simone, jedi mind tricks, joss stone, the streets, rjd2, kings of convenience, amy winehouse, the roots, ghostface, beastie boys
the faint, elbow, emery, doves, cursive, tool, sufjan stevens, mew, kate bush, the smashing pumpkins, interpol, sigur rós, finch, t.i., panic at the disco, fall out boy, radiohead, daft punk, andrew bird, green day, ghostface, the knife, my chemical romance, iron & wine, dashboard confessional, coldplay, linkin park, the all-american rejects, a perfect circle, ryan adams, girl talk, third eye blind, animal collective, kasabian, jimmy eat world, foo fighters, neko case
neko case, depeche mode, the beatles, nina simone, r.e.m., the mountain goats, talking heads, pearl jam, the rolling stones, nick cave and the bad seeds, tom waits, the pogues, kimya dawson, pj harvey, massive attack, portishead, the white stripes, bob dylan, the new pornographers, serge gainsbourg, leonard cohen, tricky, wilco, james brown, pulp, simon & garfunkel, broken social scene, ramones, morphine, fleetwood mac, django reinhardt, radiohead, garbage, faithless, devendra banhart, peaches, neil young, elvis presley
the decemberists, bright eyes, mirah, elliott smith, lily allen, emilíana torrini, franz ferdinand, u2, coldplay, the police, iron & wine, simon & garfunkel, yeah yeah yeahs, ani difranco, regina spektor, duran duran, pj harvey, cat power, bob marley, sufjan stevens, jefferson airplane, neil young, the beatles, hot hot heat, spoon, the arcade fire, ok go, soundtrack, kanye west
underworld, pet shop boys, daft punk, the police, burial, van halen, a-ha, t. rex, aerosmith, the beatles, scooter, kraftwerk, n*e*r*d, jimmy eat world, prince, phil collins
bloodbath, 65daysofstatic, isis, mogwai, porcupine tree, wu-tang clan, beastie boys, opeth, soulfly, primus, jefferson airplane, nile, philip glass, dj shadow, led zeppelin, riverside, god is an astronaut
the zombies, the magnetic fields, pink floyd, r.e.m., radiohead, king crimson, kraftwerk, muse, pixies, neko case, flogging molly, the mars volta, grateful dead, devo, frank zappa, death cab for cutie, shiny toy guns, genesis, air, the who, bj?rk, justice, nine inch nails
beck, pavement, prince, queens of the stone age, the black keys, pink floyd, cream, pixies, john mayer, the jimi hendrix experience, gnarls barkley, miles davis, jason mraz
abba, deep purple, barenaked ladies, black sabbath, metallica, dio, the beatles, santana, iron maiden, the cranberries, led zeppelin, joe satriani, neil young, placebo, ac/dc, rainbow, nightwish, cat stevens
placebo, radiohead, my chemical romance, good charlotte, matchbox twenty, billy talent, subway to sally, rammstein, the used, kamelot, depeche mode, maroon 5, schandmaul, red hot chili peppers, serj tankian, 3 doors down, 30 seconds to mars, dream theater, emery, from first to last, killswitch engage, koЯn, dir en grey, the smashing pumpkins, coldplay, snow patrol, a fine frenzy, blink-182, taking back sunday, plain white ts, the smiths
moloko, myslovitz, lenny kravitz, the fratellis, no doubt, aerosmith, jamie cullum, franz ferdinand, queen, the fray, feist, coldplay, soundtrack, maroon 5, sigur rós, interpol, red hot chili peppers, damien rice, norah jones, robbie williams, arctic monkeys, amy winehouse, the beatles, simon & garfunkel, regina spektor, gorillaz, mika, édith piaf, joss stone, michael bublé, fiona apple, bee gees, gotan project, morcheeba, nouvelle vague
nick cave and the bad seeds, einstürzende neubauten, tom waits, pj harvey, bj?rk, ladytron, the future sound of london, dead can dance, antony and the johnsons, depeche mode
inxs, iamx, nick cave and the bad seeds, massive attack, muse, electric six, sneaker pimps, david bowie, joy division, kylie minogue, duran duran, paradise lost, dead can dance, marilyn manson, placebo, portishead, einstürzende neubauten, black rebel motorcycle club, u2, the prodigy, porcupine tree, underworld, tricky, the smashing pumpkins, new order, dj krush, pink floyd, clint mansell
akon, blink-182, lady gaga, talib kweli, t.i., the offspring, linkin park, the fray, sum 41, kanye west, the killers, papa roach, placebo, atmosphere, good charlotte, bloc party, muse, the white stripes, belle and sebastian, coldplay
oasis, cansei de ser sexy, the shins, bloc party, the go! team, nada surf, ben harper, of montreal, peter bjorn and john
public enemy, the fall, burial, crystal castles, tom waits, autechre, sonic youth, a tribe called quest, neil young, stereolab, the pogues, ramones, einstürzende neubauten, devo, boards of canada, pet shop boys, deerhunter
the pussycat dolls, rihanna, céline dion, onerepublic, beyoncé, enrique iglesias, jimmy eat world, nelly furtado, maroon 5, timbaland, james morrison, leona lewis, amy winehouse, avril lavigne, taylor swift, chris brown, jason mraz, relient k, 30 seconds to mars, bonobo, goo goo dolls, nickelback, the fray, ne-yo, air, boards of canada, frou frou, massive attack, moby, sigur rós, hilary duff, usher, r?yksopp, aphex twin
rufus wainwright, red hot chili peppers, the beatles, lupe fiasco, the shins, m83, chet baker, interpol, death cab for cutie, john frusciante, against me!, girl talk, herbie hancock, jeff buckley, dashboard confessional, ben folds five
system of a down, koЯn, disturbed, akurat, nine inch nails, the cure, p.o.d., damian marley, bob marley, sabaton, bring me the horizon, papa roach, children of bodom, coma, the offspring, bob marley & the wailers
sara bareilles, jack johnson, janet jackson, mariah carey, hilary duff, nickelback, lady gaga, the pussycat dolls, natasha bedingfield, chris brown, jason mraz, craig david, nelly furtado, ashlee simpson, britney spears, mary j. blige, jordin sparks, fergie, joss stone, maroon 5
angels & airwaves, blink-182, new found glory, the ataris, groove coverage, dream theater, sum 41, basshunter
metallica, daft punk, the dillinger escape plan, the beatles, die ?rzte, hans zimmer, my dying bride
the hives, razorlight, billy talent, red hot chili peppers, arctic monkeys, dirty pretty things, bloc party, the kooks, the strokes, gnarls barkley, the clash, hard-fi, seeed, mando diao, franz ferdinand, coldplay, muse, peaches, kanye west, the raconteurs, scissor sisters, bloodhound gang, beatsteaks, kings of leon, kaiser chiefs, foo fighters, lily allen, nelly furtado, architecture in helsinki, incubus, volbeat, gwen stefani, the fratellis
the killers, coldplay, incubus, sigur rós, death cab for cutie, the kooks, elbow, the smashing pumpkins, modest mouse, shakira, elvis costello, peter gabriel, stars, shiny toy guns, the ting tings
pink martini, kylie minogue, rufus wainwright, édith piaf, goldfrapp, pj harvey, madonna, billy joel, fleetwood mac, andrew lloyd webber, robbie williams, katy perry, aretha franklin
eagles of death metal, foo fighters, system of a down, kings of convenience, beatsteaks, blink-182, coldplay, city and colour, incubus, r.e.m., godsmack, jimi hendrix, peter fox, serj tankian, green day, bullet for my valentine, richard cheese, 3 doors down, tenacious d
abba, depeche mode, bruce springsteen, duran duran, dire straits
b?hse onkelz, lagwagon, blink-182, bloc party, limp bizkit, ti?sto, nofx, rancid, rammstein, the offspring, koЯn, deftones, rage against the machine, die ?rzte, system of a down, millencolin, green day, the prodigy, nada surf, red hot chili peppers, bloodhound gang, sum 41, 50 cent, flyleaf, clueso, coldplay, ac/dc, afi, the kooks
band of horses, tool, interpol, the haunted, snow patrol, anna ternheim, arctic monkeys, wu-tang clan, mobb deep, burial, placebo, thrice, deftones, the killers, gang starr, bloodhound gang, she wants revenge, mew, peaches, the knife, the presets, digitalism, chevelle, booka shade, foals, ghostface, hot chip, the prodigy, drowning pool, nine inch nails, ramones, a perfect circle, radiohead, incubus, nirvana, ill ni?o, him
alice in chains, alanis morissette, paramore, rise against, jeff buckley, three days grace, system of a down, lady gaga, pearl jam, kings of leon, creedence clearwater revival, marilyn manson, soundgarden, m?tley crüe, nickelback, panic at the disco, aerosmith, kelly clarkson, metallica, creed, avril lavigne, u2, dido, bon jovi, maroon 5, john mayer, ac/dc, flyleaf, foo fighters, journey, katy perry, lynyrd skynyrd, travis, queen, evanescence, the white stripes, jason mraz, 30 seconds to mars, nirvana, avenged sevenfold, sarah mclachlan, drowning pool, serj tankian
air, pantera, madonna, tracy chapman, system of a down
incubus, faithless, blur, the ting tings, coldplay, adele, fischerspooner, télépopmusik, the chemical brothers, radiohead, rob zombie, lenny kravitz, underworld, the cranberries, red hot chili peppers, kings of leon, thievery corporation, depeche mode, oasis, aerosmith, the dandy warhols, r?yksopp, the smashing pumpkins, morcheeba, damien rice, lcd soundsystem
nine inch nails, rjd2, sigur rós, andrew bird, the dandy warhols, the shins, the dresden dolls, goldfrapp, cat stevens, animal collective, mos def, pixies, the beatles, muse, gorillaz, rihanna, the flaming lips, michael jackson, the doors, boards of canada, nouvelle vague, mika, nina simone, emilie simon, regina spektor, amon tobin, brian eno, billie holiday, supertramp, jason mraz
rammstein, combichrist, system of a down, slipknot, linkin park, beatsteaks, koЯn, nine inch nails, vnv nation, paradise lost, the crystal method, the chemical brothers, schandmaul
the beatles, black sabbath, metallica, the doors, iron maiden, pink floyd, kiss, rage against the machine, sepultura, paul mccartney, mot?rhead, ac/dc, king crimson, led zeppelin, cream, blondie, slayer, deep purple, the rolling stones, tom waits, testament, pantera, melvins, ramones, the velvet underground, jimi hendrix, cat power, linkin park, sonic youth, the clash, santana, john lennon, the jimi hendrix experience, the cure, kyuss, nirvana, judas priest, death, bob dylan, foo fighters
minus the bear, bob marley & the wailers, notorious b.i.g., pink floyd, cursive, jedi mind tricks, immortal technique, mogwai, aesop rock, dr. dre
armin van buuren, iron maiden, in flames, ferry corsten, above & beyond, delerium, atb, chicane, children of bodom, the prodigy, r?yksopp, scooter, metallica, paul oakenfold, lacuna coil, scorpions
timbaland, eminem, michael jackson, slipknot, hoobastank, queens of the stone age, breaking benjamin, modest mouse, nine inch nails, the rolling stones, foo fighters, n*e*r*d, paramore
panic at the disco, my chemical romance, john mayer, cobra starship, gym class heroes, kings of leon, the academy is..., the hush sound, foo fighters, soundtrack, regina spektor, ella fitzgerald, aerosmith, the dresden dolls, manic street preachers, louis armstrong, sneaker pimps, no doubt, 3 doors down
sufjan stevens, sigur rós, broken social scene, black flag, m83
the decemberists, maroon 5, breaking benjamin, panic! at the disco, sugarcult, nickelback, nelly furtado, stone sour, simple plan
architecture in helsinki, sigur rós, modest mouse, the album leaf, kings of convenience, mudvayne, death cab for cutie, akira yamaoka, deerhoof, dir en grey, explosions in the sky, marilyn manson, fugazi, pinback, bloc party, breaking benjamin, deftones, circa survive
john mayer, arctic monkeys, red hot chili peppers, the killers, ac/dc, metallica, jamiroquai, bruce springsteen, michael jackson, band of horses, norah jones, the arcade fire, bob marley & the wailers, elvis presley, mew, the doors, rage against the machine, justin timberlake, led zeppelin, prince, the beatles, u2, daft punk, the libertines, creedence clearwater revival
delerium, enigma, apocalyptica, joe satriani, [unknown], metallica, moby, ludwig van beethoven
the strokes, franz ferdinand, lcd soundsystem, the clash, daft punk, the rapture, the presets, david bowie, tv on the radio, modest mouse, interpol, electric six, r?yksopp, cansei de ser sexy, justice, mgmt, kaiser chiefs, air, fatboy slim, death from above 1979, gorillaz, battles, flight of the conchords, beck, simian mobile disco, kings of leon, goldfrapp, pixies, girl talk, mylo, the chemical brothers
tortoise, miles davis, bj?rk, the zombies, johnny cash, billie holiday, britney spears, al green, fiona apple, james brown, charlie parker, the magnetic fields, the shins, queen, dj shadow, michael jackson, nina simone, otis redding, kanye west, the velvet underground, john coltrane, radiohead
dropkick murphys, elvis presley, johnny cash, social distortion, [unknown]
antony and the johnsons, moby, patrick wolf, rammstein, damien rice, placebo, the white stripes, chromeo, cocorosie, rufus wainwright, radiohead, gorillaz, goldfrapp, digitalism, kate nash, the verve, bat for lashes, tori amos, scissor sisters, sigur rós, klaxons
chromeo, iamx, depeche mode, t.a.t.u., kent, rihanna, placebo, him, ladytron, kelly clarkson, kraftwerk, outkast, the cure, daft punk, bat for lashes, bj?rk, the cardigans, oomph!, pink, kanye west, michael bublé, morrissey, nelly furtado, chamillionaire, tori amos
silverstein, senses fail, from first to last, the used, chiodos, a day to remember, motion city soundtrack, alesana, saosin, the academy is..., against me!, escape the fate, circa survive, anti-flag, paramore, atreyu, from autumn to ashes, less than jake, rancid, story of the year, sugarcult
armin van buuren, paul van dyk, madonna, kylie minogue, ti?sto, mariah carey, above & beyond, ferry corsten
combichrist, vnv nation, skinny puppy, weezer, mudvayne, interpol, the smashing pumpkins, muse, mastodon, slipknot, system of a down, static-x, the killers, 36 crazyfists, the cure, radiohead, the presets
death cab for cutie, the hush sound, frédéric chopin, muse, the veronicas, britney spears, frou frou, coldplay, something corporate, kanye west, shiny toy guns, the killers, metric, the last shadow puppets, rihanna, the dandy warhols, paramore
muse, various artists, paramore, fatboy slim, david guetta, jamiroquai, portishead, basement jaxx, delerium, faithless, paul van dyk, massive attack, paul oakenfold, kosheen
lady gaga, the sounds, philip glass, pet shop boys, the killers, danny elfman, lily allen, david bowie, santogold, britney spears, thomas newman, ladytron, t.i., flo rida
siouxsie and the banshees, bauhaus, david bowie, skinny puppy, nick cave and the bad seeds, the sisters of mercy, depeche mode, joy division, garbage
the strokes, jimmy eat world, the flaming lips, the killers, minus the bear, dashboard confessional, sufjan stevens, led zeppelin, underoath, switchfoot, coldplay, bloc party, kings of leon, the white stripes, angels & airwaves, death cab for cutie, arcade fire, bright eyes, silverchair, danny elfman, jet
elliott smith, broken social scene, kings of convenience, bj?rk, blonde redhead, of montreal, tv on the radio, mogwai, franz ferdinand, interpol, the notwist, beirut, radiohead, emilie simon, queens of the stone age, godspeed you! black emperor, deerhoof, billie holiday, sonic youth, gotan project, pavement, explosions in the sky, stereolab, animal collective
belle and sebastian, bon iver, kimya dawson, beirut, yann tiersen, atmosphere, bright eyes, iron & wine, wilco, the mountain goats, adam green, josé gonzález, they might be giants, múm, mgmt, devendra banhart, jens lekman, the national, grateful dead, bob dylan, creedence clearwater revival, neko case, neil young
katatonia, nightwish, eluveitie, bathory, darkthrone, in flames, avantasia, ulver, korpiklaani, meshuggah, agalloch
[dir en grey]
animal collective, arcade fire, weezer, wilco, the beach boys, tv on the radio, vampire weekend, the fratellis, the clash, shout out louds, the national, the pipettes, lcd soundsystem, santogold, r.e.m., kylie minogue, the new pornographers, sigur rós, the libertines, u2, manu chao, radiohead, bon iver, elliott smith, blondie, basement jaxx, daft punk, of montreal, m.i.a., coldplay, architecture in helsinki, the flaming lips, neutral milk hotel, the shins, blur, outkast, the ting tings, van morrison
the prodigy, common, hot chip, the game
belle and sebastian, the fall, buzzcocks, the beatles, elvis costello, elliott smith, david bowie, pavement, pink floyd, the clash, bad brains, the new pornographers, tom waits, the flaming lips, calexico
judas priest, breaking benjamin, killswitch engage, rhapsody of fire, as i lay dying, children of bodom, nightwish, justice, infected mushroom, avantasia, norther, ac/dc, arctic monkeys, avenged sevenfold, cradle of filth, angra, disturbed, 3 doors down, foo fighters, katy perry, metallica, bowling for soup, atreyu, amon amarth, lady gaga, linkin park, afi, the killers, the used, bullet for my valentine, dragonforce, opeth, tool, ti?sto
say anything, jack johnson, ac/dc, the rolling stones, john mayer, blink-182, lynyrd skynyrd, johnny cash, the beach boys, eric clapton, jimi hendrix, eagles, green day, pink floyd, the who, bullet for my valentine, van morrison, dragonforce, red hot chili peppers, creed, sigur rós, my chemical romance, van halen, avenged sevenfold, fall out boy, dave matthews band, the decemberists, kings of leon, coldplay, goo goo dolls, creedence clearwater revival, rush, lenny kravitz, lifehouse
beastie boys, oasis, the beatles, keane, jack johnson, velvet revolver, matisyahu, mika
[iron maiden]
robbie williams, leonard cohen, kt tunstall, duran duran, red hot chili peppers, guns n roses, sting, ray charles, nirvana, nina simone, 30 seconds to mars, the smashing pumpkins, bob dylan, coldplay, creedence clearwater revival, blondie, queen
u2, bruce springsteen, radiohead, ryan adams, interpol, abba, the smashing pumpkins, andrew bird, bj?rk, kent, r.e.m., the beatles, david bowie, the shins, imogen heap, arcade fire, bob dylan, beirut, architecture in helsinki, cansei de ser sexy, coldplay, cocorosie, ...and you will know us by the trail of dead, pearl jam, feist, the national, the pogues, steely dan, the go! team, editors, sigur rós, elton john, modest mouse, rufus wainwright, kate bush, wilco, final fantasy, stevie wonder, anna ternheim, devendra banhart
nofx, bad religion, pennywise, dead kennedys, the clash, black flag, misfits, lou reed, rancid, sex pistols, the velvet underground, anti-flag, the bouncing souls, the distillers
black sabbath, the police, pantera, anthrax, cocteau twins, rush, testament, judas priest, the doors
nofx, lagwagon, bad religion, blink-182, nirvana, the offspring, afi, pantera, bob marley & the wailers, system of a down, dream theater, blind guardian, children of bodom, sum 41, joe satriani, rancid, slayer, fear factory, red hot chili peppers, george michael, rise against
aerosmith, r?yksopp, stevie wonder, lenny kravitz, sheryl crow, queen, abba, beyoncé, foo fighters, meshuggah, prince, infected mushroom, bob marley & the wailers, lily allen, the streets, erykah badu, the cardigans
john williams, ben folds, the beatles, manic street preachers, billy joel, queen, ben folds five, david bowie, eels, enya, duran duran, simon & garfunkel, robbie williams, aerosmith, beck, rufus wainwright, sufjan stevens, bon jovi, sting, the who, belle and sebastian
my morning jacket, the beatles, tom waits, the pogues, deerhoof, the smiths, spoon, david bowie, the clash, bonnie prince billy, the mountain goats, pavement, the weakerthans, van morrison, ghostface, queen, the radio dept., ramones, serge gainsbourg, phoenix, deerhunter, shout out louds, the pipettes, the kinks, the rolling stones, talking heads, bob dylan
akon, chris brown, t.i., nelly, mariah carey, rihanna, usher, kanye west, ne-yo, lil wayne, justin timberlake, 50 cent, sean paul, linkin park, relient k, beyoncé, the pussycat dolls, the all-american rejects, jay-z, lady gaga, hellogoodbye, ludacris, timbaland, fergie
the smashing pumpkins, 30 seconds to mars, the killers, britney spears, metro station, muse, katy perry, [unknown], maroon 5, christina aguilera, taylor swift, jonas brothers, t.a.t.u., the hush sound, anberlin, placebo, incubus, hilary duff, the all-american rejects, lady gaga, dashboard confessional, the used, yellowcard, kylie minogue, lily allen
sting, barenaked ladies, scissor sisters, billy joel, u2, dead can dance, cake, seal, the beatles, the cure, phil collins, queen, the police, tom petty and the heartbreakers, she wants revenge, red hot chili peppers, evanescence, r.e.m., madonna, no doubt, enya, aerosmith, franz ferdinand, prince, simon & garfunkel
jason mraz, girl talk, interpol, incubus, muse, kate bush, cute is what we aim for, katy perry, jamie cullum, the fray, dashboard confessional, fall out boy, jethro tull, talking heads, imogen heap, camel, michael bublé, mika, linkin park, maroon 5, james blunt
fear factory, the prodigy, marilyn manson, queens of the stone age, black eyed peas, jamiroquai, venetian snares, combichrist, green day, basement jaxx, koЯn, rob zombie, cradle of filth, kmfdm, biffy clyro, the smiths, bloc party, rage against the machine, beyoncé, christina aguilera
nine inch nails, napalm death, ministry, mastodon, soulfly, weezer, fear factory, tool, tenacious d, chimaira, meshuggah, machine head, system of a down, black label society, amon amarth, melvins, kyuss, my dying bride, queen, koЯn
michael bublé, gotan project, enya, édith piaf, robbie williams, bryan adams, jennifer lopez, sting
the beatles, m. ward, the strokes, elliott smith, clap your hands say yeah, calexico, modest mouse, devendra banhart, wilco, neil young, the black keys, rilo kiley, sufjan stevens, the kinks, beirut, jimi hendrix, leonard cohen, the magnetic fields, nick drake, david bowie, electric light orchestra, john lennon, the shins, frank zappa, the new pornographers, the white stripes, led zeppelin, pavement, cold war kids, joanna newsom, pink floyd
portishead, parov stelar, nouvelle vague, nick cave and the bad seeds, air, the verve, jamiroquai, jack johnson, creedence clearwater revival, the rolling stones, underworld, morphine, fiona apple, lamb, amon tobin, amy winehouse, morcheeba, r?yksopp, infected mushroom, the knife
johann sebastian bach, cocteau twins, enya, u2, new order, air, de-phazz, loreena mckennitt, depeche mode, antonio vivaldi, boards of canada, eric clapton, thievery corporation, pet shop boys, placebo
enya, u2, queen
fall out boy, brand new, garbage, hellogoodbye, the beatles, elton john, avril lavigne, bright eyes, the sounds, taking back sunday, my chemical romance, sugarcult, panic at the disco, razorlight, david bowie, abba, pink, the distillers, no doubt, the clash, something corporate, blondie, britney spears, alanis morissette, the fratellis, the dresden dolls, 44, green day, the libertines, red hot chili peppers, blink-182, yeah yeah yeahs, the killers, jimmy eat world, kate nash, girls aloud, metro station, the all-american rejects, goo goo dolls, maroon 5
queen, kiss, depeche mode, nirvana, neutral milk hotel, pink floyd, alice cooper, bon jovi, van halen, david bowie, metallica, lordi, led zeppelin, king crimson, ramones
cut copy, snoop dogg, basement jaxx, the kooks, lykke li, hercules and love affair, hot chip, lcd soundsystem, mgmt, radiohead, the doors, the postal service, justice, n*e*r*d, klaxons, digitalism, the beatles
the mountain goats, muse, rancid, franz ferdinand, afi, okkervil river, bloc party, the weakerthans, cake, clint mansell, queens of the stone age, scissor sisters, ludwig van beethoven, arcade fire, the sounds, neutral milk hotel, dropkick murphys, godspeed you! black emperor, the faint, the national, streetlight manifesto
deep purple, slayer, manowar, mot?rhead, hammerfall, the clash, dead kennedys, johnny cash, pennywise, the rolling stones, kreator, amy winehouse, jimi hendrix, beatsteaks, me first and the gimme gimmes, arctic monkeys, the jimi hendrix experience
bon jovi, red hot chili peppers, avril lavigne, nightwish, pink floyd, tarja turunen, the cranberries, poets of the fall, hilary duff
armin van buuren, above & beyond, atb, ti?sto, beyoncé, ferry corsten, paul van dyk
feist, gotan project, james blunt, katie melua, wilco, nouvelle vague, sting, corinne bailey rae, thievery corporation, the beatles, bob marley & the wailers, goldfrapp, marvin gaye, erykah badu, alicia keys, norah jones, nina simone
u2, coldplay, rage against the machine, h?kan hellstr?m, koЯn, red hot chili peppers, foo fighters, refused, nirvana, metallica, michael jackson, david bowie, tenacious d, the white stripes, queen, the knife, audioslave, bryan adams, linkin park, mando diao, guns n roses, the who, rise against, muse, the gossip, lenny kravitz, elton john, system of a down, leonard cohen, mika, oasis, roxette, the beach boys, kiss, my chemical romance
ennio morricone, manu chao, morphine, pixies, leonard cohen, richard cheese, django reinhardt, amon tobin, louis armstrong, aphex twin
the beatles, mono, aphex twin, mew, emilie simon, my bloody valentine, radiohead, boards of canada, bj?rk, múm
the kooks, danny elfman, lamb, gotan project, rihanna, tool, black eyed peas, bonobo, massive attack, lenny kravitz, incubus, muse, system of a down, unkle, air, timbaland, santana, moby, morcheeba, the chemical brothers
shpongle, mogwai, battles, sigur rós, isis, faith no more, architecture in helsinki, minus the bear, bj?rk, the go! team, boards of canada, they might be giants, asian dub foundation, m83, tool, built to spill, of montreal, girl talk, air, ...and you will know us by the trail of dead, massive attack, parkway drive, dropkick murphys, 65daysofstatic, the dillinger escape plan, ignite, nine inch nails, explosions in the sky, m. ward, múm
coldplay, the killers, bloc party, deichkind, incubus, queen, amy winehouse, arctic monkeys, m83, muse, the rolling stones, architecture in helsinki, mf doom, snow patrol, nina simone, jack johnson, foo fighters, cat stevens, the new pornographers, ratatat, sia, creedence clearwater revival, max?mo park, iron maiden, hot hot heat, keane, justice
lil wayne, tokyo police club, simon & garfunkel, tegan and sara, the postal service, underoath, the national
[combichrist]
the kooks, the wombats, daft punk, radiohead, the cribs, the last shadow puppets, coldplay, the strokes, ben folds, the hives, the fratellis, franz ferdinand, klaxons, muse, death cab for cutie, nada surf, flight of the conchords, dirty pretty things, keane, hot hot heat, the postal service, the shins, beck, blur, mgmt, mando diao, spoon, interpol, the decemberists, razorlight, the vines, arcade fire, steely dan, editors, kasabian, justice, john mayer, audioslave
simple plan, good charlotte, my chemical romance, katy perry, cobra starship, plain white ts, the rasmus, poets of the fall, the academy is..., linkin park, evanescence, hoobastank, kelly clarkson, the fray, coldplay, green day, timbaland, panic at the disco, the pussycat dolls, onerepublic, the killers, lifehouse, nickelback, the all-american rejects, blink-182, avril lavigne, ashlee simpson
coldplay, death cab for cutie, ryan adams, interpol, thievery corporation, bon iver, jack johnson, the ting tings, ray lamontagne, josé gonzález, the dandy warhols, band of horses, jason mraz, m. ward, snow patrol, sufjan stevens, beck, john mayer, feist, the shins, andrew bird, vampire weekend, rufus wainwright, keane, r?yksopp, lifehouse, regina spektor, rilo kiley, dido
justin timberlake, the pussycat dolls, christina aguilera, the chemical brothers, madonna, sean paul, soundtrack, michael bublé, george michael, jennifer lopez, moloko, alicia keys, jamiroquai, erykah badu, david guetta, groove armada
sonic youth, calexico, guided by voices, aphex twin, radiohead, stereolab, pavement, boards of canada, mogwai, modest mouse, beck, four tet, primal scream, the brian jonestown massacre, the cure, amon tobin, the flaming lips, dj shadow, the mountain goats, autechre, bonnie prince billy, pink floyd, tortoise, belle and sebastian, pixies, low, the jesus and mary chain, portishead, tv on the radio, hot chip, neil young, eels, david bowie, joy division, blonde redhead, air, dinosaur jr., the smashing pumpkins
mindless self indulgence, deftones, marilyn manson, atmosphere, circa survive, nine inch nails, dredg, nirvana, the get up kids, converge, at the drive-in, the dillinger escape plan, cursive, minus the bear, tegan and sara, the blood brothers, ice cube, slipknot, metric, brand new, stone temple pilots, beck, portishead, machine head, finch, my chemical romance
trentem?ller, the cinematic orchestra, apparat, booka shade, bonobo, simian mobile disco, dj krush, lamb, tosca
ryan adams, kings of leon, the killers, damien rice, the flaming lips, bright eyes, ray lamontagne, m. ward, jack johnson, feist, bon iver, radiohead, bruce springsteen, counting crows, the shins, kanye west, john mayer, taking back sunday, regina spektor, joshua radin, coldplay, amy winehouse, vampire weekend, snow patrol, dashboard confessional, death cab for cutie, ani difranco, kelly clarkson, justin timberlake, the national, 50 cent, paolo nutini, the postal service, dave matthews band, sublime
pearl jam, coheed and cambria, nine inch nails, lamb of god, 36 crazyfists, funeral for a friend, killswitch engage, finch, aerosmith, nirvana, bad religion, soulfly, in flames, rise against, metallica, incubus, the offspring, machine head, foo fighters, deftones
marilyn manson, the 69 eyes
iron maiden, angra, dream theater, theatre of tragedy, helloween, lordi, after forever, stratovarius, bad religion, no doubt, rammstein, edguy, metallica, duran duran, millencolin, sirenia, die toten hosen, avantasia, lacuna coil, black sabbath, dido, evanescence, dragonforce, alice cooper, queen, sonata arctica
deftones, opeth, slayer, isis, kanye west, coldplay, anathema, a perfect circle, regina spektor, timbaland, miley cyrus, rihanna, metallica, david guetta, pantera, parov stelar, benny benassi, katy perry
autechre, squarepusher, jamiroquai, aphex twin
chamillionaire, evanescence, cunninlynguists, t.a.t.u., hoobastank, rammstein, lil wayne
red hot chili peppers, the beach boys, jamie cullum, richard cheese, rise against, norah jones, frank sinatra, eric clapton, sublime, the beatles, jack johnson, queen, radiohead, coldplay, nirvana, sade, fall out boy, miles davis, diana krall, elvis presley, the shins, yellowcard, bee gees, snow patrol, pink floyd, cake, the postal service, jimmy eat world, air
god is an astronaut, misfits, paramore, kt tunstall, rancid, roxette, alice cooper, thursday
pearl jam, pink floyd, my dying bride, porcupine tree, marillion, the rolling stones, king crimson, satyricon, pantera, dire straits, megadeth, alice in chains, darkthrone, frank zappa, kiss, down, the cure, joy division, morbid angel, john lennon, black sabbath, type o negative, deep purple, eddie vedder, u2, ozzy osbourne, jeff buckley, slayer, pj harvey, queen
third eye blind, brand new, say anything, new found glory, missy elliott, rilo kiley, something corporate, shiny toy guns, the shins, paramore, fall out boy, blink-182, goldfrapp, mgmt, metric, saosin, lily allen, motion city soundtrack, saves the day, linkin park, jack johnson, red hot chili peppers, timbaland, sigur rós, gwen stefani, mae, britney spears, tegan and sara, coldplay, the academy is..., death cab for cutie
korpiklaani, daft punk, ensiferum, dir en grey, in flames, opeth, pain, koЯn, napalm death, children of bodom, ulver, satyricon, schandmaul, slipknot, in extremo, hypocrisy
nightwish, coldplay, johnny cash, basshunter, rammstein, the cardigans, dream theater, metallica, manowar, the beach boys
hans zimmer, in extremo, johnny cash, rammstein, farin urlaub, john williams, soundtrack, jimmy eat world, the beatles, silverchair, simon & garfunkel, the who, placebo, billy talent, vangelis, nirvana, die toten hosen, him, system of a down, r.e.m., jeff buckley
frank sinatra, belle and sebastian, chet baker, bat for lashes, queens of the stone age, mogwai, amy winehouse, michael jackson, rufus wainwright, blondie, moby, the raveonettes, depeche mode, mika, thievery corporation, emilíana torrini, cat power, johnny cash, jamiroquai
the jesus and mary chain, mgmt, the ting tings, the smiths, sex pistols, depeche mode, green day, nofx, yeah yeah yeahs, the cure
iron maiden, in flames, rise against, three days grace, papa roach, 3 doors down, bullet for my valentine, avenged sevenfold, skillet, disturbed, nickelback
radiohead, bob marley & the wailers, manu chao, leonard cohen, regina spektor, sigur rós, pixies, the cure, mgmt, arcade fire, belle and sebastian, the dresden dolls, tv on the radio, deerhoof, nina simone, max richter, joy division, moloko, portishead, u2, beastie boys, bob dylan, animal collective, m.i.a., deus, tom waits, the pogues
jay-z, ghostface, kanye west, atmosphere, common, notorious b.i.g., outkast, john legend, mobb deep, t.i., bloc party, cunninlynguists, madlib, ludacris, daft punk, j dilla, faith no more, lupe fiasco, rjd2
devendra banhart, johnny cash, in flames, múm, anathema, squarepusher, siouxsie and the banshees, the cure, beastie boys, soilwork, porcupine tree, burial, nouvelle vague, apoptygma berzerk, jimi hendrix, sigur rós, antony and the johnsons, turbonegro, nick cave and the bad seeds, einstürzende neubauten, hatebreed, led zeppelin, the knife, the gossip, strapping young lad, amon tobin, dream theater, ladytron, melvins, david bowie, him, misfits, opeth, stratovarius, mastodon
subway to sally, haggard, daft punk, epica, my dying bride, muse, apocalyptica, evanescence, samael, die apokalyptischen reiter, nightwish, system of a down, metallica, within temptation, anathema
u2, fort minor, green day, john mayer, the killers, metallica, beyoncé, linkin park, travis, red hot chili peppers, stevie wonder, h?kan hellstr?m, eminem, goo goo dolls, nirvana, the prodigy, in flames, limp bizkit, 2pac, hammerfall
muse, the killers, no doubt, the sounds, david bowie, snow patrol, max?mo park, ladytron, the kooks, the vines, the pipettes, interpol, bloc party, placebo, kaiser chiefs, panic! at the disco, massive attack, black eyed peas, oasis, metric, alicia keys, hot chip, feist, the wombats, kate nash, kasabian
radiohead, m.i.a., goldfrapp, death from above 1979, justice, girl talk, the fray, santogold, stars, the strokes, robyn, interpol, moby, black eyed peas, the beach boys, green day, mgmt, r?yksopp, rilo kiley, beck, sigur rós, the shins, the postal service, the hives, norah jones, snow patrol, boys noize, david bowie, mew
aphex twin, boards of canada, cut copy, ladytron, radiohead, simian mobile disco, kraftwerk, the cure, r?yksopp, squarepusher, interpol, the radio dept., daft punk, primal scream, air, bloc party, depeche mode, the bravery, the faint, fischerspooner, the strokes, the jesus and mary chain, morrissey, she wants revenge, joy division, hard-fi, the prodigy, the smiths, chromeo, echo & the bunnymen
the birthday massacre, nine inch nails, depeche mode, chevelle, mindless self indulgence, flyleaf, my bloody valentine, thomas newman, placebo, joy division, incubus, rage against the machine, tool, fall out boy
nirvana, testament, tenacious d, afi, linkin park, buckethead, fear factory, pendulum, the streets, kmfdm, rage against the machine, system of a down, in flames, soilwork, koЯn, goldfinger, limp bizkit, the prodigy
booka shade, bj?rk, r?yksopp, burial, orbital, the chemical brothers, madonna, groove armada, parov stelar, the gossip, underworld, goldfrapp, the roots, faithless, crystal castles, duffy, lamb, hercules and love affair, trentem?ller, soundtrack, amy winehouse, basement jaxx, high contrast, hooverphonic, amon tobin, arctic monkeys, portishead, aphex twin, the ting tings, bat for lashes, sigur rós, timbaland, ladytron, the knife, simian mobile disco, katy perry, massive attack, moby, justin timberlake, kraftwerk, air, fischerspooner
king crimson, queens of the stone age, pearl jam, beck, johann sebastian bach, pink floyd, deep purple, the roots, they might be giants
parkway drive, 65daysofstatic, mogwai, napalm death, sigur rós, carcass, kyuss, linkin park, as i lay dying, boards of canada, isis, limp bizkit
system of a down, breaking benjamin, michael bublé, nickelback, linkin park, fall out boy, lostprophets, 30 seconds to mars, killswitch engage, three days grace, saosin, good charlotte, boys like girls, billy talent, adema
belle and sebastian, pulp, sufjan stevens, radiohead, bj?rk, the beatles, r.e.m., broken social scene, the arcade fire, pixies, bob dylan, the mountain goats, the flaming lips, talking heads, air, death cab for cutie, bloc party, bright eyes, the smashing pumpkins, elvis costello, stars, pavement, jens lekman, jay-z, regina spektor, kanye west, simon & garfunkel, badly drawn boy, the cure, guided by voices, elliott smith, rilo kiley, the magnetic fields, interpol, leonard cohen, mogwai, tom waits, built to spill, led zeppelin, neutral milk hotel, fiona apple, paul simon, tv on the radio, joni mitchell, atmosphere
jay-z, joni mitchell, david bowie, brian eno, neil young, animal collective, the smiths, the zombies, bj?rk, the magnetic fields, led zeppelin, prefuse 73, tortoise, talking heads, john coltrane, peter gabriel, final fantasy, captain beefheart & his magic band, the books, the velvet underground
coldplay, red hot chili peppers, moloko, arctic monkeys, david guetta, moby, daft punk, groove armada, bj?rk, digitalism, franz ferdinand, muse, basement jaxx, september, mylo, fatboy slim, benny benassi
arcade fire, muse, morcheeba, amy macdonald, faithless, dire straits, the beatles, m83, goldfrapp, yeah yeah yeahs, billy joel, death cab for cutie, biffy clyro, sneaker pimps, air, my morning jacket, the raconteurs, elbow, dragonforce
the beatles, dave matthews band, coldplay, django reinhardt, the who, grateful dead, simon & garfunkel, travis, the fratellis, beck, notorious b.i.g., the shins, norah jones, radiohead, bright eyes, the decemberists, ella fitzgerald, red hot chili peppers, my chemical romance, the white stripes, green day, johnny cash, frank sinatra, pink floyd, antonio vivaldi, black rebel motorcycle club, bob dylan
limp bizkit, the prodigy, system of a down, miles davis, joy division, slipknot
phoenix, vampire weekend, the radio dept., feist, alice in chains, nouvelle vague, rage against the machine, m.i.a., the streets, pearl jam, faith no more, morrissey, sepultura, kyuss, jeff buckley, tom waits, fleet foxes, stone temple pilots, ...and you will know us by the trail of dead, the smiths, queens of the stone age, in flames, of montreal, portishead, iron maiden
keane, muse, kanye west, kaiser chiefs, travis, amy winehouse, oasis, good charlotte, coldplay, the kooks, creed, hoobastank, simple plan, eagles
the rolling stones, radiohead, the cure, the kooks, kings of leon, bob marley & the wailers, mgmt, massive attack, muse, paul mccartney, arctic monkeys, franz ferdinand, norah jones, u2, daft punk, cat power, the who, the strokes, damian marley, bloc party, pink floyd, neil young, depeche mode, kings of convenience, kaiser chiefs, coldplay, jack johnson, pj harvey, talking heads, led zeppelin, placebo, the clash, mogwai
jens lekman, camera obscura
prince, foo fighters, lenny kravitz, johnny cash, red hot chili peppers, u2, sting, john mayer, toto, michael jackson, elvis presley, stevie wonder, jeff buckley, chris cornell, peter gabriel, aretha franklin, leonard cohen, faith no more, switchfoot, tom waits
m83, venetian snares, at the drive-in, the blood brothers, converge, the smiths, mos def, death from above 1979, the killers, refused, queens of the stone age, queen, siouxsie and the banshees, sufjan stevens, yann tiersen, the distillers, death cab for cutie, millencolin, deftones, ignite, goldfrapp, pj harvey, my bloody valentine, yo la tengo, the postal service, editors, minor threat, the beatles, sonic youth, arcade fire, incubus
the magnetic fields, final fantasy, ratatat, johnny cash, pinback, prefuse 73, girl talk, the notwist, nine inch nails, primal scream, plaid, m83, battles, talking heads, bonnie prince billy, the flashbulb, death cab for cutie, animal collective, cut copy, modest mouse, bloc party, tegan and sara, deerhunter, 2pac, flight of the conchords, tv on the radio, sigur rós, the smiths
madonna, placebo, róisín murphy, imogen heap, nelly furtado, moloko, maria mena, coldplay, sade, pink, [unknown], r?yksopp, booka shade, rihanna, george michael, justin timberlake, chicane, atb, counting crows, air, depeche mode, christina aguilera, beyoncé, ray lamontagne
joshua radin, counting crows, kanye west, ray lamontagne, daft punk, the shins, alkaline trio, less than jake, angels & airwaves, antony and the johnsons, matchbox twenty, justice, damien rice, panic at the disco, jay-z, james blunt, 44, jamie cullum, norah jones, vampire weekend, arctic monkeys, fort minor, fall out boy, mgmt, biffy clyro, eminem, backstreet boys, say anything, rage against the machine, justin timberlake, bowling for soup, timbaland, david gray, barenaked ladies, the chemical brothers
metallica, killswitch engage, nirvana, die ?rzte, seeed, iron maiden, goldfinger, system of a down, cypress hill, flogging molly, rise against, rancid, farin urlaub
the smashing pumpkins, oomph!, koЯn, the doors, rammstein, wolfgang amadeus mozart, thievery corporation, paul van dyk, system of a down, placebo, antonio vivaldi, bonobo, daft punk, frédéric chopin, nina simone, supergrass, blink-182, queens of the stone age, the killers, tv on the radio, radiohead, ben folds five, hard-fi, kings of leon, soulfly, the pigeon detectives, death cab for cutie, ella fitzgerald, muse, nine inch nails, the hives, godsmack, arctic monkeys, billie holiday, black rebel motorcycle club, the chemical brothers
equilibrium, rammstein, b?hse onkelz, aerosmith, dire straits, metallica, seeed, bathory, blind guardian, oasis
the jesus and mary chain, minor threat, black flag, serge gainsbourg
die ?rzte, seeed, beatsteaks, dropkick murphys, farin urlaub, die toten hosen, nirvana, bad brains, rammstein, green day, pennywise, peter fox, the offspring, bob marley, red hot chili peppers, sex pistols
evanescence, 3 doors down, avril lavigne, papa roach, the rasmus, linkin park, britney spears, fiona apple, green day, fall out boy, billy talent, lady gaga, ok go, the killers, the kooks, the all-american rejects, the veronicas, hilary duff, black eyed peas, mika, lily allen, pink, katy perry, nirvana, franz ferdinand, nickelback, kate nash, amy winehouse, m.i.a., keane, t.i., spice girls, rihanna, backstreet boys, paramore, trentem?ller
enya, [unknown], clint mansell, hoobastank, led zeppelin, metallica, michael jackson, t.a.t.u., linkin park, avril lavigne, backstreet boys, jennifer lopez, aerosmith, céline dion, nirvana, bon jovi, scorpions, britney spears, george michael, pearl jam, the corrs
within temptation, nightwish, ferry corsten, eminem, armin van buuren, the prodigy, linkin park, rise against, sabaton, lacuna coil, scooter, nelly furtado, the chemical brothers, outkast, theatre of tragedy, 50 cent, the offspring, papa roach, cascada, limp bizkit, timbaland, billy talent, lady gaga, paul oakenfold, p.o.d.
tiamat, lacrimosa, dark tranquillity, therion, equilibrium, sonata arctica, haggard, joe satriani, iron maiden, dream theater, amon amarth, gamma ray, armin van buuren, led zeppelin, norther, after forever, metallica, isis, wolfgang amadeus mozart, blind guardian, angra, dimmu borgir, agalloch, rhapsody of fire, cradle of filth, the beatles
herbie hancock, thievery corporation, de-phazz, miles davis, led zeppelin, the rolling stones, bob marley & the wailers, parov stelar, katie melua, groove armada, beastie boys, nina simone, aretha franklin, the prodigy, the herbaliser, air, massive attack, st. germain, tosca
the hush sound, senses fail, motion city soundtrack, the all-american rejects, all time low, saosin, the used, cobra starship, paramore, story of the year, blink-182, taking back sunday
[dir en grey]
the clash, the smashing pumpkins, sting, the smiths, nirvana, lou reed, pixies, norah jones, nick cave and the bad seeds, buena vista social club, the kooks, the velvet underground, red hot chili peppers, tori amos, eels, the beatles, kate bush, charlie parker, kate nash, emilíana torrini, chet baker
children of bodom, opeth, cannibal corpse, iron maiden, hypocrisy, arch enemy, napalm death, eric clapton, norther, black sabbath, at the gates, genesis, katatonia, frank zappa, riverside, death, amon amarth, a perfect circle, muse, scorpions, stone temple pilots, nirvana, rammstein, tool, dire straits, sabaton, king crimson, finntroll, bathory, manowar
kanye west, m.i.a., amy winehouse, nelly furtado, beyoncé, n*e*r*d, lil wayne, chris brown, t.i., jay-z, lupe fiasco, maroon 5, the pussycat dolls, christina aguilera, gwen stefani, britney spears
sublime, counting crows, 3 doors down, bryan adams, maroon 5
madonna, enter shikari, the used, paramore, foals, tenacious d, lily allen, bullet for my valentine, saosin, michael jackson, the police, gorillaz, manu chao, silverstein, eminem, story of the year, red hot chili peppers, gwen stefani, linkin park, christina aguilera, flo rida
a perfect circle, nirvana, iced earth, audioslave, dream theater, metallica, placebo, alice in chains, megadeth, amorphis, isis, porcupine tree
damien rice, mando diao, the kooks, coldplay, the beatles, kt tunstall, my chemical romance, beatsteaks, the beach boys, simon & garfunkel, the fray, the strokes, bright eyes, the killers, paolo nutini, james blunt, oasis, keane, panic! at the disco, arctic monkeys
nightwish, boys like girls, good charlotte, rise against, imogen heap, tori amos, goo goo dolls, sonata arctica, maroon 5, the killers
bob dylan, morrissey, built to spill, the national, the smiths, mogwai, anna ternheim, dinosaur jr., sonic youth, death cab for cutie, bruce springsteen, modest mouse, leonard cohen, antony and the johnsons, tortoise, bonnie prince billy, johann sebastian bach, fleet foxes, nick cave and the bad seeds, animal collective, elliott smith, andrew bird, slowdive, godspeed you! black emperor, brian eno, david bowie, the beach boys, m. ward, bon iver
[him]
elliott smith, bob dylan, devendra banhart, sonic youth, fleet foxes, the doors, jeff buckley, the black keys, beirut, queens of the stone age, the smiths, the jimi hendrix experience, the white stripes, nick drake, animal collective, aphex twin, black rebel motorcycle club, david bowie, radiohead, sigur rós, the smashing pumpkins, josé gonzález, the jesus and mary chain, the cure, t. rex, ratatat, nirvana, interpol, nina simone, the kills, morrissey, tv on the radio, gogol bordello, patrick wolf, death from above 1979, prince, ella fitzgerald, kings of leon, al green, pj harvey, of montreal, goldfrapp, the faint
sigur rós, boards of canada, yo la tengo, aphex twin, múm, bob dylan, the album leaf, m83, slowdive, bob marley & the wailers, brian eno, vampire weekend, the magnetic fields, buckethead, joni mitchell, the smashing pumpkins, beck, radiohead, the books, bj?rk, alkaline trio, deerhoof, my bloody valentine, autechre, johann sebastian bach
antonio vivaldi, jethro tull, wolfgang amadeus mozart, ludwig van beethoven, franz ferdinand, muse, simon & garfunkel, manu chao, paul simon, frank sinatra, the roots, amy macdonald, jens lekman, jedi mind tricks, michael jackson, richard cheese, sage francis, the killers, jurassic 5, louis armstrong, nina simone, 2pac, rihanna, immortal technique, rage against the machine, judas priest, timbaland, tenacious d, nick cave and the bad seeds, ratatat, system of a down, belle and sebastian, in flames, justin timberlake
gorillaz, shpongle, porcupine tree, air, social distortion, the clash, r?yksopp, pixies, ratatat, yann tiersen, bob dylan, bob marley, john coltrane, radiohead, jethro tull, franz ferdinand, rancid, jefferson airplane
the knife, new order, beck, nine inch nails, skinny puppy, pj harvey, the cure, the roots, radiohead, junior boys, depeche mode, cat power, massive attack, imogen heap, air, a tribe called quest, david bowie, gorillaz, unkle, bj?rk, pink floyd, chromeo, ladytron, nirvana, goldfrapp, rjd2, télépopmusik, tricky, thievery corporation, thom yorke, justice, dead can dance, beastie boys, iron & wine, plaid, echo & the bunnymen
patrick wolf, cocorosie, the gossip, emilie simon, róisín murphy, norah jones, sigur rós, crystal castles, massive attack, r?yksopp, bat for lashes, télépopmusik, lamb, hey, moloko, amy winehouse, arctic monkeys, daft punk, antony and the johnsons, the ting tings, calvin harris, mgmt, lykke li, emilíana torrini, klaxons, myslovitz
the offspring, jethro tull, pink floyd, the rolling stones, the kinks, the hives, muse, sublime, nightwish, the doors, radiohead, nickelback, infected mushroom, they might be giants, mike oldfield, fatboy slim, supertramp, gnarls barkley, daft punk, cascada, red hot chili peppers, flogging molly, the beach boys, jefferson airplane, 311, mando diao, abba
september, amy winehouse, ti?sto, katie melua, basshunter, m.i.a., lady gaga, leona lewis, nelly furtado, rihanna, missy elliott, chicane
silverstein, blink-182, less than jake, red.jumpsuit.apparatus, nofx, streetlight manifesto, goldfinger, rancid, green day, bad religion, thrice, alexisonfire, social distortion, afi, lagwagon, my chemical romance, the fray, anti-flag, the offspring, billy talent, coheed and cambria, goo goo dolls, the killers, senses fail
paramore, tegan and sara, jimmy eat world, death cab for cutie, bloc party, new found glory, blink-182, katy perry, kings of leon, britney spears, miley cyrus, kate nash, pink, nada surf, frou frou, placebo, fall out boy, panic at the disco, the killers, coldplay, the postal service, santogold, 44, snow patrol, lily allen, avril lavigne, the ting tings, counting crows, robyn, leonard cohen, angels & airwaves, madonna, shiny toy guns
green day, oasis, jack johnson, justice, the offspring, bullet for my valentine, nirvana, fall out boy, blink-182, the used, 30 seconds to mars, papa roach, david guetta, good charlotte, atreyu, muse, bad religion, james blunt, avenged sevenfold
keane, imogen heap, brian eno, garbage, emilíana torrini, kt tunstall, frou frou, jem, the shins, pink floyd, sigur rós, the chemical brothers, radiohead, explosions in the sky, beck, massive attack, mogwai, air, the killers, r.e.m., enya, tool, a perfect circle, r?yksopp, bauhaus, the zombies
the beatles, the strokes, arcade fire, animal collective, beirut, the brian jonestown massacre, neko case, camera obscura, the kills, the stone roses, fleet foxes, low, m83, my bloody valentine, hercules and love affair, portishead, the raveonettes
farin urlaub, die ?rzte, beatsteaks, rammstein, coldplay, rise against, atreyu, peter fox, my chemical romance, hatebreed, die toten hosen, plain white ts, papa roach, as i lay dying, the all-american rejects, alexisonfire, bad religion, bloc party, anti-flag, max?mo park, nirvana, from first to last, the hives, marilyn manson
aesop rock, lupe fiasco, band of horses, the national, spoon, wilco, of montreal, bright eyes, kanye west, jurassic 5, girl talk, jay-z, mos def, my morning jacket, radiohead, the flaming lips, the go! team, sufjan stevens, explosions in the sky, mf doom, talib kweli, rjd2, beck, death cab for cutie, switchfoot, kings of convenience, unkle
blink-182, arctic monkeys, the white stripes, dizzee rascal, green day, the streets, eminem, gorillaz, the prodigy, pendulum, mr. scruff, reel big fish, system of a down, less than jake, muse, good charlotte, marilyn manson, koЯn, the libertines, fatboy slim, rage against the machine, madness, dj shadow, rammstein, beastie boys, foo fighters, mark ronson, faithless, aphex twin, placebo, oasis, the offspring, lily allen, nirvana, basement jaxx, the chemical brothers, kanye west, the killers, jack johnson, limp bizkit, jimi hendrix, slipknot, blur, jamiroquai, moby, queens of the stone age, the kooks, bob marley & the wailers
radiohead, muse, j dilla, common, incubus, ben harper, jay-z, sia, maria mena, roots manuva, kanye west, damien rice, talib kweli, mobb deep, the game, sublime, him, trentem?ller, coldplay
the smiths, sigur rós, modest mouse, radiohead, interpol, cat power, death cab for cutie, bloc party, badly drawn boy, damien rice, the national, guided by voices, sufjan stevens, mirah, new order, okkervil river, le tigre, the smashing pumpkins, neutral milk hotel, broken social scene, explosions in the sky, cocorosie, the shins, stars, architecture in helsinki, counting crows, bright eyes, of montreal, neko case, coldplay, crystal castles, tegan and sara, pj harvey
usher, alicia keys, george michael, madonna, morcheeba, sade, jamiroquai, r?yksopp, lenny kravitz, stereophonics, de-phazz, cursive, justin timberlake, timbaland, mariah carey, enigma, the cure, jennifer lopez, the rolling stones, placebo, thievery corporation, 311, james blunt
nine inch nails, ani difranco, tracy chapman, radiohead, leonard cohen, death cab for cutie, against me!, depeche mode, the beatles, sufjan stevens, the faint, brian eno, tori amos, the mountain goats, iron & wine, cat stevens, bright eyes, imogen heap, marilyn manson, regina spektor, the white stripes, the cure, led zeppelin, neutral milk hotel, antony and the johnsons, modest mouse, the clash, of montreal
rjd2, flying lotus, michael jackson, public enemy, beastie boys, madlib, booka shade, gorillaz, mr. scruff, prefuse 73, ratatat, creedence clearwater revival, ac/dc, kraftwerk, thievery corporation, the strokes
nickelback, dir en grey, three days grace, fall out boy, cascada, breaking benjamin, linkin park, nightwish, katy perry, 30 seconds to mars, groove coverage, rise against, system of a down, soundtrack, the rasmus, avril lavigne, p.o.d., bullet for my valentine, [unknown], papa roach, eminem, happysad
beck, massive attack, underworld, the chemical brothers, gorillaz, the beatles, duran duran, the shins, bob dylan, digitalism, orbital, justice, r?yksopp, goldfrapp, inxs, echo & the bunnymen, david bowie, elliott smith, belle and sebastian, the crystal method, the prodigy, joy division, cat power, lcd soundsystem, pendulum, air, kimya dawson, elton john, sublime, daft punk, simon & garfunkel, trentem?ller, alice in chains, red hot chili peppers
barenaked ladies, beyoncé, ne-yo, green day, sarah mclachlan, coldplay, enya
four tet, the album leaf
muse, pain of salvation, the cure, david bowie, corinne bailey rae, dido, morrissey, porcupine tree, apocalyptica, blonde redhead, riverside, nouvelle vague, goldfrapp, pearl jam, him, katatonia, lamb, morcheeba, mogwai, télépopmusik, sigur rós, alice in chains, portishead, interpol
depeche mode, rammstein, placebo, paradise lost, nightwish, muse, death cab for cutie, sirenia, the killers, amorphis, lacuna coil, machine head, massive attack, sugababes, trivium, bullet for my valentine, atreyu, clint mansell, the prodigy, guano apes, him, nine inch nails, lenny kravitz, the cure, jason mraz, alice in chains, a perfect circle, the streets, godsmack, gorillaz, papa roach, coldplay, metallica, taylor swift, atb, disturbed, oasis
beyoncé, tori amos, justin timberlake, placebo, franz ferdinand, moby, pid?ama porno, tracy chapman, jem, akurat, snow patrol, jason mraz, happysad, thom yorke, system of a down, nine inch nails, archive, manu chao, red hot chili peppers, michael bublé, hey, frank sinatra, myslovitz, gentleman, the kooks, the decemberists, gorillaz, damien rice, scissor sisters, nelly furtado, john legend, lenny kravitz, the dandy warhols, kings of leon, beirut, kosheen
she wants revenge, cocorosie, adele, architecture in helsinki, tracy chapman, bloc party, the rapture, editors, pj harvey, interpol, cake, depeche mode, the smashing pumpkins, the postal service, gotan project, inxs, modest mouse, joanna newsom, kaiser chiefs
beyoncé, erykah badu, katy perry, alicia keys, snow patrol, o.s.t.r., missy elliott, goo goo dolls, amy winehouse, aretha franklin, ne-yo, duffy, the pussycat dolls, adele, kanye west, black eyed peas, justin timberlake, the roots, bonobo, john mayer, fergie, leona lewis, rihanna, imogen heap
the chemical brothers, coldplay, daft punk, david guetta, ti?sto, the rolling stones, kraftwerk, red hot chili peppers, timbaland, hans zimmer, josé gonzález, lady gaga, michael jackson, flo rida, lenny kravitz, u2, foo fighters, frank sinatra, september, gorillaz, the beach boys, kanye west
bright eyes, the decemberists, iron & wine, damien rice, diana krall, calexico, saves the day, kings of convenience, john mayer, rufus wainwright, nada surf, maroon 5, ryan adams, jason mraz, dashboard confessional, arcade fire, fleet foxes, dave matthews band, r.e.m., sarah mclachlan, the beatles, thom yorke, eels, regina spektor, travis, bob dylan, ben harper, u2, modest mouse, counting crows, avril lavigne
radiohead, sigur rós, doves, shout out louds, death cab for cutie, okkervil river, brand new, nada surf, the arcade fire, flogging molly, the shins, the decemberists, the clash, modest mouse, the smashing pumpkins, david bowie, neutral milk hotel, sufjan stevens, the beach boys, the beatles, muse, the who, flight of the conchords, tv on the radio, the cure, pavement, daft punk, m.i.a., u2, snow patrol, band of horses, air, coldplay
metallica, deep purple, placebo, system of a down, iron maiden, bob marley & the wailers, the prodigy, iggy pop, sex pistols, less than jake, serj tankian
john mayer, afi, a day to remember, minor threat, nas, kanye west, cypress hill, tenacious d, dr. dre, crystal castles, the black dahlia murder, gnarls barkley, madvillain, jack johnson, chromeo, hatebreed, new found glory, cansei de ser sexy, mf doom, snoop dogg
the beatles, johnny cash, the doors, the who, the rolling stones, david bowie, scorpions, metallica, creedence clearwater revival, green day, jimi hendrix, stereophonics, pearl jam, sepultura, rammstein, elvis presley, foo fighters, placebo, u2, ramones, r.e.m., kings of leon, soulfly, deftones, 30 seconds to mars, 3 doors down, the killers, nirvana, billy talent, bullet for my valentine, led zeppelin, iron maiden, him, bruce springsteen, dire straits, ac/dc
chico buarque, the gossip, black sabbath, pavement, blur, jeff buckley, sufjan stevens, architecture in helsinki, cocorosie, radiohead, santogold, beirut, my bloody valentine, adam green, sonic youth
tegan and sara, fear factory, anti-flag, ramones, megadeth, the offspring, cradle of filth, my chemical romance, bad religion, silverstein, say anything, rancid, daft punk, coheed and cambria, fiona apple, rise against, the dresden dolls, jimi hendrix, system of a down, reel big fish, dir en grey, gorillaz, me first and the gimme gimmes, streetlight manifesto, a day to remember, emilie autumn, faith no more, afi, crystal castles, alkaline trio, linkin park, m.i.a., the smashing pumpkins, rammstein, mindless self indulgence, slipknot, the white stripes
moby, the crystal method, scooter, the beatles, madonna, franz ferdinand, kasabian, the rolling stones, kings of leon, sting, abba, rammstein, blondie, the doors, john lennon, queen, elvis presley, the verve, paul oakenfold, the killers, morcheeba, placebo, david guetta, aerosmith, oasis, r?yksopp, the rasmus, parov stelar, depeche mode, guano apes, mylo, édith piaf, frank sinatra, kt tunstall
ghostface, nas, daft punk, notorious b.i.g., dr. dre, the chemical brothers, jay-z, beastie boys, michael jackson, snoop dogg, o.s.t.r., eminem, ice cube, cypress hill, 2pac
the beatles, the cure, madonna, dead can dance, johnny cash, the police, kylie minogue, joy division, they might be giants, britney spears, ella fitzgerald, apoptygma berzerk, siouxsie and the banshees, louis armstrong, [unknown], a-ha, vnv nation, david bowie, kate bush, skinny puppy, nine inch nails, delerium, bauhaus, the sisters of mercy, pet shop boys
mariah carey, rihanna, chris brown, amy winehouse, madonna, gwen stefani, timbaland, kanye west, nelly furtado, justin timberlake, [unknown], erykah badu, ashlee simpson, fergie, beyoncé, missy elliott
the beatles, fall out boy, ac/dc, blink-182, the used, lostprophets, breaking benjamin, the all-american rejects, three days grace, joss stone, him, story of the year, red hot chili peppers, brand new, maroon 5, afi, avenged sevenfold, britney spears, corinne bailey rae, linkin park
anthrax, death, led zeppelin, sodom, ac/dc, hey, dream theater, riverside, ozzy osbourne, sabaton, testament, van halen, andrew lloyd webber, korpiklaani, agalloch, children of bodom, gojira
the last shadow puppets, oasis, lily allen, lady gaga, amy winehouse, green day
ramones, r.e.m., the rolling stones, the smashing pumpkins, frank zappa, the clash, missy elliott, aretha franklin, thin lizzy, marvin gaye, dropkick murphys, soundgarden, led zeppelin, nickelback, tool, snoop dogg, tom petty and the heartbreakers, ray charles, social distortion, eric clapton
napalm death, ministry
children of bodom, edguy, in flames, avantasia, iron maiden, nightwish, slayer, norther, ac/dc, scorpions, pantera, serj tankian, black sabbath, helloween, red hot chili peppers, ozzy osbourne, joe satriani, megadeth, sonata arctica, manowar
aphex twin, the chemical brothers, eminem, kmfdm, beastie boys, cunninlynguists, skinny puppy, ozzy osbourne, jedi mind tricks, turbonegro, the faint, nine inch nails, pavement, the future sound of london, ramones, beck, nirvana, pendulum, aesop rock, basement jaxx, the prodigy, gorillaz, red hot chili peppers, bloodhound gang, frank zappa, metallica, paul simon, pixies, amon tobin, oasis, immortal technique, ministry, new order
muse, linkin park, okkervil river, kings of leon, 44, lady gaga, interpol, tegan and sara, kanye west, coldplay, girls aloud, arcade fire, bloc party, flight of the conchords, tv on the radio, tom petty and the heartbreakers, something corporate, santogold, grizzly bear, justice, kate nash
adele, u2, jack johnson, duffy, abba, buena vista social club, kate nash, carla bruni, david gray, joss stone, r.e.m., die ?rzte, robbie williams, supertramp, soundgarden, amy winehouse, frank sinatra, elvis presley, roxette, bob marley
dead can dance, radiohead, the doors, joy division, bonobo, hercules and love affair, depeche mode, sigur rós, air, massive attack, dj shadow, manu chao, portishead, cocteau twins, andrew bird, dj krush, interpol
max richter, antony and the johnsons, my morning jacket, air, portishead, calexico, camera obscura, kings of convenience, arcade fire, explosions in the sky, r?yksopp, band of horses, cat power, god is an astronaut, fleet foxes, grizzly bear, beirut, sigur rós, pj harvey
manu chao, queens of the stone age, morphine, thievery corporation, nina simone, arctic monkeys, de-phazz, massive attack, sarah mclachlan, bob marley, morcheeba, enter shikari, pearl jam, deftones
stevie wonder, jazzanova, caetano veloso, james brown, booka shade, herbie hancock, the cinematic orchestra, radiohead, arctic monkeys, miles davis, gorillaz, jamiroquai, vampire weekend, daft punk, michael jackson
brian eno, boards of canada, the cinematic orchestra, radiohead, animal collective, j dilla, tortoise, max richter, devo, the streets, autechre, joy division, madlib, mf doom
in flames, chevelle, ill ni?o, killswitch engage, p.o.d., coldplay, as i lay dying, avenged sevenfold, los hermanos, soulfly, trivium, 3 doors down, machine head, metallica, stone sour, mudvayne, cradle of filth, bush, silverchair, static-x, chimaira, bullet for my valentine, red hot chili peppers, enya, godsmack, nickelback, caliban
sting, depeche mode, seal, george michael, alicia keys, prince, céline dion, red hot chili peppers, bruce springsteen, avril lavigne, simon & garfunkel, mary j. blige, santana, coldplay, dido, duran duran, queen, led zeppelin, massive attack, lenny kravitz, dire straits, r.e.m., james blunt, alanis morissette, mike oldfield, michael jackson, roxette, ray charles, katie melua
black sabbath, iron maiden, metallica, darkthrone, neil young, melvins, burial, stereolab, bathory, mot?rhead, the fall, slowdive, black flag, boards of canada, immortal, judas priest, sodom
band of horses, jet, the strokes, the hellacopters, the shins, coldplay, h?kan hellstr?m, the beatles, mando diao, lifehouse, led zeppelin, jamiroquai, rise against, gavin degraw, kings of leon, goo goo dolls, paolo nutini, muse, black rebel motorcycle club, death cab for cutie, ryan adams, shout out louds, keane, the killers, arctic monkeys, the kooks, kent, stereophonics, the rolling stones, the cardigans, norah jones, abba, kasabian, hot hot heat
phil collins, howard shore, marillion, daft punk, peter gabriel, king crimson, john williams, sting, [unknown]
nick cave and the bad seeds, new order, beck, talking heads, the rolling stones, the last shadow puppets, lcd soundsystem, gotan project, eels, the raconteurs, the beatles, david bowie, thievery corporation, johann sebastian bach, mark ronson, the black keys, digitalism, prince
they might be giants, radiohead, rilo kiley, r.e.m., jack johnson, pixies, tenacious d, ben folds five, ben folds, the postal service, the shins, the smiths, barenaked ladies, modest mouse, peter gabriel, travis, cake, built to spill, the decemberists, arctic monkeys, pink floyd, ani difranco, u2
opeth, katatonia, lamb of god, camel, porcupine tree, pink floyd, kreator, mastodon, dark tranquillity, skid row, at the gates, misfits, slayer, the doors, satyricon, death, moonspell, testament, megadeth, killswitch engage, caliban, metallica, mot?rhead, bloodbath, isis, queensr?che, ensiferum, gojira, iced earth, arch enemy, norther, apocalyptica, amon amarth
nightwish, ensiferum, eluveitie, korpiklaani, in flames, 3 doors down, children of bodom, marilyn manson, samael, him, norther, amorphis, red hot chili peppers, moonspell, finntroll, sigur rós, alice in chains, turisas, sentenced, cradle of filth, bullet for my valentine, metallica, killswitch engage, nirvana
sonata arctica, marilyn manson, linkin park, him, lacuna coil, koЯn, nickelback, incubus, evanescence, soundtrack, enigma, the rasmus, 3 doors down, metallica, eminem, tenacious d, avril lavigne, 30 seconds to mars, scorpions, fall out boy, foo fighters, nightwish, slipknot, my chemical romance, within temptation, dragonforce
common, the white stripes, matisyahu, nine inch nails, de la soul, le tigre, clap your hands say yeah, girl talk, beastie boys, vampire weekend, m.i.a., kanye west, a tribe called quest, kimya dawson, dj shadow, notorious b.i.g., beck, modest mouse, peter bjorn and john, deerhoof, misfits, the roots, rjd2, django reinhardt, ...and you will know us by the trail of dead, ramones, outkast, peaches, radiohead, metallica, of montreal
bright eyes, sufjan stevens, architecture in helsinki, minus the bear, the shins, metric, explosions in the sky, death cab for cutie, patrick wolf, regina spektor, of montreal, the mountain goats, radiohead, sigur rós, belle and sebastian, mirah, imogen heap, animal collective, modest mouse, rilo kiley, feist, tegan and sara, neutral milk hotel, beirut, broken social scene, cocorosie, andrew bird, fiona apple, pinback, coldplay, the decemberists
linkin park, black eyed peas, madonna, akon, the corrs, nine inch nails, beyoncé, bon jovi, abba
kings of leon, jamie cullum, kanye west, bob marley & the wailers
stereolab, the shins, sigur rós, the smiths, blonde redhead, of montreal, mogwai, jens lekman, the new pornographers
stratovarius, garbage, helloween, the birthday massacre, death, kylie minogue, megadeth, iron maiden, moonspell, black sabbath, gamma ray, metallica, arch enemy, dimmu borgir, faith no more, david bowie, children of bodom, nightwish, deep purple, ozzy osbourne
frank sinatra, metallica, rammstein, guano apes, sepultura, slipknot, rage against the machine, aerosmith, papa roach, nirvana, p.o.d., nightwish, louis armstrong, limp bizkit, the offspring, pendulum, ac/dc, koЯn, marilyn manson, era, scorpions, the beatles
paramore, jonas brothers, boys like girls, flyleaf, mae, red.jumpsuit.apparatus, simple plan, cute is what we aim for, something corporate, backstreet boys, the all-american rejects, blink-182, the hush sound, the academy is..., new found glory, saosin, good charlotte, three days grace, fall out boy, all time low, story of the year
the faint, gorillaz, late of the pier, the shins, the dandy warhols, the bravery, air, radiohead, the killers, the presets, the vines, hot chip, max?mo park, kaiser chiefs, pixies
eminem, james brown, [unknown], dr. dre, nelly, enya, 50 cent, black eyed peas, jay-z, mariah carey, céline dion, dmx, marvin gaye, britney spears, rihanna
boys noize, digitalism, timbaland, benny benassi, infected mushroom
as i lay dying, converge, bring me the horizon, hatebreed, funeral for a friend, all shall perish, thursday, enter shikari, chimaira, the black dahlia murder, the dillinger escape plan, the blood brothers, trivium, thrice, underoath, parkway drive
the weakerthans, belle and sebastian, mirah, tegan and sara, coldplay, the shins, ok go, sufjan stevens, bright eyes, the decemberists, nick drake, no doubt, iron & wine, the kooks, beck, gwen stefani, bob dylan, tom petty and the heartbreakers, the killers, the clash, the smashing pumpkins, joanna newsom, radiohead, reel big fish, say anything, bloc party, the postal service, architecture in helsinki, vampire weekend, of montreal, jimmy eat world
travis, the jam, bruce springsteen, pavement, nick drake, the beatles, snow patrol, badly drawn boy, elliott smith
pearl jam, the smashing pumpkins, fugazi, the police, green day, melvins, stone temple pilots, soundgarden, alice in chains, black sabbath, megadeth, kyuss, the haunted, the beatles, coldplay, pennywise, brand new, silverchair, metallica, weezer, rage against the machine, iron maiden, bad religion, misfits, black flag, led zeppelin, nofx, oasis, afi
kent, kings of convenience, bj?rk, sigur rós, emilíana torrini, joanna newsom, michael jackson, [unknown], anna ternheim, keane, joni mitchell, sade, leonard cohen, dido, camera obscura, enigma, coldplay
rihanna, britney spears, beyoncé, spice girls, t.a.t.u., fergie, madonna, pink, avril lavigne, abba, natasha bedingfield, gwen stefani, janet jackson, mariah carey, robyn, ashlee simpson, roxette, the pussycat dolls, kelly clarkson, mika, christina aguilera, céline dion, my chemical romance, kate bush, iron maiden
nofx, manu chao, the offspring, gogol bordello, ignite, limp bizkit, rancid, guano apes, system of a down, rage against the machine, red hot chili peppers
tristania, 65daysofstatic, all that remains, red.jumpsuit.apparatus, rise against, the all-american rejects, morcheeba, as i lay dying, korpiklaani, chimaira, anti-flag, amon amarth, kaiser chiefs
kanye west, bob marley & the wailers, hans zimmer, eminem, akon, timbaland, lil wayne, clint mansell, madlib
christina aguilera, jason mraz, the kooks, stone sour, stereophonics, sting, beyoncé, avril lavigne
judas priest, iron maiden, hammerfall, blind guardian, system of a down, agalloch, haggard, scorpions, queensr?che, die ?rzte, disturbed, sabaton, amon amarth, in extremo, dio
[johnny cash]
anti-flag, bad religion, pantera, van halen, ac/dc
the rolling stones, calexico
limp bizkit, angels & airwaves, queen, blind guardian, peter fox, fall out boy, sonic syndicate, ludacris, gym class heroes, escape the fate, rammstein, john legend, foo fighters, joshua radin, the ting tings, dave matthews band, eric clapton, farin urlaub, sum 41, clueso, eminem
iced earth, skid row, ac/dc, tristania, kreator, megadeth, kiss, children of bodom, sodom, korpiklaani, janis joplin, pantera, evanescence, arch enemy, judas priest, slayer, led zeppelin, mot?rhead, epica, m?tley crüe, ensiferum, bon jovi, aerosmith
bullet for my valentine, system of a down, the beatles, iron maiden, disturbed, him, breaking benjamin, linkin park, ozzy osbourne, avenged sevenfold
aimee mann, ben harper, beck, nina simone, radiohead, elliott smith, portishead, led zeppelin, jeff buckley, fiona apple, pink floyd, sarah mclachlan, joni mitchell, moby, rufus wainwright, tori amos
streetlight manifesto, at the drive-in, the police, converge, the fall of troy, the specials, the decemberists, the mars volta, king crimson, neutral milk hotel, pixies, circa survive, explosions in the sky, bloc party, reel big fish
massive attack, bob marley & the wailers, above & beyond, kraftwerk, scorpions
danny elfman, queen, sarah mclachlan, john williams, billy joel, toto, michael jackson, frank sinatra, steely dan, gorillaz, eminem, eric clapton, david bowie, maroon 5
myslovitz, linkin park, timbaland, lupe fiasco, scooter, flo rida, 30 seconds to mars, delerium, staind, david guetta, lady gaga, amy macdonald, the beatles, blind guardian, paradise lost
franz ferdinand, eminem, ghostface, nas, neil young, frank zappa, jedi mind tricks, dr. dre, the game, jefferson airplane, johnny cash, electric light orchestra, the byrds, jay-z, 2pac, atmosphere, death cab for cutie, sonic youth, joni mitchell, nirvana, billy joel, snoop dogg, the raconteurs, lou reed, 50 cent
placebo, fall out boy, beyoncé, my chemical romance, moloko, guano apes, the prodigy, muse, the pipettes, avril lavigne, the pussycat dolls, the killers, lily allen, garbage, nirvana, travis, a perfect circle, gwen stefani, the cranberries, no doubt, arctic monkeys, enter shikari, jamiroquai, lady gaga, nelly furtado, blink-182, britney spears, 30 seconds to mars, christina aguilera
katie melua, james blunt, tom waits, justin timberlake, pink martini, corinne bailey rae, sting, diana krall, a fine frenzy, norah jones, jack johnson, seeed, johann sebastian bach, coldplay, manu chao, rihanna, jason mraz, colbie caillat, amy winehouse, mika, dido
john mayer, sufjan stevens, jason mraz, depeche mode, supertramp, alanis morissette, the postal service, u2, coldplay, death cab for cutie, switchfoot, phoenix, sting, daft punk, elvis costello, paul mccartney, the beatles, sarah mclachlan, jamie cullum, sheryl crow, diana krall, new order, madonna, radiohead, robbie williams, alicia keys, kraftwerk, hooverphonic, the ting tings
john coltrane, serge gainsbourg, brian eno, david bowie, bj?rk, max richter, marvin gaye, boards of canada, sufjan stevens, antony and the johnsons, m83, madvillain, sigur rós, kraftwerk, bonnie prince billy, yann tiersen, venetian snares, autechre, mogwai, godspeed you! black emperor, aphex twin, joy division, radiohead, erykah badu, pink floyd, the jimi hendrix experience, frédéric chopin
kings of leon, system of a down, deftones, ...and you will know us by the trail of dead, static-x, koЯn, cypress hill, yeah yeah yeahs, belle and sebastian, nirvana, soulfly, muse, placebo, limp bizkit, p.o.d., the killers, snow patrol, billy talent, rammstein, fear factory, slipknot, bloc party, marilyn manson, death cab for cutie, machine head, the strokes, peter bjorn and john, sum 41, rage against the machine, tenacious d, johnny cash, the libertines, blink-182, morrissey, the sounds, bloodhound gang, mogwai, múm
enya, loreena mckennitt, andrew lloyd webber, howard shore
gotan project, katie melua, buena vista social club
alice in chains, captain beefheart & his magic band, beastie boys, public enemy, melvins, the cure, faith no more, buzzcocks, bad brains
pavement, belle and sebastian, the get up kids, m83, grizzly bear, david bowie, misfits, architecture in helsinki, pixies, bob dylan, descendents, broken social scene, jay-z, devo, the arcade fire, metric, my morning jacket, new order, low, iron maiden, the clash, mgmt, built to spill, the faint
red hot chili peppers, the clash, sublime, turbonegro, dead kennedys, the cure, captain beefheart & his magic band, ramones, faith no more, the jimi hendrix experience, nofx, muse, queens of the stone age, mot?rhead, john frusciante, the white stripes, pixies, pink floyd, megadeth, devo, led zeppelin, primus, thin lizzy, mogwai, misfits, the beatles, black sabbath, rage against the machine, joy division, madness
black label society, nickelback, limp bizkit, disturbed, ill ni?o, rob zombie, wu-tang clan, johnny cash, arch enemy, dmx, dope, [unknown], red hot chili peppers, mobb deep, nas, behemoth, 3 doors down, katatonia, bob marley, eminem, gang starr, my dying bride
aphex twin, ayreon, scar symmetry, pain of salvation, porcupine tree, u2, pixies, dir en grey, red hot chili peppers, in flames, death cab for cutie, keane, coldplay, rammstein, the chemical brothers, morcheeba, matchbox twenty, blur
ramones, johnny cash, dropkick murphys, misfits, bad religion, die toten hosen, ignite, afi, turbonegro, rise against, social distortion, volbeat, nofx, beatsteaks, the bouncing souls, against me!, eagles of death metal, die ?rzte, rancid, tenacious d, flogging molly, tom petty and the heartbreakers, the hellacopters, green day, metallica, anti-flag, creedence clearwater revival, queens of the stone age
bob marley, gorillaz, ray charles, chico buarque, bob dylan, janis joplin, the beatles, talking heads, new order, phoenix, queen, the clash, dead can dance, elvis costello, peter gabriel, the who
koЯn, system of a down, the offspring, johnny cash, sonata arctica, alice cooper, queen, slipknot, abba, michael jackson, paradise lost, static-x, korpiklaani, rise against, green day, pain, elvis presley, cypress hill, billy talent, in flames, kings of leon, rammstein, finntroll, megadeth, avantasia, type o negative, opeth, him, iron maiden, the 69 eyes, the sisters of mercy, matisyahu, kiss
bloc party, gang starr, band of horses, girl talk, the decemberists, phoenix, third eye blind, broken social scene, kings of leon, the album leaf, death cab for cutie, arcade fire, city and colour, m83, circa survive, the cure, angels & airwaves, sufjan stevens, fleet foxes, hot chip, apparat, bright eyes, coldplay, thrice, the smashing pumpkins, the killers, the notwist, belle and sebastian, cut copy, feist, josé gonzález
die ?rzte, oasis, kate nash, red hot chili peppers, system of a down, coldplay, incubus, clueso, panic at the disco, blink-182, james morrison, rihanna
ferry corsten, paul van dyk, the prodigy, blank & jones, armin van buuren, above & beyond, chicane, scooter, the chemical brothers
clint mansell, the crystal method, the chemical brothers, sigur rós, slowdive, m83, pink floyd, madonna, janis joplin, hans zimmer, róisín murphy, bob dylan, the doors, abba, kult, portishead, myslovitz, queen, kanye west, u2, deep purple, led zeppelin, explosions in the sky, aretha franklin, placebo
burial, justin timberlake, elliott smith, sigur rós, dizzee rascal, m.i.a., bad religion, bj?rk, rancid, sonic youth, klaxons, mastodon, lcd soundsystem, animal collective, devendra banhart, the roots, arctic monkeys, arcade fire, converge
the smashing pumpkins, radiohead, pearl jam, bob dylan, blink-182, ben harper, snow patrol, damien rice, bj?rk, kiss, frank sinatra, sigur rós, interpol, the cranberries, my chemical romance, skillet, jeff buckley, r?yksopp, bush, placebo, coldplay, sufjan stevens, kt tunstall, oasis, joshua radin, david gray, red hot chili peppers, avril lavigne, ray lamontagne, lifehouse, jethro tull, foo fighters, joy division, massive attack, nirvana, bruce springsteen, red.jumpsuit.apparatus, a fine frenzy, muse, elton john, sonic youth
animal collective, sigur rós, fleet foxes, opeth, explosions in the sky, thrice, neutral milk hotel, death cab for cutie, radiohead
as i lay dying, death cab for cutie, sufjan stevens, killswitch engage, all that remains, aesop rock, all shall perish, the magnetic fields, calexico, belle and sebastian, modest mouse
isis, faith no more, depeche mode, a perfect circle, foo fighters, down, ac/dc, deftones, lily allen, alice in chains, moby, godsmack, kmfdm
armin van buuren, atb, paul van dyk, ti?sto, frédéric chopin, above & beyond, enigma, ferry corsten
ulver, schandmaul, opeth, dimmu borgir, vader, cradle of filth, in extremo, agalloch, pain, finntroll, korpiklaani, behemoth, satyricon, system of a down, rammstein, immortal, soulfly, subway to sally, dope, blind guardian, children of bodom
george michael, air, antonio vivaldi, enya, michael jackson, aretha franklin, seal, aimee mann, thievery corporation, a-ha, genesis, prince, sade, 2pac, nickelback, philip glass, morcheeba, pink floyd, radiohead, lamb, lenny kravitz, snoop dogg, kraftwerk
[t.a.t.u.]
in flames, black sabbath, genesis, king crimson, led zeppelin, rainbow, deep purple, gamma ray, soundtrack, marillion, the who
beirut, tokyo police club, the smiths, the black keys, beck, animal collective, tv on the radio, phoenix, the whitest boy alive, sigur rós, neil young, yo la tengo, badly drawn boy, miles davis, m83, the beach boys, cansei de ser sexy, the radio dept., peter bjorn and john, feist, kings of convenience, belle and sebastian, de la soul, the white stripes, broken social scene, cut copy, new order, black rebel motorcycle club, hot chip, talking heads, blonde redhead
avantasia, hammerfall, kamelot, dragonforce, helloween, iced earth, manowar, edguy, judas priest, pantera, mot?rhead, def leppard, kiss, deep purple, vader, trivium, gamma ray, van halen, slayer, sonata arctica
sugababes, girls aloud, britney spears, lily allen, imogen heap, christina aguilera, beyoncé, rihanna, keane, lady gaga, gwen stefani, duran duran, kylie minogue, natasha bedingfield, katy perry, robyn, alanis morissette
mf doom, jay-z, lil wayne, kanye west, the roots, 2pac, t.i., santogold, madvillain, amy winehouse, madlib, m.i.a., mos def, nelly furtado, jurassic 5, immortal technique, lupe fiasco, timbaland, common, nas, rihanna
the beatles, apocalyptica
underoath, bullet for my valentine, paramore, avenged sevenfold, fall out boy, funeral for a friend, three days grace, ac/dc, panic at the disco, from first to last, my chemical romance, audioslave, silverstein, as i lay dying, cute is what we aim for, disturbed, skillet, foo fighters, the killers, nickelback, killswitch engage, taking back sunday, papa roach, finch, incubus, creedence clearwater revival, katatonia, alter bridge, a perfect circle, tool, relient k, the academy is...
kings of leon, the smashing pumpkins, radiohead, the smiths, jeff buckley, justice, queens of the stone age, aphex twin, the cure, circa survive, marvin gaye, digitalism, m83, marilyn manson, aesop rock, death from above 1979, bloc party, chiodos, crystal castles, the killers, mgmt, bj?rk, cocteau twins, the kills, misfits, arctic monkeys, vampire weekend, alexisonfire, the academy is..., the beach boys, nirvana, talking heads, tenacious d, the distillers, dr. dre, incubus, moby
ani difranco, elliott smith, fiona apple, nick drake, cocorosie, tori amos, radiohead, matisyahu, tegan and sara, regina spektor, aimee mann, mirah, rufus wainwright, the smashing pumpkins, sarah mclachlan, alanis morissette, manu chao, john lennon, billie holiday
janis joplin, morrissey, the killers, pixies, jeff buckley, ramones, the hives, deftones, faith no more, keane, wilco
soulfly, apocalyptica, john frusciante, gorillaz, guano apes, rage against the machine, therion, godsmack, adema, red hot chili peppers, tool, the prodigy, deftones, vader, satyricon, kyuss, rammstein, joe satriani, slipknot, lamb of god, black sabbath, jimi hendrix, dj shadow, clint mansell, kult, the offspring, pixies, caliban, in flames, isis, audioslave, slayer, riverside, foo fighters, pantera
metallica, jimi hendrix, the jimi hendrix experience, arctic monkeys, pink floyd, death cab for cutie, seether, jack johnson, alice in chains, nirvana, linkin park, brian eno, soundgarden, the beatles, led zeppelin, gorillaz, buckethead, foo fighters, radiohead, red hot chili peppers, lostprophets, eagles of death metal, stone sour, bonobo, rage against the machine, primal scream, pearl jam, deep purple, black sabbath, ramones, jethro tull, sum 41
pink, the beatles, seeed, ray charles, clueso, bad religion, abba, green day, gorillaz, bloodhound gang, norah jones, mando diao, justin timberlake, daft punk, maroon 5, depeche mode, panic at the disco, seal, die toten hosen, red hot chili peppers, arctic monkeys, sheryl crow, faithless, bon jovi, good charlotte, the rolling stones, the subways, tegan and sara, ac/dc, deichkind, franz ferdinand, groove coverage, evanescence, atb, blank & jones, eminem, scooter, the rasmus, coldplay
simple plan, o.s.t.r., sum 41, billy talent, green day, eminem, jonas brothers, 2pac, my chemical romance, linkin park, 30 seconds to mars, avril lavigne, the fray, michael jackson, james blunt, feeder, nelly furtado, red hot chili peppers, enrique iglesias, akon, breaking benjamin
linkin park, above & beyond, armin van buuren, saosin, 30 seconds to mars, anberlin, evanescence, ferry corsten
the white stripes, manu chao, gentleman, miles davis, matisyahu, muse, jimi hendrix, radiohead, nirvana, ignite, bob marley & the wailers, morcheeba, the kooks, the killers, the doors, moby, the rolling stones
joy division, the sisters of mercy, bauhaus, ulver, dead can dance, buzzcocks, david bowie, siouxsie and the banshees, depeche mode, morphine, the cure, nick cave and the bad seeds
[linkin park]
killswitch engage, ti?sto, jamiroquai, metallica, kamelot, dream theater, mylo, opeth, queen, soilwork, symphony x, scar symmetry, coheed and cambria, guns n roses, robbie williams, audioslave, atb, strapping young lad, disturbed, armin van buuren, system of a down, richard cheese, ayreon, foo fighters, john mayer, megadeth, volbeat, slipknot, r?yksopp, in flames, kanye west, dragonforce, trivium, coldplay, frank sinatra, muse, stone sour, john williams, all that remains, david guetta, bullet for my valentine, daft punk, rage against the machine, children of bodom
2pac, 50 cent, ice cube, stevie wonder, johnny cash, bob dylan, snoop dogg, creedence clearwater revival, santana, buena vista social club, marvin gaye
the magnetic fields, red hot chili peppers, mogwai, the libertines, hot chip, mando diao, kraftwerk, the offspring, poets of the fall, josé gonzález, joanna newsom, the whitest boy alive, fall out boy, u2, scooter, in flames, eminem, cascada, hammerfall, system of a down, john lennon
alanis morissette, the white stripes, the beatles, placebo, radiohead, silverchair, the smashing pumpkins, chico buarque, coldplay, the cure, u2, bj?rk, interpol, the cranberries, the jesus and mary chain, muse, portishead, franz ferdinand, the killers, mgmt, simon & garfunkel, the strokes, sex pistols, rufus wainwright
rancid, rammstein, nofx, dead kennedys, nirvana, the clash
bj?rk, bloc party, portishead, beck, lykke li, lily allen, fiona apple, erykah badu, bon iver, goldfrapp, télépopmusik, depeche mode, roots manuva, michael jackson, r?yksopp, fleet foxes, jamie cullum, sufjan stevens, gorillaz, kanye west, james blunt, ramones, maroon 5, thievery corporation, peaches
m.i.a., ti?sto, the used, afi, pet shop boys, mgmt, r?yksopp, from autumn to ashes, paramore, ratatat, chiodos, janet jackson, pink, the faint, amy winehouse, flo rida
radiohead, snow patrol, josé gonzález, atmosphere, sufjan stevens, notorious b.i.g., ben folds, ryan adams, gang starr, brand new, third eye blind, bright eyes, lupe fiasco, cat power, iron & wine, gorillaz, the magnetic fields, the wombats, jurassic 5, feist, the smashing pumpkins, lil wayne, sigur rós, arcade fire, dr. dre, jimmy eat world, mgmt, goo goo dolls, coldplay, neko case, immortal technique, télépopmusik, angels & airwaves
mika, of montreal, amy winehouse, the beatles, the cranberries, bob marley, fleet foxes, bob marley & the wailers, sonic youth, mgmt, queen, beirut, the last shadow puppets, muse, the white stripes
afi, iron maiden, morrissey, ill ni?o, rush, stratovarius, chimaira
coldplay, oasis, incubus, enigma, unkle, dredg, kosheen, depeche mode, moby, deftones, armin van buuren, god is an astronaut, blur, p.o.d., t.a.t.u., lamb, the prodigy, arctic monkeys, the chemical brothers, placebo, radiohead, u2
eminem, snow patrol, evanescence, enya, system of a down, manu chao, moby, ti?sto
pearl jam, in flames, foo fighters, misfits, biffy clyro, metallica, the killers, volbeat, papa roach, m?tley crüe, mando diao, coldplay, kanye west, nine inch nails, stone sour, nirvana, red hot chili peppers, chris cornell, breaking benjamin, alice in chains, ac/dc, koЯn, the white stripes, avenged sevenfold, the offspring, audioslave, guns n roses, rise against, the chemical brothers, apocalyptica, goo goo dolls, linkin park, turbonegro, the all-american rejects, three days grace, arctic monkeys, britney spears, pink floyd, aerosmith, led zeppelin, creed
siouxsie and the banshees, the cure
def leppard, ensiferum, iron maiden, bon jovi, megadeth, hammerfall, in flames, testament, ac/dc, edguy, kiss, turisas, helloween
jedi mind tricks, cypress hill, sage francis, philip glass, opeth, atmosphere, anathema, madvillain, dizzee rascal
lacuna coil, disturbed, scar symmetry, sonata arctica, rise against, ayreon, 36 crazyfists, james blunt, nightwish, atreyu, iron maiden, eluveitie, devildriver, opeth, trivium
paramore, colbie caillat
bob marley, dire straits, blondie, creedence clearwater revival, marvin gaye, u2
the national, m83, god is an astronaut, of montreal, stars, mogwai, goo goo dolls, the radio dept., sigur rós, ratatat, brand new, 65daysofstatic, frou frou, isis, bloc party, cocteau twins, imogen heap, mew, kings of convenience, okkervil river, the postal service, depeche mode, phoenix
ska-p, dragonforce, system of a down, flogging molly, calexico, iron maiden, billy talent, phil collins, edguy, tracy chapman, the beatles, judas priest, evanescence, arch enemy, jimmy eat world, queen, soilwork, the fray, hammerfall, joshua radin, fear factory, bryan adams, rancid, r.e.m., dropkick murphys, the hellacopters, metallica
tom waits, elvis presley, belle and sebastian, pj harvey, billie holiday, pixies, the knife, the jesus and mary chain, rufus wainwright, feist, the magnetic fields, new order, morrissey, m. ward, ray charles, primal scream, fleet foxes, van morrison, air, cocorosie, gotan project, the velvet underground, the smiths, neil young, louis armstrong, final fantasy, siouxsie and the banshees, iron & wine, joy division, the postal service, bob dylan, calexico, the beach boys
einstürzende neubauten, ministry
basement jaxx, beck, m83, weezer, no doubt, m.i.a., arcade fire, the hives, the strokes, sigur rós, robbie williams, blur, daft punk, justice, ok go, the shins, the cribs, death from above 1979, télépopmusik, feist, the kooks, tokyo police club, the mars volta, tegan and sara, hot chip, razorlight, phoenix, wilco, unkle, dredg, imogen heap, peter bjorn and john, vampire weekend, flight of the conchords, the chemical brothers
flogging molly, avantasia, ramones
david bowie, red hot chili peppers, nine inch nails, crystal castles, ramones, iggy pop, nirvana, the smiths, blur, the smashing pumpkins, the flaming lips, the clash, pearl jam, tori amos, public enemy, tegan and sara, franz ferdinand, the chemical brothers, the white stripes, joy division, the cure, le tigre, radiohead, blondie, kaiser chiefs, alice in chains, pixies, goldfrapp, soundgarden, stone temple pilots, air, buena vista social club, ladytron, devo
the radio dept., autechre, bauhaus
booka shade, beirut, bon iver, portishead, trentem?ller, clap your hands say yeah, the clash, h?kan hellstr?m, hot chip, the knife, badly drawn boy
rammstein, vader, cradle of filth
manu chao, timbaland, r?yksopp, beirut, the smashing pumpkins, bruce springsteen, eric clapton, justin timberlake, the game, tom waits, kylie minogue, depeche mode, 50 cent, metallica, nightwish, kanye west, daft punk, lady gaga
frank sinatra, john williams, hans zimmer, billie holiday
red hot chili peppers, sonic syndicate, fall out boy, rammstein, sabaton, tenacious d, 50 cent, basshunter, nickelback, disturbed, roxette, akon, trivium, limp bizkit, linkin park, muse, bloc party, santogold, avenged sevenfold, p.o.d., fatboy slim, arctic monkeys, bloodhound gang, slayer, coldplay
therion, tiamat, johann sebastian bach, pink floyd, rainbow, max richter
nightwish, t.a.t.u., evanescence, moby, the rasmus, my chemical romance, lostprophets
delerium, portishead, daft punk, enigma, brian eno, the crystal method, de la soul, the chemical brothers, above & beyond, michael jackson, madonna
robbie williams, poets of the fall, justin timberlake, 50 cent, basement jaxx, madonna, franz ferdinand, rihanna, gwen stefani, nightwish, tenacious d, red hot chili peppers, snoop dogg, rammstein, the pussycat dolls, cascada, mylo, bon jovi
the rasmus, death cab for cutie, imogen heap, shiny toy guns, boys like girls, frou frou, him, 30 seconds to mars, breaking benjamin, metallica, muse, boards of canada, system of a down, god is an astronaut, m83, coldplay, fischerspooner, apocalyptica, hellogoodbye, seether, télépopmusik, blonde redhead, the postal service, cut copy, jason mraz, metric, the decemberists
anathema, katatonia, bon jovi, ladytron, bullet for my valentine, type o negative, apocalyptica, my dying bride, tool
frank sinatra, mika, rihanna, james blunt, fergie, avril lavigne, antonio vivaldi, nelly furtado, fall out boy, enrique iglesias, hellogoodbye, muse, timbaland, maroon 5, the chemical brothers
buckethead, pink floyd, frank zappa, dire straits, camel, coldplay, radiohead, porcupine tree, epica, led zeppelin, dream theater, jimi hendrix, rammstein, anathema, archive, aerosmith, akira yamaoka, metallica, audioslave, hans zimmer, nightwish, depeche mode, nickelback, r.e.m., santana, keane, ac/dc
hans zimmer, howard shore, riverside, coldplay, pink floyd, radiohead, anathema, dire straits, blackfield, bob marley, the police, enigma, linkin park, enya, eric clapton, porcupine tree, ludwig van beethoven, gorillaz, steely dan, fort minor, breaking benjamin, vangelis, fleet foxes, pain of salvation, sting, eminem, the ting tings, evanescence
jason mraz, jack johnson, counting crows, ben harper, john mayer, taylor swift, gavin degraw, sara bareilles, dave matthews band, colbie caillat, matchbox twenty, dashboard confessional, bob dylan, joshua radin, eels, foo fighters, audioslave, the beatles, spoon
him, rancid, the sisters of mercy, ozzy osbourne, the clash, iron maiden, alice cooper, franz ferdinand, flogging molly, megadeth, the rasmus, social distortion
regina spektor, the hush sound, coldplay, radiohead, paramore, bloc party, michael bublé, panic at the disco, cobra starship, justice, boys noize, the beatles, mindless self indulgence, the killers, muse, damien rice, motion city soundtrack, enter shikari, michael jackson, the wombats, portishead, the used, arctic monkeys, rage against the machine, pendulum, hellogoodbye, linkin park, basshunter, adele, mgmt, plain white ts, taking back sunday, keane, all time low, robbie williams
queen, kiss, porcupine tree, pink floyd, van halen, led zeppelin, aerosmith, deep purple, david bowie, phil collins, genesis, guns n roses, black sabbath, the who, supertramp, ac/dc, the beatles, the police, bon jovi, the cranberries, john williams, u2, goo goo dolls, rush, paul mccartney, toto, dire straits, metallica, the rolling stones, pearl jam, rainbow
belle and sebastian, bob marley & the wailers, porcupine tree, stars, badly drawn boy, the smashing pumpkins, massive attack, nada surf, pixies, the flaming lips, the decemberists, the books, the dandy warhols, the offspring, the new pornographers, gorillaz, frank sinatra, modest mouse, blonde redhead, cat stevens, tortoise
ac/dc, three days grace, red hot chili peppers, blink-182, tenacious d, pantera, nirvana, ben harper, the who, plain white ts, rise against, metallica, rage against the machine, the all-american rejects
daft punk, shpongle, róisín murphy, the cure
miley cyrus, fall out boy, jonas brothers, the beatles, electric light orchestra, the pipettes, franz ferdinand, backstreet boys, the sounds, my chemical romance, pink, elvis presley, gwen stefani, duffy, kelly clarkson, spice girls, katy perry, ashlee simpson
disturbed, 3 doors down, a perfect circle, hilary duff, p.o.d., godsmack, adema, flyleaf, kelly clarkson, fort minor, gwen stefani, breaking benjamin, madonna, lostprophets, rihanna, cascada, papa roach, fergie, bloodhound gang, evanescence
coheed and cambria, aerosmith, my chemical romance, converge, children of bodom, cradle of filth, buckethead, the cranberries, edguy, modest mouse, imogen heap, dragonforce, metallica, rilo kiley, the shins, dire straits, tracy chapman, blind guardian, the academy is..., fall out boy, alanis morissette, blink-182, at the gates, katy perry, green day, behemoth, thin lizzy, fleetwood mac, bob dylan, r?yksopp, the mars volta, the get up kids
dream theater, pink floyd, rush, genesis, joe satriani, iron maiden, ayreon, queensr?che, daft punk, metallica, fleetwood mac, jamiroquai, u2, frank zappa, guns n roses, peter gabriel, scooter, nightwish, bloodhound gang, megadeth, eric clapton, bob marley & the wailers, rainbow, iced earth, dethklok, the police, tenacious d, sonata arctica, mastodon, black sabbath, dragonforce, m?tley crüe
camel, danny elfman, manu chao, parov stelar, andrew lloyd webber, pink floyd, abba, electric light orchestra, moby, jethro tull
drowning pool, akurat, black label society, metallica, iron maiden, megadeth, ozzy osbourne, rise against, o.s.t.r., rammstein, pain
gorillaz, black eyed peas, ac/dc, bob marley, coldplay, bryan adams, disturbed, tricky, the police, hooverphonic, sean paul, shakira, fergie, the beatles, massive attack, van halen, lordi
the offspring, the smashing pumpkins, blink-182, morrissey, evanescence, haggard, the academy is..., alesana, stratovarius, gym class heroes, my chemical romance, placebo, marilyn manson, nightwish, good charlotte, 30 seconds to mars, dmx, tarja turunen
guided by voices, the smiths, mobb deep, slowdive, low, leonard cohen, descendents
evanescence, within temptation, soilwork, system of a down, stratovarius, sonata arctica, manowar, hammerfall, dimmu borgir, breaking benjamin, pain, amon amarth, era, opeth, avril lavigne, kamelot, children of bodom, three days grace, eminem, sabaton, sum 41, jimmy eat world, rammstein, slipknot, def leppard, epica, hilary duff, the haunted, skillet, basshunter, blink-182, the rasmus
iron maiden, blind guardian, angra, stratovarius, gamma ray, hammerfall, nightwish, manowar, simon & garfunkel, deep purple, sonata arctica, black sabbath, within temptation, three days grace, pink floyd, dream theater, led zeppelin, apocalyptica, the beatles, avantasia, helloween, after forever, rhapsody of fire, skid row, jimi hendrix, metallica, bon jovi
david bowie, frank sinatra, radiohead, pj harvey, regina spektor, the beatles, bj?rk, the smiths, the white stripes, billie holiday, charlie parker, einstürzende neubauten, depeche mode, nick cave and the bad seeds, manic street preachers, johnny cash, abba, nick drake, the kinks, amy winehouse, queens of the stone age, supergrass, the pipettes, elliott smith, neil young, jimi hendrix, scissor sisters
van halen, placebo, django reinhardt, rage against the machine, r.e.m., koЯn
kyuss, down, mot?rhead, bob dylan, nirvana, alice in chains, queens of the stone age, bob marley & the wailers, deep purple, behemoth, kreator, tenacious d, the who, type o negative, the offspring, foo fighters, metallica, anthrax, tool, iron maiden, jimi hendrix, megadeth
ferry corsten, above & beyond, blank & jones
nas, outkast, 2pac, common, dmx, john lennon, busta rhymes, chamillionaire, snoop dogg, jimi hendrix, usher, akon, michael jackson, ne-yo
green day, pendulum, metallica, muse, queens of the stone age, marilyn manson, the white stripes, bullet for my valentine, oasis, rage against the machine, bloodhound gang, the prodigy, nofx, reel big fish, goldfinger, nirvana, basshunter, ac/dc, avenged sevenfold, iron maiden, sublime, tool, evanescence, less than jake, anberlin, megadeth, koЯn, silverchair, the strokes, alkaline trio, billy talent, coheed and cambria, tenacious d, as i lay dying, jimi hendrix, slipknot, the chemical brothers
amon tobin, boards of canada, plaid, prefuse 73, ratatat, burial, beck, thom yorke, girl talk, venetian snares, radiohead, the prodigy, squarepusher, belle and sebastian, m83, aphex twin, joy division, 65daysofstatic, digitalism, jens lekman, the national, autechre, flight of the conchords, r?yksopp, vampire weekend, the chemical brothers, thievery corporation, iron & wine, modest mouse, animal collective, múm
bruce springsteen, stratovarius, edguy, helloween, kamelot, sonata arctica, hoobastank, nightwish, dream theater, angra, megadeth, creed, maroon 5, judas priest, muse, simple plan, avantasia, coldplay, onerepublic, gamma ray, jennifer lopez, sentenced, u2, blind guardian, scorpions
kmfdm, the knife, dead can dance, muse, the white stripes, the sisters of mercy, apocalyptica, siouxsie and the banshees, marilyn manson, portishead, the birthday massacre
belle and sebastian, gorillaz, bj?rk, black eyed peas, blonde redhead, rilo kiley, the beatles, mariah carey, mirah, built to spill, death cab for cutie, kanye west, the weakerthans, air, bob marley & the wailers, timbaland, weezer, le tigre, incubus, paul oakenfold, nelly furtado, fleetwood mac, ratatat, britney spears, coldplay, nelly, matisyahu, wilco, the postal service, the white stripes
booka shade, infected mushroom, katie melua, apparat, goldfrapp, boys noize, the future sound of london, air, massive attack, boards of canada, moby, télépopmusik, bonobo
alesana, rise against, bring me the horizon, sonic syndicate, 36 crazyfists, paramore, all that remains, silverstein, heaven shall burn, bullet for my valentine, disturbed, mudvayne, slipknot, slayer, scar symmetry, caliban, as i lay dying, devildriver, lostprophets, killswitch engage, iron maiden, papa roach, from autumn to ashes, 30 seconds to mars, static-x
paramore, the all-american rejects, bullet for my valentine, avril lavigne, britney spears, mindless self indulgence, ashlee simpson, flyleaf, tenacious d, the used, rise against, panic at the disco, good charlotte, taking back sunday, a day to remember, my chemical romance, papa roach, afi, lostprophets, blink-182, kelly clarkson, trivium, simple plan, funeral for a friend, bring me the horizon, thrice, finch, system of a down, muse, silverstein, 30 seconds to mars, fall out boy, pendulum, green day, dragonforce, something corporate, coheed and cambria, linkin park, anti-flag, serj tankian, escape the fate, disturbed, new found glory, metallica
nine inch nails, nick cave and the bad seeds, radiohead, the new pornographers, guided by voices, the flaming lips, the beatles, pavement, the rolling stones, t. rex, beck, the breeders, david bowie, miles davis, the brian jonestown massacre, busta rhymes, eels
darkthrone, ulver, burzum
flogging molly, audioslave, jamiroquai, coldplay, faithless, queen, led zeppelin, underworld, the police, gorillaz, the streets, nirvana, dizzee rascal, fatboy slim, mark ronson, the killers
morcheeba, travis, coldplay, chris cornell, the killers, alanis morissette, nickelback, maroon 5, david guetta, dave matthews band, sara bareilles, third eye blind, keane, snow patrol, oasis, édith piaf, kaiser chiefs, jem
radiohead, the strokes, stereophonics, daft punk, bloc party, the chemical brothers, muse, oasis, nada surf, massive attack, justice, coldplay, the dandy warhols, the streets, fatboy slim, the killers, ratatat, arctic monkeys, linkin park, eels, air, phoenix, rage against the machine, red hot chili peppers, the prodigy, the white stripes, mgmt, death cab for cutie, digitalism, the raconteurs, interpol, faithless, girl talk, the ting tings, black rebel motorcycle club, blur, the shins, the herbaliser, boys noize, kaiser chiefs, snow patrol, sia
static-x, sigur rós, the pipettes, behemoth, die ?rzte, apoptygma berzerk, a fine frenzy, misfits, avenged sevenfold, the cranberries, lostprophets
the dillinger escape plan, comeback kid, richard cheese, mindless self indulgence, lamb of god, the mars volta, the fall of troy, the blood brothers, nirvana, meshuggah, yeah yeah yeahs, aphex twin, as i lay dying, red hot chili peppers, hatebreed
band of horses, sigur rós, babyshambles, jimmy eat world, ratatat, eric clapton, metallica, keane, snow patrol, coldplay, michael bublé, eminem, radiohead, jamie cullum, r?yksopp, enya, porcupine tree, ryan adams, fleet foxes, jeff buckley, modest mouse, the libertines, james blunt, travis, kaiser chiefs, switchfoot, lifehouse, m83, justice, daft punk, múm, kings of convenience, pearl jam, john mayer, kent, bon iver, arcade fire, klaxons, phoenix, breaking benjamin, david gray, bloc party, air, beirut, howard shore, the wombats, mgmt, joshua radin
timbaland, madonna, robbie williams, anna ternheim, metallica, amy winehouse, iron maiden, nelly furtado, fergie, scooter, roxette, ludacris, elvis presley, rihanna, justin timberlake, nelly, britney spears, ac/dc, bryan adams, guns n roses, h?kan hellstr?m, 50 cent, queen, dire straits, mark ronson, kanye west, missy elliott, t.i.
avril lavigne, tori amos, the white stripes, pixies, mindless self indulgence, the cardigans, bj?rk, green day, radiohead, billy talent, cat power, marilyn manson, the cure, the birthday massacre, beastie boys, him, thrice, koЯn, feist, the strokes
the killers, mgmt, kaiser chiefs, travis, incubus, the fratellis, oasis, snow patrol, daft punk, fall out boy, 30 seconds to mars, madonna, jimmy eat world, my chemical romance, bowling for soup, coldplay, 3 doors down, linkin park, the kooks, arctic monkeys, paramore, pearl jam, pj harvey, nickelback, david guetta, breaking benjamin, counting crows, mindless self indulgence, taylor swift, avenged sevenfold, onerepublic, spoon, lady gaga, kate nash, u2, relient k, modest mouse, placebo
arcade fire, air, editors, keane, coldplay, travis, snow patrol, dido, robbie williams, oasis, james morrison, the kooks, the verve, david gray, lamb, stereophonics, james blunt, hooverphonic, natasha bedingfield, the killers, maroon 5, muse, kaiser chiefs, franz ferdinand, razorlight, radiohead, massive attack, blank & jones, lifehouse, the fray, kasabian, amy macdonald, sarah mclachlan, kt tunstall, mika
beirut, joanna newsom, a day to remember, animal collective, jack johnson, caetano veloso, thrice, incubus, peter bjorn and john, metric, the beatles, no doubt, stevie wonder, elliott smith, the shins, john mayer, jeff buckley, grizzly bear, justice, neutral milk hotel
the kooks, good charlotte, keane, britney spears, duffy, colbie caillat, amy macdonald, lifehouse, backstreet boys, amy winehouse, from first to last, kate nash, paramore, the fray, the killers, plain white ts, beyoncé, the gathering, justin timberlake, john mayer, kaiser chiefs, incubus, arctic monkeys, fall out boy, kings of leon, nirvana, aerosmith, lily allen, rihanna, 3 doors down, regina spektor, taylor swift, jason mraz, blink-182, opeth
[dir en grey]
jay-z, 2pac, snoop dogg, notorious b.i.g., kanye west, elvis presley, the game, eminem, busta rhymes, beastie boys, black eyed peas, outkast
something corporate, stars, taking back sunday, the black keys, the sounds, the rolling stones, linkin park, the kooks, zero 7, howard shore, red hot chili peppers, frank sinatra, tokyo police club, the kills, modest mouse, danny elfman, afi, brand new, arctic monkeys, ratatat
eminem, gorillaz, immortal technique, johnny cash, eric clapton, the who
paradise lost, the haunted, samael, dark tranquillity, in flames, chimaira, pain, all that remains, katatonia, sonic syndicate, fear factory, machine head, ministry, vader, soilwork, killswitch engage, napalm death, moonspell, iced earth, amorphis, meshuggah, ulver, anathema, pain of salvation, sepultura, arch enemy, soulfly
max?mo park, editors, bloc party, death cab for cutie, the national, the kooks, snow patrol, kate nash, the wombats, james blunt, shout out louds, coldplay, kings of leon, muse, the strokes, bruce springsteen, jet, feist, bon iver, arctic monkeys, the pigeon detectives, lykke li, hot hot heat, the subways, dirty pretty things, interpol, amy winehouse, robyn, a fine frenzy, the sounds, u2
loreena mckennitt, katie melua, bob dylan, king crimson, tom waits, gotan project, norah jones, tori amos, enya
wilco, sufjan stevens, grizzly bear, radiohead, rilo kiley, animal collective, the beach boys, the knife, paul mccartney
avenged sevenfold, system of a down, biffy clyro, serj tankian, john frusciante, sum 41, new found glory, nickelback, stereophonics, the killers, tenacious d, rise against, linkin park, kyuss, jimi hendrix, oasis, slipknot, black sabbath, say anything, turbonegro, third eye blind, tool, ac/dc, enter shikari, the strokes, muse
rise against, beatsteaks, ignite, bad religion, machine head, the dillinger escape plan, 36 crazyfists, thrice, jack johnson, bruce springsteen, morcheeba, millencolin, nine inch nails, eddie vedder, die ?rzte, gojira, die toten hosen, jamiroquai, incubus, tenacious d, comeback kid, the mars volta, the bouncing souls, atmosphere, against me!, alexisonfire, as i lay dying, killswitch engage, the roots
[thomas newman]
snow patrol, dire straits, interpol, nouvelle vague, less than jake, the sounds, cansei de ser sexy, blondie, muse, babyshambles, joy division, le tigre, sonic youth, the distillers, lagwagon, the smashing pumpkins
the white stripes, the who, johnny cash, animal collective, cat power, neil young, john lennon, queens of the stone age, leonard cohen, beck, black rebel motorcycle club, devendra banhart, the velvet underground, creedence clearwater revival, pavement, sonic youth, paul mccartney, the byrds, the dandy warhols, black sabbath, led zeppelin, mgmt, minus the bear, modest mouse, radiohead, cursive, david bowie, tom petty and the heartbreakers, ramones
chevelle, rammstein, marilyn manson, audioslave, the white stripes, muse, sneaker pimps, dethklok, nirvana, queens of the stone age, depeche mode, pantera, system of a down, deftones, the killers, pink floyd, tool, radiohead, seether, amon tobin, koЯn, tenacious d, soulfly, rage against the machine, slipknot, blink-182, mudvayne, snow patrol, live, cypress hill, portishead, tori amos, hot hot heat, jefferson airplane, bob dylan, in flames, killswitch engage, alanis morissette, beastie boys, notorious b.i.g.
the doors, ska-p, system of a down, rammstein
the beatles, the rolling stones, johnny cash, wolfgang amadeus mozart, depeche mode, devo, james brown, red hot chili peppers, the white stripes, the fall, tori amos, pixies, stereolab, nick cave and the bad seeds, ella fitzgerald, david bowie, the cure, massive attack, andrew bird, elvis costello, frank sinatra, talking heads, tom waits, u2, new order, air, morrissey, the smiths, the kinks, aretha franklin, abba, tricky, bj?rk, cocteau twins, ennio morricone, the clash, thievery corporation, lcd soundsystem, r.e.m., antonio vivaldi, pj harvey, manu chao, radiohead
rilo kiley, sarah mclachlan, fiona apple, air, manic street preachers, lenny kravitz, r.e.m., feist, prefuse 73, télépopmusik, tori amos, morcheeba, radiohead, kate nash, snoop dogg, gang starr, m.i.a., nelly furtado, regina spektor, the offspring, belle and sebastian, kanye west, nouvelle vague, ladytron, emilie simon, hot hot heat, moby, fischerspooner
britney spears, lady gaga, rihanna, black eyed peas, kelly clarkson, gwen stefani, flo rida, lily allen, katy perry, the pussycat dolls, u2, jennifer lopez, no doubt, duffy, david guetta, adele, coldplay, enrique iglesias, beyoncé, kanye west, gnarls barkley
metallica, hammerfall, in flames, disturbed, sabaton, fear factory, thin lizzy, rush, dj shadow, dmx, manowar, creedence clearwater revival, ozzy osbourne, serj tankian, killswitch engage, linkin park, mot?rhead, apocalyptica, cradle of filth, bloodhound gang
kreator, slayer, meshuggah, opeth, vader, behemoth, iced earth, lamb of god, morbid angel, the haunted, bloodbath, mastodon, primus, machine head, dark tranquillity, napalm death, sepultura, therion, nile, death
afi, papa roach, atreyu, linkin park, koЯn, chevelle, dope, killswitch engage, stone sour, combichrist, m?tley crüe, 30 seconds to mars, godsmack, slipknot, trivium, the birthday massacre, green day, thrice, evanescence, deftones, my chemical romance, mindless self indulgence, disturbed
linkin park, sum 41, anti-flag, caliban, underoath, saosin, a day to remember, papa roach, adema, limp bizkit, rise against, static-x, breaking benjamin, nickelback, fear factory, hatebreed, ill ni?o, silverstein, p.o.d., evanescence, drowning pool, in flames, flyleaf, escape the fate
alice in chains, hooverphonic, samael, portishead, dire straits, judas priest, morcheeba, therion, ozzy osbourne, nina simone, rammstein
david bowie, nick cave and the bad seeds, pj harvey, tom waits, leonard cohen, the rolling stones, brian eno, nirvana, beck, t. rex
cocorosie, the notwist, erykah badu, broken social scene, fugazi, cursive, pinback, animal collective
massive attack, echo & the bunnymen, vnv nation, opeth, ladytron, siouxsie and the banshees, jeff buckley, dir en grey, apoptygma berzerk, morphine, tool, anathema, amorphis, the birthday massacre, rush, led zeppelin, kate bush, guns n roses, gogol bordello, soundgarden, the smashing pumpkins, tom petty and the heartbreakers, bush, arch enemy, alexisonfire, deftones, lamb of god, panic! at the disco, pearl jam, samael, staind
metallica, misfits, slipknot, arch enemy, ac/dc, ozzy osbourne, devildriver, led zeppelin, avenged sevenfold, slayer, aesop rock, iron maiden, dethklok, pantera, black sabbath, my chemical romance, kreator, alice in chains, disturbed, van halen, sublime, the rolling stones, stone temple pilots, atmosphere, eminem, queens of the stone age, judas priest, mot?rhead, the doors, all that remains, jimi hendrix, pearl jam, the offspring, serj tankian, alice cooper, red hot chili peppers, no doubt
rihanna, bon jovi, leona lewis, nightwish, evanescence, fort minor, flo rida, britney spears, t.i., 50 cent, breaking benjamin, timbaland, jay-z, beyoncé, justin timberlake, madonna
kraftwerk, marilyn manson, enya, depeche mode, morrissey, r?yksopp, danny elfman, john lennon, lykke li, the rolling stones, édith piaf, damien rice, feist, ladytron, h?kan hellstr?m, kent, vnv nation, daft punk, paul mccartney, backstreet boys, the pogues, stevie wonder, simon & garfunkel
the beatles, caetano veloso, chico buarque, janis joplin, billie holiday, john coltrane, radiohead, nouvelle vague, the velvet underground, chet baker
flogging molly, saves the day, u2, green day, billy joel, godsmack, sublime, evanescence, simple plan, ashlee simpson, nickelback, andrew lloyd webber, avril lavigne, bon jovi, queen, gwen stefani, britney spears, fall out boy, nelly, bowling for soup, journey, abba, red hot chili peppers, the beatles, the all-american rejects, limp bizkit, linkin park, jimmy eat world, metallica, blink-182, christina aguilera, fergie, hilary duff, the offspring
nick cave and the bad seeds, the magnetic fields, they might be giants, the cure, tom waits, siouxsie and the banshees, dead can dance, depeche mode, ladytron, flogging molly, bj?rk, beastie boys, the white stripes, pet shop boys, pixies, the jesus and mary chain, the clash, johnny cash, david bowie, massive attack, the faint, gorillaz, bauhaus, the raveonettes, morrissey, interpol, richard cheese
antony and the johnsons, beirut, rufus wainwright, radiohead, the album leaf, dead can dance, cocorosie, belle and sebastian, portishead, travis, pj harvey, jason mraz, kings of convenience, damien rice, blackfield, calexico, the knife, cat power, múm
finntroll, darkthrone, ulver
of montreal, adam green, justice, jefferson airplane, architecture in helsinki, infected mushroom, the beatles, the doors, the libertines, the prodigy, bj?rk, jimi hendrix, the chemical brothers, the arcade fire, bob dylan, babyshambles, beastie boys, daft punk, turbonegro, m.i.a., the flaming lips, matisyahu, the go! team, booka shade, klaxons
red hot chili peppers, radiohead, amy winehouse, charlie parker, elvis presley, the sounds, franz ferdinand, serj tankian, the beatles, morcheeba, matisyahu, blur, led zeppelin, howard shore, the prodigy, a-ha, max richter, babyshambles, roots manuva, oasis, antonio vivaldi, fatboy slim, jamiroquai
johann sebastian bach, pj harvey, cocteau twins, nine inch nails, siouxsie and the banshees, david bowie, my bloody valentine, the cure, the smashing pumpkins, isis, aphex twin, skinny puppy, depeche mode, nick cave and the bad seeds, pixies, autechre, sonic youth, the velvet underground, the raveonettes, the jesus and mary chain, ramones, garbage, portishead, new order, the dresden dolls, lou reed, misfits, black sabbath, the beatles
44, angels & airwaves, rise against, nofx, die ?rzte, in flames, millencolin, rage against the machine, coldplay, beastie boys, die toten hosen, green day, nirvana, seeed, atreyu, bush, pennywise, foo fighters, peter fox, atmosphere, nas, mot?rhead
garbage, ray charles, snow patrol, blondie, no doubt, johnny cash, fleetwood mac, joni mitchell, frank zappa, the killers, toto, neil young, the cardigans, goldfrapp, billie holiday, tom waits, manic street preachers, otis redding, t. rex, bruce springsteen, ella fitzgerald, frank sinatra, dido, scissor sisters, the beach boys, aretha franklin
bloc party, high contrast, dj shadow, the streets, moby, burial, r?yksopp, the chemical brothers, pendulum, daft punk, groove armada, manu chao, red hot chili peppers, gotan project, bob marley & the wailers, hot chip, ti?sto, massive attack, foals, the kooks, bonobo, underworld, gorillaz, ella fitzgerald, unkle
kamelot, flogging molly, volbeat, koЯn, dimmu borgir, immortal, amon amarth, machine head, eluveitie, dream theater, in flames, staind, burzum, ozzy osbourne, rammstein, system of a down, stone sour, killswitch engage, red hot chili peppers, black label society, dethklok, ensiferum, pantera, sepultura, blind guardian, trivium
ska-p, farin urlaub, misfits, anti-flag, rammstein, system of a down, slipknot, rise against, bloodhound gang, blink-182, marilyn manson, no doubt, apocalyptica, the distillers, sum 41, limp bizkit, the smashing pumpkins, goldfinger
pink, lifehouse, lady gaga, the cranberries, britney spears, katy perry, tegan and sara, the dresden dolls, leona lewis, the all-american rejects, ani difranco, beyoncé, miley cyrus, m.i.a., the pussycat dolls, kelly clarkson, blondie, paramore, bowling for soup, kings of leon, ramones, switchfoot, the used, amy winehouse, bryan adams, madonna, tori amos
interpol, radiohead, franz ferdinand, belle and sebastian, arctic monkeys, wilco, placebo, david bowie, editors, she wants revenge, the strokes, coldplay, arcade fire, elbow, primal scream, joy division, beck, pixies, muse, nirvana, bloc party, kasabian, the libertines, blur, kings of leon, my morning jacket, the cure, lcd soundsystem, pj harvey
miles davis, the clash, billie holiday, fleetwood mac, james brown, the rolling stones, u2, prince, air, daft punk, frank sinatra, moby, pink floyd, new order, radiohead, r.e.m., the chemical brothers, david bowie, the smiths, madlib, blur, jimi hendrix, pulp, bob marley & the wailers, thievery corporation, boards of canada, jamiroquai, queen
pink floyd, rammstein, johnny cash, bob dylan, metallica, deep purple, gogol bordello, queen, bj?rk, john lennon, creedence clearwater revival, supertramp, judas priest, david bowie, electric light orchestra, iron maiden, radiohead, dream theater, joe satriani, the beatles, the cranberries, 2pac, nina simone, moby, frank sinatra, scorpions
my bloody valentine, slowdive, the radio dept., m83, the verve, cocteau twins, the jesus and mary chain, low, deerhunter, black rebel motorcycle club, the brian jonestown massacre, dinosaur jr.
portishead, bonobo, dredg, radiohead, burial, apparat, cypress hill, cunninlynguists, interpol, dr. dre, the streets, flying lotus, rage against the machine, talib kweli, beatsteaks, die ?rzte, daft punk, de-phazz, farin urlaub, manu chao, amon tobin, thievery corporation
sugababes, girls aloud, spice girls, christina aguilera, kylie minogue, jamiroquai, beyoncé, chico buarque, the pussycat dolls, janet jackson, jennifer lopez, caetano veloso, britney spears, natasha bedingfield, rihanna, mariah carey
children of bodom, norther, soilwork, finntroll, apocalyptica
the beatles, the cure, morrissey, billie holiday, the smiths, oasis, death cab for cutie, depeche mode, coldplay, modest mouse, bob marley, radiohead, the rolling stones, lenny kravitz, the kinks, blur, new order, green day, supergrass, the pogues, johnny cash, the cardigans, david bowie, elliott smith, the shins, the who, badly drawn boy, placebo, stereophonics, belle and sebastian, ramones, daft punk, the jesus and mary chain, muse, rufus wainwright, the strokes, the libertines, queen, the clash, r.e.m., simon & garfunkel, morcheeba
pink floyd, faithless, oasis, coldplay, snow patrol, 3 doors down, jason mraz, creed, morcheeba, the prodigy, red hot chili peppers, bryan adams, paul van dyk
nile, coldplay, system of a down, lamb of god, metallica, behemoth, machine head, limp bizkit, soulfly, the killers, keane, nirvana, in flames, dimmu borgir, pearl jam, arctic monkeys, the verve, slipknot, eddie vedder, black label society, tenacious d, the strokes, 50 cent, the white stripes, muse, burzum, pink floyd, 30 seconds to mars, foo fighters, slayer, koЯn, bullet for my valentine, sepultura, snow patrol, linkin park, nightwish, bathory, 36 crazyfists, cradle of filth, death, kaiser chiefs, alice in chains, amon amarth, [unknown], kate nash, mogwai
barenaked ladies, r?yksopp, dido, john legend, madonna, [unknown], chiodos
live, hoobastank, johnny cash, matchbox twenty, queens of the stone age
dir en grey, three days grace
black flag, beastie boys, johnny cash, sum 41
lykke li, kings of convenience, ladytron, the knife, yeah yeah yeahs, bloc party, cocorosie, devendra banhart, placebo, nouvelle vague, m83, architecture in helsinki, explosions in the sky, pixies, bj?rk, cocteau twins, four tet, kraftwerk, múm, tracy chapman, feist, the radio dept., cansei de ser sexy, andrew bird, air, radiohead, the cardigans, slowdive
rammstein, nightwish, oomph!, lacuna coil, sirenia, tristania, evanescence, epica, rob zombie, pain, marilyn manson, lacrimosa, in extremo
nickelback, lifehouse, millencolin, t.i., volbeat, billy talent, bloodhound gang, linkin park, koЯn, creed, 3 doors down, limp bizkit, rise against, red hot chili peppers, plain white ts, enya, good charlotte, lady gaga, black label society, oasis, eminem, red.jumpsuit.apparatus, disturbed, staind, alter bridge, katy perry, the killers, pink, gavin degraw
senses fail, emery, foo fighters, funeral for a friend, nofx, kent, coldplay, u2, silverstein, finch, saosin, norah jones, 3 doors down, anberlin, oasis, alkaline trio, in flames, hoobastank, millencolin, dashboard confessional, story of the year, mae, the cardigans, atreyu, thrice, michael bublé, nightwish, alter bridge, the smashing pumpkins, lifehouse, snow patrol, keane, johnny cash, green day, sigur rós
eels, the national, kings of convenience, the white stripes, pink floyd, r.e.m., morcheeba, mogwai, the knife, air, feist, beirut, otis redding, groove armada, tom petty and the heartbreakers, r?yksopp, jack johnson, hot chip, rilo kiley, faithless, the kinks, the shins, fatboy slim, eric clapton, various artists, jeff buckley, sia, the decemberists
rammstein, lacrimosa, einstürzende neubauten, linkin park, nine inch nails, in extremo, kraftwerk, nightwish, the prodigy, [unknown], b?hse onkelz, max richter
65daysofstatic, sufjan stevens, the decemberists, pixies, hot chip, bonnie prince billy, the fall, stereolab, the postal service, broken social scene, modest mouse, the byrds
flight of the conchords, nelly furtado, the fray, okkervil river, gavin degraw, tegan and sara, damien rice, elliott smith, cake, sufjan stevens, patrick wolf, snow patrol, bon iver, andrew bird
common, richard cheese, the jam, ennio morricone
alkaline trio, rilo kiley, múm, death cab for cutie, brand new, john lennon, blink-182, circa survive, misfits, bright eyes, pink floyd, taking back sunday, cursive, black flag, new found glory, mogwai, led zeppelin, system of a down, fall out boy, the get up kids, modest mouse, michael jackson, pixies, bj?rk, motion city soundtrack, the weakerthans, dead kennedys, descendents, britney spears, david bowie, the postal service, saves the day, arcade fire, dethklok, elliott smith
the radio dept., aphex twin, crystal castles, cut copy, m83, stereolab, frank sinatra, explosions in the sky, télépopmusik, daft punk, john mayer
neutral milk hotel, fleet foxes, clap your hands say yeah, hellogoodbye, bright eyes, fall out boy, the postal service, say anything, animal collective, cute is what we aim for, the mountain goats, kimya dawson, blink-182, panic at the disco, the beatles, cut copy, beirut, bring me the horizon, architecture in helsinki, rancid, taking back sunday, elliott smith
from autumn to ashes, underoath, avenged sevenfold, alexisonfire, saosin, atreyu, as i lay dying, alesana, bring me the horizon, parkway drive, the fall of troy
converge, faith no more, depeche mode, the dresden dolls, mastodon, city and colour, soundgarden, placebo, misfits, as i lay dying, atreyu, deftones, dimmu borgir, afi, atmosphere, say anything, avenged sevenfold, immortal, interpol, agalloch, nada surf, bauhaus, red hot chili peppers
rise against, metallica, van halen, testament, megadeth, sentenced, iron maiden, pantera, skid row, rainbow, judas priest, led zeppelin, ac/dc, black sabbath, lamb of god
muse, dream theater, megadeth, mastodon, tool, alter bridge, strapping young lad, nirvana, queen, slipknot, rainbow, trivium, scorpions, lamb of god, pink floyd, a perfect circle, faith no more, opeth, amorphis, 65daysofstatic, led zeppelin, red hot chili peppers, system of a down, mudvayne, ill ni?o, gojira, iron maiden, death
vnv nation, depeche mode, kent, bloodhound gang, roxette, apoptygma berzerk, rammstein, papa roach, combichrist, eminem, linkin park, the birthday massacre, coheed and cambria, bullet for my valentine, moby, evanescence, panic at the disco, alice in chains, nelly furtado, the prodigy, sonic syndicate, rihanna, blondie
u2, enrique iglesias, black eyed peas, nelly furtado, johnny cash, groove armada, pet shop boys, enya, abba, sarah mclachlan, maria mena
chet baker, john mayer, coldplay, radiohead
max?mo park, emilíana torrini, queens of the stone age, death cab for cutie, doves, badly drawn boy, feist, the cardigans, sufjan stevens, ben folds, kasabian, jeff buckley, daft punk, nick drake, blur, air, the shins, thievery corporation, thrice, arctic monkeys, cat power, mogwai, joy division, the beatles, coldplay, interpol, the faint, the hives, kings of leon, vampire weekend, joni mitchell, the black keys, band of horses, elliott smith
linkin park, gorillaz, evanescence, kraftwerk, [unknown], marilyn manson, pixies, abba, black sabbath, coldplay, queen, the doors, kiss
paramore, the libertines, the beatles, klaxons, arctic monkeys, the cribs, lostprophets, kings of leon, babyshambles, the smiths, the stone roses, blur, yeah yeah yeahs, fleetwood mac, black rebel motorcycle club, stereophonics, john mayer, kasabian, modest mouse, calvin harris, the kills, led zeppelin, bloc party, the white stripes, the kooks, the black keys, ryan adams, dirty pretty things, bob dylan, morrissey, jimi hendrix, the pigeon detectives, biffy clyro, foo fighters, the strokes, max?mo park, paolo nutini, the last shadow puppets
neutral milk hotel, snow patrol, shiny toy guns, franz ferdinand, the who, switchfoot, green day, linkin park, motion city soundtrack, reel big fish, blink-182, angels & airwaves, the shins, the flaming lips, say anything, james blunt, death cab for cutie, band of horses, 44, the fratellis, my chemical romance, the new pornographers, flogging molly, jimmy eat world, vampire weekend, the stone roses
[abba]
tegan and sara, stars, regina spektor, rilo kiley, modest mouse, emilie simon, bloc party, franz ferdinand, rise against, she wants revenge, snow patrol, le tigre, they might be giants, kate nash, the knife, carla bruni, garbage, minus the bear, ok go, spoon, frou frou, bright eyes, the faint, metric, daft punk, tokyo police club, death cab for cutie, paramore, the sounds, the postal service, lostprophets
dragonforce, dark tranquillity, ska-p, iron maiden, manowar, stratovarius, blind guardian, blink-182, pink floyd, dream theater, edguy, avantasia, rhapsody of fire, trivium, scorpions, helloween, sonata arctica, eagles, iced earth, rise against, bullet for my valentine, children of bodom, gamma ray, refused, black sabbath, nightwish, 30 seconds to mars, muse, led zeppelin, angra
feist, scissor sisters, paramore, the kooks, incubus, lily allen, snow patrol, katy perry, amy winehouse, michael bublé, dido, duffy, justin timberlake, onerepublic, cansei de ser sexy
coheed and cambria, iron maiden, red hot chili peppers, sum 41, mr. scruff, nofx, led zeppelin, my chemical romance, deftones, bob dylan, the beatles, flight of the conchords, thin lizzy, johnny cash, the white stripes, ramones, weezer, pink floyd, the kinks, the rolling stones, lynyrd skynyrd, deep purple, belle and sebastian, black eyed peas, panic! at the disco, kings of leon, david bowie, system of a down, the flaming lips, arctic monkeys, dire straits, eels, the pogues, the libertines, kasabian
calexico, ryan adams, bonnie prince billy, cat power, radiohead, bob dylan, the brian jonestown massacre, wilco, tom waits, pj harvey, iron & wine, bon iver, sufjan stevens, low, pearl jam, band of horses, the mountain goats, grateful dead
[fergie]
marillion, phil collins, céline dion, genesis, supertramp, pet shop boys, queen, andrew lloyd webber, sting, toto, angels & airwaves
the national, tom waits, calexico, ramones, the arcade fire, the rolling stones, bob dylan, the kinks, elliott smith, adam green, bright eyes, pixies, black rebel motorcycle club, the beatles, guided by voices, muse, mogwai, vampire weekend, animal collective, belle and sebastian, the libertines, doves, radiohead, pavement, r.e.m., the beach boys, sonic youth, eels, neutral milk hotel, otis redding, the magnetic fields
beastie boys, eminem, fear factory, gogol bordello, mastodon, queen, infected mushroom, jamiroquai, megadeth, killswitch engage, skid row, turbonegro, moby, lenny kravitz, serj tankian, limp bizkit, rage against the machine, metallica
wilco, leonard cohen, yo la tengo, okkervil river, the jesus and mary chain, pavement, david bowie, neko case, bonnie prince billy
flogging molly, dropkick murphys, taking back sunday, stone sour, simple plan, panic! at the disco, from autumn to ashes, millencolin, matchbox twenty, the all-american rejects, fall out boy, queens of the stone age, soilwork, saosin, social distortion, in flames
serj tankian, the prodigy, breaking benjamin, system of a down, three days grace, guns n roses, placebo, red hot chili peppers, stone sour, blink-182, koЯn, pendulum, u2, papa roach, nirvana, keane, wolfgang amadeus mozart, nickelback, drowning pool, flyleaf, audioslave, green day, stereophonics, death cab for cutie, the all-american rejects, staind, travis, lifehouse, miles davis, 3 doors down, the killers
u2, myslovitz, coldplay, metallica, the cranberries, bon jovi, moonspell, santana, madonna, iron maiden, sting, joe satriani
bloc party, vampire weekend, the national, rilo kiley, modest mouse, counting crows, arcade fire, band of horses, ryan adams, nada surf, ...and you will know us by the trail of dead, the killers, queens of the stone age, weezer, kasabian, snow patrol, 65daysofstatic, alanis morissette, foo fighters, the offspring, travis, incubus, mgmt, fiona apple, the shins, r.e.m., 311, damien rice, death cab for cutie, green day
joe satriani, the cardigans, kosheen
enya, fleetwood mac, billy joel, pink floyd, the cranberries, jethro tull, moby, abba, talking heads
pink floyd, the beatles, pearl jam, the doors, metallica, nine inch nails, soundgarden, koЯn, roxette, the cure, system of a down, r.e.m., nirvana, rammstein, bj?rk, genesis, radiohead, deep purple
subway to sally, the sisters of mercy, schandmaul, vnv nation, rammstein, combichrist
elliott smith, the kooks, the national, the libertines, arcade fire, massive attack, bob dylan, fleet foxes, placebo, tom waits, vampire weekend, jimi hendrix
britney spears, hilary duff, avril lavigne, silverstein, the used, 30 seconds to mars, afi, linkin park, nickelback, simple plan, evanescence, kelly clarkson, lostprophets, skillet, mindless self indulgence, paramore, goo goo dolls, blink-182, good charlotte, the pussycat dolls, 3 doors down, escape the fate, angels & airwaves, alesana, boys like girls, groove coverage, lady gaga, my chemical romance, fall out boy, rihanna, underoath
scooter, combichrist, vnv nation, marilyn manson, system of a down, disturbed, rammstein, static-x
bob marley & the wailers, sonata arctica, apocalyptica, poets of the fall, infected mushroom, bob marley, groove coverage, sepultura, helloween, ac/dc, scooter, rancid, nightwish, [unknown], lordi, dope, system of a down, metallica, evanescence, arch enemy, volbeat, billy talent, ozzy osbourne, eminem, guns n roses, cradle of filth, pink floyd, dimmu borgir, cannibal corpse
ray charles, bonnie prince billy, the doors, bob dylan, final fantasy, the black keys, pulp, vampire weekend, antony and the johnsons, flying lotus, kate bush
amy winehouse, gotan project, carla bruni, soundtrack, the beatles, coldplay, stratovarius, janis joplin
kult, bob marley, coma, queen, happysad, akurat, air, [unknown], the beatles, cocorosie, the cranberries, abba, the cure, hey, dead can dance, michael jackson
okkervil river, vampire weekend, gnarls barkley, my morning jacket, neutral milk hotel
pulp, the beatles, air, led zeppelin, david bowie, morrissey, radiohead, jeff buckley, elton john, the smiths, steely dan, supertramp, joni mitchell, otis redding, prince, the fratellis, depeche mode, thin lizzy, kings of leon, the cure, bob dylan, eagles of death metal, elvis presley, goldfrapp, the doors, t. rex, kasabian, blur, frank sinatra, pink floyd, jefferson airplane, the dandy warhols, the velvet underground, dead kennedys, mgmt, muse, red hot chili peppers, misfits
system of a down, depeche mode, the cure, the smashing pumpkins, lily allen, stone sour, shakira, slayer, avril lavigne, misfits, iron maiden, eminem, rammstein, moby, gwen stefani, ac/dc, the beatles, pink, pink floyd, coldplay, goo goo dolls, red hot chili peppers, gorillaz, no doubt, alicia keys, silverstein, the prodigy
metric, the beatles, the decemberists, elliott smith, regina spektor, air, christina aguilera, the smiths, beck, dir en grey, tegan and sara, the cardigans, mew, the shins, m.i.a., rufus wainwright, garbage, belle and sebastian, pixies, the faint, the flaming lips, death cab for cutie, built to spill, rilo kiley, sufjan stevens, the cure, radiohead, le tigre, sonic youth, the pussycat dolls, the new pornographers, they might be giants, green day, cake
mindless self indulgence, combichrist, emilie autumn, nine inch nails, disturbed, system of a down, she wants revenge, led zeppelin, tool, m.i.a., cradle of filth, vnv nation, primus, kmfdm
the beatles, incubus, jamie cullum, green day, elvis presley, system of a down, alanis morissette, 3 doors down, oasis, jimmy eat world, michael jackson, linkin park, dido, yeah yeah yeahs
the beatles, taylor swift, cat stevens, frank sinatra, lady gaga, elvis presley, michael jackson, the killers, michael bublé, cascada
tori amos, lifehouse, avril lavigne, franz ferdinand, faithless, no doubt, britney spears, lily allen, the prodigy, gwen stefani, katy perry, the hush sound, sugababes, snow patrol, moby, creed, kelly clarkson, flyleaf, muse, bush, manic street preachers, stereophonics, phoenix, the fray, amy macdonald, beyoncé, paramore, garbage, the pipettes, air, the pussycat dolls, the breeders, klaxons, kasabian
radiohead, placebo, pink floyd, kings of leon, bj?rk, incubus, supergrass, led zeppelin, mew, sigur rós, travis, bloc party, the strokes, tool, interpol, the doors, django reinhardt, the smashing pumpkins, regina spektor, queen, blur, justice, deftones, sonic youth, the mars volta, clap your hands say yeah, thom yorke, mgmt, coldplay, the kooks, snow patrol, cocorosie, modest mouse, franz ferdinand, the verve, muse, nine inch nails
vader, behemoth, cannibal corpse, slayer, sepultura, napalm death, metallica, black sabbath, queen, nile, jimi hendrix
red.jumpsuit.apparatus, bring me the horizon, thrice, circa survive, stone sour, a day to remember, 30 seconds to mars, 65daysofstatic
mindless self indulgence, beatsteaks, die ?rzte, seether, escape the fate, linkin park, farin urlaub, green day, all time low, cute is what we aim for, silverstein, the used, chiodos, blink-182, ill ni?o, afi, from first to last, red.jumpsuit.apparatus
kings of leon, brand new, bob dylan, the smashing pumpkins, taking back sunday, the academy is..., elliott smith, underoath, the smiths, band of horses, city and colour, sigur rós, mgmt, the black keys, the kooks, cold war kids, the kills, from first to last, the hives, bloc party, circa survive, the cure, iron maiden, bon iver, parkway drive, interpol, iggy pop, paramore, bright eyes, saosin, a day to remember, funeral for a friend
depeche mode, nine inch nails, amon tobin, coma, emilíana torrini, antony and the johnsons, bat for lashes, u2, archive, linkin park, damien rice, air, massive attack, bonobo, dido, beirut, bj?rk, duffy
simon & garfunkel, phil collins, jimmy eat world, bee gees, taking back sunday, bowling for soup, prince, green day, 3 doors down
bob dylan, okkervil river, cat power, neko case, deerhunter, spoon, broken social scene, death cab for cutie, the flaming lips, built to spill, neutral milk hotel, modest mouse, the beatles, joanna newsom, pavement, of montreal, stars, david bowie, beirut, animal collective, minus the bear, belle and sebastian, the new pornographers, depeche mode, jimmy eat world, johnny cash, radiohead, the smiths, band of horses, pulp, the clash, portishead, billie holiday, neil young, camera obscura, the radio dept.
nine inch nails, infected mushroom, the chemical brothers, pink floyd, air, the crystal method, queen, cake, the white stripes, eels, mr. scruff, amon tobin, massive attack, tenacious d, rjd2, r?yksopp, daft punk, pendulum, imogen heap, stereolab, goldfrapp, dj shadow, the faint, the go! team, lily allen, radiohead, regina spektor, ladytron, the prodigy, the beatles, lamb, richard cheese, fischerspooner
pj harvey, cocorosie, radiohead, cat power, patrick wolf, placebo, death cab for cutie, the kills, metric, tegan and sara, modest mouse, crystal castles, coldplay, snow patrol, sufjan stevens, the notwist, blur, bloc party, mgmt, digitalism, joy division, a perfect circle, blonde redhead, róisín murphy, cansei de ser sexy, pavement, kings of leon, the knife, hey, rilo kiley, cut copy, moloko, the rapture, the prodigy, the new pornographers, myslovitz, the kooks
atmosphere, kings of leon, the clash, something corporate, bright eyes, eminem, taking back sunday, the streets, pearl jam, wilco, anti-flag, damien rice, lupe fiasco, the beatles, tenacious d, 311, gang starr, dashboard confessional, kanye west, 2pac, jack johnson, motion city soundtrack, talib kweli, radiohead, angels & airwaves, grateful dead, the academy is..., jeff buckley, hellogoodbye
led zeppelin, metallica, sentenced, lacuna coil, slipknot, bon jovi, red hot chili peppers, katatonia, dio, three days grace, judas priest, nickelback, black sabbath, helloween, nirvana, disturbed, iron maiden, system of a down, joe satriani, ozzy osbourne, [unknown], stone sour
[norah jones]
dead can dance, u2, ulver, the flashbulb, archive, kosheen, unkle, goldfrapp, placebo, morcheeba, tricky, nelly furtado, radiohead, anathema, the knife, portishead, a-ha
the whitest boy alive, zero 7, bonobo, the cinematic orchestra, the clash, leonard cohen, kings of convenience, kings of leon, ratatat, morcheeba, booka shade, david bowie, jamie cullum, trentem?ller, erykah badu, hot chip, amy winehouse, nina simone, st. germain
cunninlynguists, atmosphere, groove armada, madlib, bob marley & the wailers, bob marley, pink floyd, johnny cash, madvillain, stevie wonder, nine inch nails, basement jaxx, common, pearl jam, the black keys, aesop rock, nightmares on wax, radiohead, gnarls barkley, the roots, muse, beastie boys, fatboy slim, sage francis, dead can dance, jedi mind tricks, foo fighters, gorillaz, lily allen, ratatat, goldfrapp, eagles of death metal, coldplay, mgmt, m.i.a., tool, u2
audioslave, billy joel, koЯn, queens of the stone age, a perfect circle, staind, three days grace, the smashing pumpkins, thrice, radiohead, soundgarden, red hot chili peppers, deftones, bush, alice in chains, silverchair, led zeppelin, 311, coldplay, blink-182, jimmy eat world, nine inch nails, the beatles, u2, hoobastank, the who, matchbox twenty, ben folds five, muse, ben folds
the mountain goats, sufjan stevens, iron & wine, the national, arcade fire, feist, cat power, of montreal, the magnetic fields, m. ward, fleet foxes, final fantasy, wilco, broken social scene, mirah, stars, bon iver, andrew bird, belle and sebastian, spoon, bonnie prince billy, devendra banhart, the postal service, the new pornographers, death cab for cutie, the weakerthans, neutral milk hotel, neko case, regina spektor, beastie boys, amy winehouse
michael jackson, chris brown, ne-yo, the offspring, queen, guns n roses, beyoncé, metallica, u2, james morrison
blonde redhead, interpol, the smiths, belle and sebastian, muse, frédéric chopin, pulp, portishead, the cure, louis armstrong, arcade fire, chet baker, air, the smashing pumpkins, camera obscura, cansei de ser sexy, placebo, bauhaus, the libertines, cat power, jack johnson, the strokes, sigur rós, new order, bloc party, depeche mode, sonic youth, the beatles, akira yamaoka, pink floyd, carla bruni
johann sebastian bach, boards of canada, aphex twin, plaid, four tet, múm, lamb, brian eno, stereolab, ella fitzgerald, belle and sebastian, sigur rós, orbital, ladytron, fischerspooner, hot chip, kraftwerk, portishead, fatboy slim, gotan project
aphex twin, max richter, brian eno, autechre, boards of canada, the future sound of london
queen, fatboy slim, kult, the offspring, nirvana, pid?ama porno, electric light orchestra, therion, the doors, elvis presley, ramones, simon & garfunkel, guns n roses, louis armstrong, good charlotte, led zeppelin, happysad, the clash, the beatles, deep purple, pink floyd, the white stripes, black sabbath, bob marley, metallica, moonspell, basshunter, apocalyptica, the dandy warhols
misfits, billy talent, avril lavigne, red hot chili peppers, o.s.t.r., armin van buuren, rise against, timbaland, ozzy osbourne, taking back sunday, faith no more, linkin park, tiamat, killswitch engage, jimmy eat world, good charlotte, papa roach, 50 cent, fort minor, joy division, bullet for my valentine, disturbed, ti?sto, clint mansell, cascada, natasha bedingfield, my chemical romance, the chemical brothers
amon amarth, immortal, satyricon, burzum, darkthrone, ensiferum
avantasia, sonata arctica, helloween, muse, nightwish, iron maiden, hammerfall, dream theater, gamma ray, angra, kamelot, metallica, aerosmith, stratovarius, velvet revolver, symphony x, manowar, dragonforce, elton john, queen, black sabbath, megadeth
tenacious d, nightwish, the prodigy, armin van buuren, [unknown], basshunter, mika
death cab for cutie, elliott smith, god is an astronaut, morrissey, incubus, josé gonzález, the smiths, a perfect circle, weezer, brand new, paramore, misfits, minus the bear, alice in chains, deftones, kanye west, tool, fear factory, billy talent, parkway drive, alkaline trio, foals, linkin park, m83, koЯn, coldplay
craig david, mariah carey, ne-yo, akon, rihanna, alicia keys, jordin sparks, gavin degraw, onerepublic, fergie
avenged sevenfold, kreator, norther, arch enemy, paramore, escape the fate, sentenced, lamb of god, cute is what we aim for, papa roach, amon amarth, story of the year, three days grace, metro station, dimmu borgir, bullet for my valentine, def leppard
cute is what we aim for, the radio dept., leona lewis, bloc party, mariah carey
thievery corporation, jazzanova, foals, the shins, junior boys, bonobo, hot chip, bloc party, opeth, mgmt, stereolab, metric, air, placebo, the postal service, the knife, lykke li, m83, elbow, the whitest boy alive, the books, death cab for cutie, tokyo police club
finntroll, opeth, morbid angel, korpiklaani, turisas, apocalyptica
coldplay, myslovitz, happysad, atb, james blunt, dire straits, rammstein, depeche mode, hot chip, linkin park, moby, seal, him, september, nelly furtado, akurat, red hot chili peppers, timbaland, kosheen, pink floyd, sara bareilles, natasha bedingfield
anathema, joss stone, radiohead, rammstein, the chemical brothers, muse, rage against the machine, creed, papa roach, portishead, incubus, tool, the prodigy, apocalyptica, archive, fatboy slim, unkle, mono, system of a down, dido, opeth, tenacious d, him, hoobastank
u2, beastie boys, radiohead, johnny cash, snow patrol, norah jones, stevie wonder, elvis presley, ella fitzgerald, green day, red hot chili peppers, pet shop boys, johann sebastian bach, massive attack, frédéric chopin, madonna, dire straits, fatboy slim, aimee mann, chet baker, portishead, air, muse
billy talent, anti-flag, ignite, bad religion, goldfinger, lagwagon, nofx, 44, millencolin, bowling for soup, new found glory, less than jake, pennywise, the ataris, afi, sugarcult, the offspring, misfits, angels & airwaves, foo fighters, green day
enya, howard shore, john williams, philip glass
nofx, lagwagon, green day, dropkick murphys, rancid, ramones, flogging molly, sublime, the smashing pumpkins, the beatles, the bouncing souls, against me!, me first and the gimme gimmes, reel big fish, bad religion, goldfinger, less than jake, bob dylan, bob marley & the wailers, millencolin, nirvana, the offspring, the clash
bright eyes, devendra banhart, the cure, modest mouse, band of horses, the magnetic fields, elliott smith, sufjan stevens, mirah, architecture in helsinki, yo la tengo, my morning jacket, belle and sebastian, the smiths, stereolab, brand new, of montreal, the white stripes, iron & wine, junior boys, neil young, death cab for cutie, joanna newsom, tv on the radio, grizzly bear, coldplay, the shins, clap your hands say yeah, the flaming lips, sigur rós, bob dylan, the books, andrew bird, cansei de ser sexy, simon & garfunkel
bathory, black sabbath, the who, dream theater, the doors, cannibal corpse, jamiroquai, amon amarth, the beatles, dimmu borgir, queen, kraftwerk, kreator, fleetwood mac, jimi hendrix, the rolling stones, as i lay dying, van halen, the cure, john williams, anathema, anthrax, devo, autechre, red hot chili peppers, electric light orchestra, vader, siouxsie and the banshees, the smashing pumpkins, pink floyd, squarepusher, metallica, elton john, cat stevens, ennio morricone, satyricon, bloodbath, the clash, depeche mode, alice in chains, daft punk
portishead, the doors, pendulum, pearl jam, amon tobin, massive attack, sigur rós, the prodigy, blondie, morcheeba
kings of convenience, nada surf, cocorosie, goldfrapp, death cab for cutie, rufus wainwright, moby, coldplay, belle and sebastian, arcade fire, the beatles, patrick wolf, fatboy slim, muse, nouvelle vague, sufjan stevens, the strokes, lenny kravitz, the whitest boy alive, michael jackson, damien rice, gwen stefani, prince, girls aloud, editors, paolo nutini, st. germain, keane, madonna, interpol, jason mraz, john mayer, scissor sisters, antony and the johnsons, jamiroquai, feist, norah jones, sigur rós, snow patrol
placebo, rise against, three days grace, paramore, yann tiersen, comeback kid, the offspring, anti-flag, brand new, nirvana, pennywise, max?mo park, system of a down, the killers, the hives, deichkind, sigur rós, the kooks, arctic monkeys, millencolin, klaxons, die ?rzte, the verve, rammstein, guano apes, the smashing pumpkins, mando diao, limp bizkit, jack johnson, ramones, afi, rage against the machine
unkle, aphex twin, mogwai, boards of canada, amon tobin, depeche mode, rjd2, dj shadow, rammstein, akira yamaoka, the flashbulb, dj krush, portishead, foo fighters, josé gonzález, yann tiersen, moby, red hot chili peppers, deftones, eminem, david guetta, the prodigy, bonobo, bob dylan, anathema, neil young, prefuse 73
dave matthews band, 30 seconds to mars, los hermanos, the beatles, matchbox twenty, soundtrack, linkin park, jack johnson, chris cornell, live, alanis morissette, era, arctic monkeys, fall out boy, oasis, chico buarque, beirut
jeff buckley, regina spektor, andrew bird, the decemberists, sufjan stevens, elliott smith, john mayer, fleet foxes, gogol bordello, rufus wainwright, daft punk, the new pornographers, belle and sebastian, of montreal, iron & wine, feist, mika, kaiser chiefs, franz ferdinand, architecture in helsinki, the postal service, amy macdonald, the shins
modest mouse, arcade fire, radiohead, pinback, the postal service, wilco, gogol bordello, nine inch nails, the breeders, girl talk, the shins, cake, mogwai, tom waits, pixies, beck, neutral milk hotel, sigur rós, beastie boys, death cab for cutie, jimi hendrix, built to spill, broken social scene, portishead, massive attack, the beatles, yeah yeah yeahs, coldplay, the flaming lips, the smashing pumpkins, sublime, david bowie, pavement, queens of the stone age
stars, maria mena, kings of leon, band of horses, anna ternheim, him, the shins, arctic monkeys, razorlight, the last shadow puppets, death from above 1979, 30 seconds to mars, the kills, tracy chapman, billy talent, metallica, brand new, tool, dredg, coldplay, muse, trentem?ller, the mars volta, air, lamb, snow patrol
ulver, isis, boards of canada, agalloch, sigur rós, gang starr, nas, converge, jedi mind tricks, the dillinger escape plan, vangelis, kate bush, prince
stereophonics, coldplay, the killers, arctic monkeys, the subways, kings of leon, my chemical romance, muse, panic at the disco, paolo nutini, the strokes, cold war kids, paramore, lily allen, katy perry, radiohead, editors, the last shadow puppets, the cure, kaiser chiefs, klaxons, the ting tings, the gossip, the libertines, interpol, franz ferdinand, incubus, maroon 5, keane, kings of convenience, thom yorke, james morrison, bj?rk, snow patrol, duran duran, the mars volta, fall out boy
hans zimmer, hammerfall, nightwish, therion, sabaton
peter fox, maria mena, beyoncé, kings of leon, kate nash, counting crows, black eyed peas, lady gaga, nelly furtado, editors, 3 doors down, my chemical romance, paramore, third eye blind, lily allen, gym class heroes, amy macdonald, genesis, matchbox twenty
lil wayne, talib kweli, ella fitzgerald, jay-z, the streets, bob marley, erykah badu, kanye west, alicia keys, air, nas, maroon 5, gnarls barkley, t.i., fall out boy, frank sinatra, ludacris
a-ha, abba, robyn, enrique iglesias, sugababes, britney spears, coldplay, the killers, leona lewis, snow patrol, scissor sisters, inxs, keane, oasis, pet shop boys, maria mena, janet jackson, moby, mika, justin timberlake
tom waits, modest mouse, okkervil river, bonnie prince billy, nick cave and the bad seeds, the magnetic fields, burial, elliott smith, flying lotus, rilo kiley, deerhoof, bj?rk, belle and sebastian, the breeders, radiohead, iron & wine, lil wayne, ghostface, deerhunter, cat power, animal collective, band of horses, mogwai
massive attack, rammstein, yann tiersen, koЯn, portishead, limp bizkit, the prodigy, asian dub foundation, guano apes, vangelis, the beatles, frank sinatra, slipknot, aimee mann, cat power, metallica, orbital, louis armstrong, regina spektor, autechre, danny elfman
counting crows, coldplay, linkin park, john mayer, jason mraz, eminem, audioslave, jack johnson, 3 doors down, barenaked ladies, fort minor, nirvana, incubus, the beatles, third eye blind, fall out boy, silverchair, maroon 5
the smiths, manu chao, nick cave and the bad seeds, led zeppelin, mot?rhead, muse, sonic youth, burial, kylie minogue, the pogues, dizzee rascal, neil young, 2pac, the herbaliser, beastie boys, unkle, the rolling stones, the specials, digitalism, dr. dre, the cure, sufjan stevens, lou reed, underworld, gorillaz, simian mobile disco, girls aloud, eminem, aphex twin, the streets, the white stripes
thin lizzy, elliott smith, cursive, foo fighters, black flag, bright eyes
pid?ama porno, hey, velvet revolver, nirvana, the subways, the doors, babyshambles, pj harvey, arctic monkeys, joy division, kings of leon, franz ferdinand, the beatles, guns n roses, amy winehouse
u2, incubus, fleet foxes, radiohead, my morning jacket, beirut, led zeppelin, tv on the radio, girl talk, phoenix, portishead, the jam, tom waits, modest mouse, weezer, the smiths, the shins, belle and sebastian, the beatles, flogging molly, gogol bordello, live, pixies, marilyn manson, sarah mclachlan, coheed and cambria, feist, michael jackson, yann tiersen, elliott smith, mogwai, the rolling stones, barenaked ladies
of montreal, radiohead, arctic monkeys, hot chip, kings of leon, lcd soundsystem, prefuse 73, interpol, bloc party, cocorosie, cat power, the gossip, underworld, amy winehouse, clap your hands say yeah, broken social scene, the knife, sufjan stevens, franz ferdinand, klaxons, battles, cocteau twins, [unknown], amon tobin, burial, eddie vedder, belle and sebastian, m.i.a., the whitest boy alive
iron & wine, the fratellis, badly drawn boy, queen, incubus, the who, the new pornographers, cake, eddie vedder
alesana, a day to remember, the hush sound, david bowie, bring me the horizon, escape the fate, emery, kanye west, anberlin, my chemical romance, the used, silverstein, belle and sebastian, brand new, taking back sunday, coheed and cambria, chiodos, cute is what we aim for, jimmy eat world, from first to last, kings of leon, cobra starship
madness, bob marley, slipknot, ramones
jethro tull, los hermanos, u2, coldplay, marillion
linkin park, slipknot, lacuna coil, dredg, enigma, him, limp bizkit, a perfect circle, rage against the machine, breaking benjamin, oomph!, in flames, disturbed, soundtrack, nightwish, nine inch nails, skillet, evanescence, bloodhound gang, the offspring, drowning pool, afi
blind guardian, ensiferum, norther, amorphis, stratovarius, gamma ray, cradle of filth, opeth, sentenced, rhapsody of fire, katatonia, scar symmetry, the haunted
cannibal corpse, arch enemy, slayer, alice in chains, hatebreed, nile, devildriver, chimaira, antonio vivaldi, fear factory, soulfly, all shall perish, slipknot, the beatles, korpiklaani, children of bodom, amon amarth, carcass
nick cave and the bad seeds, faith no more, fiona apple, pj harvey, nine inch nails, yann tiersen, the flaming lips, lou reed, amy winehouse, jamiroquai, blur, eddie vedder, the beatles, the clash, chris cornell, bob dylan, wolfgang amadeus mozart, iggy pop, the rolling stones, the velvet underground, led zeppelin, babyshambles
audioslave, metallica, public enemy, led zeppelin, slipknot, arctic monkeys, the offspring, immortal technique, koЯn, stone sour, nirvana, limp bizkit, the white stripes, lordi, rammstein, mew, red hot chili peppers, arch enemy, bob marley, muse, michael jackson, p.o.d., tenacious d, eminem, cypress hill, volbeat
queen, strapping young lad, marilyn manson, slayer, black sabbath, gorillaz, slipknot, arch enemy, ozzy osbourne, rush, metric, apocalyptica
the black keys, beirut, rage against the machine, jefferson airplane, the mars volta, led zeppelin, frank zappa, pink floyd, nirvana, bj?rk, arctic monkeys, ennio morricone, the clash
the strokes, the libertines, the new pornographers, daft punk, the pigeon detectives, the kooks, babyshambles, justice, vampire weekend, razorlight, arctic monkeys, blur, the last shadow puppets, dirty pretty things, amy winehouse, the fratellis, the raconteurs, digitalism, fleet foxes, nouvelle vague, crystal castles, the killers, clap your hands say yeah, bj?rk, lily allen, bob dylan, mgmt, the white stripes, frank sinatra, the streets, ladytron, cansei de ser sexy, dizzee rascal, radiohead
bright eyes, rilo kiley, the faint, bonnie prince billy, pavement, adam green, beck, nick drake, death cab for cutie, cursive
the doors, joy division, sigur rós, queens of the stone age, nick cave and the bad seeds, sufjan stevens, tv on the radio, boards of canada, elvis presley, faith no more, doves, the raveonettes, beirut, arcade fire, the flaming lips, josé gonzález, bright eyes, nine inch nails, goldfrapp, elliott smith, aphex twin, badly drawn boy, dead kennedys, jefferson airplane, the smiths, interpol, beck, thom yorke, clint mansell, the dillinger escape plan, massive attack, primus
jay-z, calexico, autechre, elliott smith, m.i.a., radiohead, johann sebastian bach, j dilla, dizzee rascal, mark ronson, goldfrapp, feist, kanye west, portishead, spoon, andrew bird, bruce springsteen, sigur rós, bloc party, ghostface, the flaming lips, t.i., lcd soundsystem, animal collective, santogold, the roots, arctic monkeys, burial, the game, erykah badu, ramones, bon iver, tv on the radio
green day, the beatles, stereophonics, rancid, paul simon, manu chao, blur, the fratellis, gorillaz, coldplay, billy talent, radiohead, muse, blink-182, arctic monkeys, the beach boys, oasis, kaiser chiefs, the last shadow puppets, the killers, the smiths, placebo, linkin park, the kooks, sum 41, pearl jam, nirvana, 3 doors down, nofx, snow patrol, emilíana torrini, leonard cohen, razorlight, keane, the wombats
the killers, robbie williams, nickelback, pink floyd, depeche mode, james blunt, enrique iglesias, amy macdonald, creed, 2pac, simple plan, dire straits, james morrison, [unknown], him, u2, bruce springsteen, pearl jam, roxette, ti?sto, bryan adams
elvis presley, bob dylan, the cure, the beach boys, the doors, pink floyd, aerosmith, the beatles, [unknown], bauhaus, django reinhardt, bob marley
ryan adams, third eye blind
radiohead, the police, phil collins, the corrs, nelly furtado, dire straits, the cure, sarah mclachlan
the killers, alter bridge, mika, arctic monkeys, bon jovi, blur, linkin park, ska-p
the magnetic fields, tom waits, bob dylan, t. rex, leonard cohen
antony and the johnsons, cocorosie, black sabbath, rammstein, iron maiden, muse, dir en grey, metallica
alice in chains, koЯn, muse, foo fighters, led zeppelin, eric clapton, stone sour, nine inch nails, godsmack, live, hooverphonic, pink floyd, myslovitz, archive
maria mena, katy perry, kate nash, lady gaga, rihanna, akon, leona lewis, onerepublic
coldplay, soundtrack, manu chao, the beatles, morcheeba, franz ferdinand, nouvelle vague, the postal service, gentleman, cat power, architecture in helsinki, beirut
radiohead, kings of convenience, depeche mode, kanye west, the doors, boards of canada, bob marley & the wailers, róisín murphy, air, daft punk, moloko, portishead
metallica, children of bodom, sentenced, edguy, nightwish, ensiferum, therion, sonata arctica, iron maiden, avantasia, korpiklaani, cradle of filth, amorphis, in flames, stratovarius, after forever, arch enemy, norther, rammstein, the 69 eyes, hammerfall, trivium, haggard, kreator, amon amarth, dimmu borgir, kamelot
broken social scene, alkaline trio, taking back sunday, franz ferdinand, motion city soundtrack, say anything, my chemical romance, panic at the disco, kanye west, modest mouse, justin timberlake, coheed and cambria, nada surf, hot hot heat, kings of convenience, red hot chili peppers, lady gaga, daft punk, the postal service, britney spears, paramore, gorillaz, the killers, rihanna, kylie minogue, the strokes, reel big fish, nelly furtado, maroon 5, death cab for cutie, madonna, the sounds
david bowie, placebo, the smashing pumpkins, the beatles, elliott smith, bright eyes, radiohead, bob marley & the wailers, the smiths, kent, supergrass, brian eno, morrissey, sigur rós, the postal service, mew, frank zappa, marilyn manson, muse, dead kennedys, primus, blondie, jeff buckley, pixies, shpongle, led zeppelin, metric, pearl jam, boards of canada, the ting tings, system of a down, ben folds five, the jam, eels, groove armada
jethro tull, journey, the beatles, pink floyd, the pogues, queensr?che, elton john, the rolling stones, aerosmith, ac/dc, r.e.m., flogging molly, porcupine tree, peter gabriel, alice cooper, the who, genesis, billy joel, dropkick murphys, the beach boys, kiss, bruce springsteen
mastodon, hatebreed, iced earth, ac/dc
the clash, the smiths, the flaming lips, steely dan, pink floyd, city and colour, radiohead, marvin gaye, new order, talking heads, brian eno, alexisonfire, bj?rk, hot chip, booka shade, beastie boys, m83, the cribs, the rolling stones, led zeppelin, depeche mode, bruce springsteen, arcade fire, david bowie
radiohead, the white stripes, bj?rk, pinback, the shins, justice, daft punk, air, sufjan stevens, porcupine tree, the sounds, philip glass, feist, mgmt, peaches, sigur rós, the dandy warhols, r?yksopp, thrice, the knife, frou frou, joanna newsom, the decemberists, death cab for cutie, the flaming lips, peter bjorn and john, tegan and sara, the beatles, tool, madonna, modest mouse, cansei de ser sexy, kent, broken social scene
the magnetic fields, kate bush, of montreal, bj?rk, emilie simon, the zombies, gorillaz, cansei de ser sexy, rob zombie, the dresden dolls, peter gabriel, the killers
bright eyes, justice, sigur rós, crystal castles, the chemical brothers, lupe fiasco, digitalism, death cab for cutie, tricky, tokyo police club, isis, opeth, the mars volta, death from above 1979, the presets, ladytron, portishead, the prodigy, the kooks, circa survive, massive attack, cut copy, santogold, nine inch nails, red hot chili peppers, dizzee rascal, rage against the machine, iron & wine, the dillinger escape plan, klaxons, daft punk, thursday, boys noize, iron maiden, joy division
pid?ama porno, coma, system of a down, kult, kosheen, the prodigy, bob dylan, linkin park, the offspring, bruce springsteen, soulfly, rammstein, hammerfall, judas priest, slayer, iron maiden, beastie boys, [unknown], the cranberries, audioslave, atb, helloween, happysad, eminem, no doubt, akurat
cradle of filth, dimmu borgir, satyricon, bathory, samael, children of bodom, behemoth, gojira, moonspell, slayer, lordi, burzum, amon amarth, immortal, sepultura, cannibal corpse, paradise lost, deathstars
radiohead, ministry, nine inch nails, isis, mogwai, skinny puppy, fugazi, mono, black sabbath, aesop rock, mastodon, napalm death, aphex twin, metallica, sneaker pimps
hypocrisy, in flames, soilwork, vader, dark tranquillity, children of bodom, arch enemy, finntroll, behemoth, pain, slipknot, sonic syndicate, the haunted, moonspell, disturbed, volbeat, dimmu borgir, hatebreed, immortal
lily allen, taylor swift, black eyed peas, mika, paramore, coldplay, regina spektor, beyoncé, madonna, lady gaga, duffy, jason mraz, kate nash, fergie, green day, pink
deftones, kings of leon, red hot chili peppers, poets of the fall, queens of the stone age, moby, daft punk, calvin harris, bat for lashes, mgmt, keane, hot chip, limp bizkit, eagles of death metal, bloc party, ska-p, cut copy, foo fighters, late of the pier, the strokes, sia, outkast, the killers, thom yorke, pendulum, editors, the chemical brothers, max?mo park, groove armada, led zeppelin, the kooks, lcd soundsystem, underworld
fugazi, at the drive-in, pixies, streetlight manifesto, death cab for cutie, the clash, the mars volta, tom petty and the heartbreakers, the specials, tom waits, the blood brothers, the cure, placebo
ne-yo, craig david, rihanna, chris brown, usher, lil wayne
as i lay dying, slipknot, devildriver, die apokalyptischen reiter, 65daysofstatic, moonspell, amon amarth, apocalyptica, dimmu borgir, tiamat, ill ni?o, trivium, static-x, behemoth, cannibal corpse, system of a down, edguy, morbid angel
machine head, kyuss, fear factory, the prodigy, seeed, pink floyd, queens of the stone age, manu chao, high contrast, ac/dc, sean paul, kosheen, peter fox, portishead, sepultura, damian marley, bob marley & the wailers, amon tobin, clint mansell, pendulum, fischerspooner, paul oakenfold, massive attack, cypress hill
frank sinatra, the dresden dolls, koЯn, limp bizkit, clint mansell, nirvana, maroon 5, louis armstrong, [unknown], john williams, the cure, lordi, m?tley crüe
mindless self indulgence, beyoncé, system of a down, afi, the rasmus, anti-flag, marilyn manson, billy talent, the beatles, limp bizkit, fall out boy, all that remains, placebo, koЯn, fatboy slim, snoop dogg, kamelot, t.i.
sugababes, madonna, aerosmith, maroon 5, september, the pussycat dolls, abba, lady gaga, enrique iglesias, beyoncé, robbie williams, rihanna, katy perry, spice girls, duffy, bon jovi, nickelback, the ting tings, hilary duff, scissor sisters, jennifer lopez, lily allen, george michael
judas priest, fall out boy, the offspring, the veronicas, nightwish, marilyn manson, epica, disturbed, dio, pain, rise against, edguy, dope, seether, bullet for my valentine, therion, after forever, iron maiden, bring me the horizon, miley cyrus, satyricon, nirvana, the white stripes, metallica, sirenia, system of a down, evanescence, fear factory, avenged sevenfold, helloween, in flames, sodom, guns n roses, apocalyptica, slipknot, blind guardian
the beatles, zero 7, wilco, red hot chili peppers, jamiroquai, incubus, the cardigans, cat power, interpol, david bowie, feist, the strokes, the smashing pumpkins, arctic monkeys, the rolling stones, faith no more, supergrass, oasis, primus, queens of the stone age, stone temple pilots, kings of leon, air, morcheeba, the libertines, coldplay, the beach boys, amy winehouse, massive attack, weezer, mark ronson, the go! team, buckethead, gorillaz, bloc party, portishead, architecture in helsinki, foo fighters, broken social scene, gnarls barkley, at the drive-in, stevie wonder, pixies, radiohead, sufjan stevens
meshuggah, opeth, rush, dream theater, symphony x, carcass, king crimson, iced earth, megadeth
dropkick murphys, led zeppelin, green day, ben folds, the who, gogol bordello, the doors, steely dan, jason mraz, queen, the all-american rejects, angels & airwaves, panic at the disco, arctic monkeys, my chemical romance, fall out boy, anberlin, boys like girls, the killers, pearl jam, nirvana, linkin park, ben folds five, snow patrol, bob marley & the wailers, barenaked ladies, the fray, 30 seconds to mars, james blunt, jonas brothers, plain white ts, john mayer, ac/dc
metallica, koЯn, deichkind, 50 cent, slipknot, rage against the machine, cypress hill, system of a down, farin urlaub, weezer, the offspring, disturbed, the beatles, gorillaz, franz ferdinand, the game, pennywise, rise against, manu chao, tenacious d, gnarls barkley, nirvana, queens of the stone age, the white stripes, seeed, bob marley, babyshambles, the hives, eminem, mando diao, bullet for my valentine, die ?rzte, peter fox, marilyn manson, serj tankian, bloodhound gang, fort minor, the fratellis, red hot chili peppers, ac/dc, arctic monkeys, 2pac, beatsteaks
the dillinger escape plan, tom waits, johnny cash, queen, mastodon, metallica, lamb of god, isis, the beatles, koЯn, down, volbeat, pantera, converge, rammstein, faith no more, meshuggah, hatebreed, system of a down, apocalyptica, jamiroquai, sepultura, marilyn manson, kyuss, static-x, tenacious d, eagles of death metal, ac/dc, tool, lynyrd skynyrd, rob zombie, nile, slipknot, opeth, black sabbath, die ?rzte
my bloody valentine, nofx, converge, ben folds five, the beach boys, green day
bon iver, fleet foxes, iron & wine, ryan adams, josé gonzález, bob dylan, the knife, anna ternheim, the rolling stones, refused, johnny cash, jack johnson, the hellacopters, black sabbath, belle and sebastian, alice in chains, nofx, rage against the machine
miley cyrus, akon, green day, dope, in flames, nofx, beyoncé, katy perry
the dandy warhols, snow patrol, kasabian, u2, the chemical brothers, the hives, beirut, beck, a-ha, four tet, gorillaz, the prodigy, goldfrapp, badly drawn boy, fatboy slim, massive attack, stereolab, zero 7, feeder, deep purple, de la soul, the beatles, boards of canada, tricky, mark ronson, duran duran, moby, dead can dance, philip glass, r?yksopp, coldplay, sheryl crow, inxs, the future sound of london
gotan project, u2, the beatles, maroon 5, sum 41, radiohead, coldplay, soundtrack, stars
michael jackson, eagles, ludwig van beethoven, frank sinatra, marvin gaye, santana, akon, simon & garfunkel, enya, ne-yo, stevie wonder, bob marley
dizzee rascal, girls aloud, justin timberlake, enter shikari, arctic monkeys, rihanna, cute is what we aim for, britney spears, hellogoodbye, hot hot heat, taking back sunday, the blood brothers, 50 cent, craig david, the postal service, damien rice, the smiths, underoath, bloc party, editors, amy winehouse, beastie boys, ben folds
death from above 1979, the strokes, rage against the machine, converge, minus the bear, lostprophets, foals, yeah yeah yeahs, alexisonfire, bring me the horizon, the libertines, at the drive-in, muse, battles, lcd soundsystem, kings of leon, the blood brothers
bob marley, linkin park, ice cube, foo fighters, green day, lostprophets, 2pac, the offspring, kasabian, system of a down, rage against the machine, nas, jay-z, fort minor, adema, papa roach, the roots, static-x, kaiser chiefs, a tribe called quest, kanye west, snoop dogg, happysad, dr. dre, koЯn, hoobastank, dmx, sean paul, the game, maroon 5, eminem, p.o.d., notorious b.i.g., outkast, lcd soundsystem, the ting tings
porcupine tree, marillion, finntroll, gamma ray, judas priest, frank zappa, therion, dethklok, manowar
radiohead, doves, orbital, the chemical brothers, muse, faith no more, elbow, interpol, mogwai, system of a down, arctic monkeys, johnny cash, ben folds, supergrass, unkle, green day, ben folds five, slipknot, elliott smith, iron maiden, aimee mann, queens of the stone age, arcade fire, r.e.m., david gray, air, fatboy slim, bob dylan, massive attack, the prodigy, kings of leon, coldplay, u2, blink-182, simian mobile disco, red hot chili peppers, foo fighters, pearl jam, the killers
tricky, radiohead, tom waits, spoon, calexico, amon tobin, franz ferdinand, cat power, the kills, thievery corporation, deus, arcade fire, editors, primal scream, r.e.m., the rolling stones, u2, pj harvey, mogwai, nick cave and the bad seeds, interpol, the white stripes, the black keys, queens of the stone age, the raconteurs
killswitch engage, type o negative, avenged sevenfold, system of a down, benny benassi, dream theater, the prodigy, him, ac/dc, kamelot, nightwish, sonata arctica, scar symmetry, pain of salvation, metallica, 3 doors down, slipknot, opeth, apocalyptica, in flames, symphony x, skillet, within temptation, children of bodom
the arcade fire, cat power, the cure, tom waits, joanna newsom, the flaming lips, belle and sebastian, modest mouse, the notwist, sigur rós, spoon, iron & wine, mogwai, stereolab, rufus wainwright, the shins
david bowie, prince, ladytron, calvin harris, the beatles, the rolling stones, air, r.e.m.
live, bon jovi, bruce springsteen, goo goo dolls, u2, leonard cohen, eric clapton, queen, kings of leon, phil collins, the who, switchfoot, 3 doors down, nickelback, dire straits, hoobastank, linkin park, seal, bryan adams, johnny cash, simon & garfunkel, travis, red hot chili peppers, snow patrol, elton john, 30 seconds to mars, fall out boy, michael jackson, the beatles, alanis morissette, robbie williams, damien rice, david bowie, the police
arctic monkeys, radiohead, incubus, yann tiersen, chris brown, deftones, jack johnson, kings of convenience, arcade fire, the shins, the smashing pumpkins, bj?rk, tool, jamiroquai, klaxons, red hot chili peppers
m83, mew, beck, mastodon, the beatles, my bloody valentine, radiohead, beastie boys, billy joel, green day, queens of the stone age, ben folds five, nirvana, pixies, paul simon, michael jackson, eels, the flaming lips, eagles of death metal, deerhoof, blur, placebo, ben folds, the beach boys, david bowie, fleet foxes, tv on the radio, neutral milk hotel
pink floyd, led zeppelin, king crimson, supertramp, mike oldfield, enigma, the jimi hendrix experience, dire straits, dead can dance, nightwish, miles davis, the doors, the rolling stones, abba, jimi hendrix, rainbow, deep purple, black sabbath, morcheeba, dream theater, lacrimosa, marillion, creedence clearwater revival, santana, andrew lloyd webber, queen, roxette
pink floyd, blackfield, marillion, genesis, roxette, u2, supertramp, amy macdonald, dire straits, mike oldfield, electric light orchestra, camel, queen, peter gabriel, vangelis
subway to sally, linkin park, in extremo, billy talent, rammstein, bullet for my valentine, green day, die toten hosen, lordi, 30 seconds to mars, marilyn manson, daft punk
ayreon, dream theater, apocalyptica, enya, korpiklaani, led zeppelin, flogging molly, pink floyd, therion, pain of salvation, nightwish, gogol bordello, strapping young lad, bob marley & the wailers, turisas, eluveitie, manowar
led zeppelin, oasis, jamiroquai, the knife, linkin park, bloc party, depeche mode, alice in chains, the postal service, hard-fi, shiny toy guns, editors, kaiser chiefs, basement jaxx, switchfoot, ratatat, gorillaz, the bravery
dethklok, nile, anathema, arch enemy, dark tranquillity, bathory
helloween, black sabbath, beastie boys, the hellacopters, ennio morricone, immortal, norther, lordi, kamelot, abba, marillion, dio, m?tley crüe, alice cooper, amorphis, kraftwerk, in flames, anthrax, rammstein, elvis presley, iron maiden, testament, ozzy osbourne, de-phazz, faith no more, iced earth
buckethead, frank zappa, the cure, johnny cash, nick drake, ennio morricone, the jesus and mary chain, eels, genesis, dashboard confessional, aimee mann, nelly, akira yamaoka, pearl jam, nine inch nails, tori amos, john williams, electric six, mirah, alanis morissette, deftones, of montreal, sheryl crow, emilie autumn, nightwish, the prodigy, a perfect circle, the smiths, tom waits
belle and sebastian, danny elfman, the magnetic fields, elvis presley, queen, beirut, the arcade fire, kimya dawson, rufus wainwright, mika, the decemberists, katie melua, new found glory, the beatles, fleet foxes, norah jones, ok go, the pogues, the cure, ben folds, grateful dead, of montreal
electric six, the knife, bj?rk, metric, santogold, lady gaga, kate bush, jamie cullum, n*e*r*d, diana krall, m.i.a., kanye west, crystal castles, billie holiday, architecture in helsinki, the sounds, sigur rós, radiohead, cocteau twins, r?yksopp, justice, gorillaz, dj shadow, emilíana torrini, nine inch nails, cansei de ser sexy, the chemical brothers, ladytron, dir en grey, cake
fleet foxes, death cab for cutie, minus the bear, the weakerthans, band of horses, camera obscura, jimmy eat world, tegan and sara, belle and sebastian, blonde redhead, saves the day, the fall of troy
morbid angel, cannibal corpse, bloodbath, paradise lost, behemoth, tiamat, moonspell, my dying bride, tristania, the gathering, metallica, nile, carcass, black sabbath, napalm death
dave matthews band, nick drake, david bowie, morrissey, depeche mode, james blunt, modest mouse, jack johnson, foo fighters, the clash, lily allen, nine inch nails, arctic monkeys, the killers, abba, kate nash, flogging molly, franz ferdinand, the strokes, bob marley, the smiths, buzzcocks, simon & garfunkel, guided by voices, amy winehouse, kaiser chiefs, nina simone
paul van dyk, armin van buuren, above & beyond, ferry corsten, atb, ti?sto, christina aguilera, chicane, blank & jones, taylor swift, paul oakenfold
bob marley, air, beck, radiohead, david bowie, frank sinatra, phoenix, bj?rk, buena vista social club, elvis presley, the rolling stones, the beatles, emilie simon, soundtrack, fiona apple, the clash, caetano veloso, foo fighters, gnarls barkley, the strokes, of montreal, amy winehouse, arcade fire, gorillaz, interpol, le tigre, modest mouse, girl talk, franz ferdinand, lcd soundsystem, beirut
devendra banhart, deerhunter, nine inch nails, low, the stone roses, queens of the stone age, the brian jonestown massacre, fugazi, the breeders, tv on the radio, nick cave and the bad seeds, beck, oasis, my bloody valentine, misfits, david bowie, pavement, unkle, ladytron, dinosaur jr., pixies, depeche mode, blur, the velvet underground, pj harvey, eagles of death metal, the white stripes, de la soul, tori amos
belle and sebastian, the kinks, the smiths, johnny cash, the beatles, the velvet underground, the jam, the clash, sufjan stevens, cat stevens, pixies, david bowie, chet baker, otis redding, bob dylan, nick drake, jeff buckley, the zombies, elliott smith, bj?rk, feist, morrissey, talking heads, elvis costello, air, john lennon, the rolling stones, joy division, queens of the stone age, pink floyd, lou reed, frank sinatra, of montreal, simon & garfunkel
black label society, tiamat, apocalyptica, john coltrane, captain beefheart & his magic band, opeth, serj tankian, king crimson, camel, godsmack, sepultura, frank zappa, sting, moonspell, ozzy osbourne, metallica, in extremo, édith piaf, bathory, creedence clearwater revival
siouxsie and the banshees, explosions in the sky, joy division, nine inch nails, wolfgang amadeus mozart
ghostface, boards of canada, matisyahu, john mayer, tool, fall out boy, gentleman, muse, joss stone
pj harvey, dropkick murphys, the pipettes, pixies, johnny cash, camera obscura, the clash, the arcade fire, primal scream, the raveonettes, the smashing pumpkins
travis, goldfrapp, aimee mann, tori amos, the cranberries, radiohead, the verve, portishead, beck, james blunt, oasis, belle and sebastian, damien rice, david bowie, jeff buckley
bon iver, modest mouse, joy division, death cab for cutie, kings of convenience, fleet foxes, the album leaf, boards of canada, andrew bird, adam green, patrick wolf, the notwist
brand new, death cab for cutie, minus the bear, bright eyes, something corporate, metro station, at the drive-in, dashboard confessional, chromeo, modest mouse, sufjan stevens, elliott smith, hellogoodbye
children of bodom, sonic syndicate, disturbed, cannibal corpse, koЯn
[the black dahlia murder]
explosions in the sky, isis, minor threat, pixies, philip glass, boards of canada, four tet, neil young, radiohead, nofx, godspeed you! black emperor, slowdive, nirvana, regina spektor, nick drake, bad religion, dead kennedys, foo fighters, metallica, sigur rós
silverstein, the wombats, onerepublic, the kooks, boys like girls, atreyu, linkin park, incubus, senses fail, arctic monkeys, alexisonfire, 3 doors down, kate nash, in flames, clueso, moby, anberlin, coldplay, something corporate, soilwork, 36 crazyfists, the roots, placebo, gym class heroes, max?mo park
ennio morricone, alicia keys, michael bublé, katie melua, emilie simon, diana krall, cat stevens
pain of salvation, angra, symphony x, edguy, dream theater, kamelot
blonde redhead, deerhoof, king crimson, joe satriani, jimi hendrix, opeth, emilie simon, eric clapton, cat power, bj?rk, cocorosie, radiohead, nirvana, kamelot, neil young, george michael, michael jackson, norah jones
bob marley, tom waits, nirvana, lenny kravitz, ramones, underworld, bob marley & the wailers, maroon 5
nofx, bob dylan, pennywise, pantera, bad religion, the beatles, bruce springsteen, the 69 eyes, iron maiden, ramones, helloween, dream theater, skid row, ac/dc, edguy, blind guardian, queen, bon jovi, angra, hammerfall, metallica, mot?rhead, millencolin, black sabbath, seal, alice cooper, papa roach, the offspring, gamma ray, pink floyd
ben folds, regina spektor, jack johnson, mirah, maria mena, spice girls, queen, death cab for cutie, the beatles, bright eyes, billy joel, jamie cullum, frou frou, elton john, ray lamontagne, goo goo dolls, lifehouse, cute is what we aim for, the academy is...
aerosmith, ac/dc, no doubt, tenacious d, the white stripes, cat stevens, howard shore, deep purple, sonata arctica, amon amarth, john frusciante, lynyrd skynyrd, at the gates, children of bodom, him, system of a down, the clash, the offspring, bruce springsteen, robbie williams, abba, oasis, eric clapton, muse
caetano veloso, chico buarque, soundtrack, stevie wonder, madonna, marvin gaye, massive attack, mariah carey, delerium, alicia keys, norah jones
caliban, bullet for my valentine, tenacious d, alesana, silverstein
comeback kid, beatsteaks, against me!, the hives
the mountain goats, bonnie prince billy, stars, regina spektor, the national, fiona apple, andrew bird, cocorosie, m. ward, the magnetic fields, aimee mann, alkaline trio, cursive, bon iver, antony and the johnsons, mirah, ani difranco, the album leaf, the knife, air, the decemberists, cat power
katatonia, koЯn, moby, behemoth, samael, the prodigy, david bowie, placebo, richard cheese, flogging molly, nine inch nails, the pogues, immortal, hypocrisy, in flames, mike oldfield, opeth, korpiklaani, amon amarth, ministry, him, ensiferum, moonspell, johnny cash, faith no more, vnv nation, the killers, basshunter, type o negative
the killers, jason mraz, katie melua, mika, green day, travis, amy macdonald, tracy chapman, céline dion, the offspring, joshua radin, john mayer, mando diao, ok go, lifehouse, kate nash, damien rice, the kooks, kaiser chiefs, pink, akon, the sounds, jack johnson, abba, justin timberlake, the hives, rihanna, arctic monkeys, h?kan hellstr?m, james blunt, avril lavigne, sum 41, katy perry, duffy
pink martini, tegan and sara, bob dylan, metric, panic! at the disco, the beatles, coldplay, m.i.a., vampire weekend, feist, sufjan stevens, death cab for cutie, kate bush, stars, of montreal, mgmt, alicia keys, the ting tings, michael bublé, rihanna
gentleman, [unknown], bob marley, jay-z, deichkind, damian marley, kanye west, timbaland, rihanna
franz ferdinand, queen, the beatles, eminem, marilyn manson, rammstein, daft punk, red hot chili peppers, the beach boys, dethklok, gorillaz, billy joel, interpol, black eyed peas, green day, beastie boys, elvis presley
of montreal, animal collective, grizzly bear, múm, modest mouse, the white stripes, fleet foxes, a tribe called quest, architecture in helsinki, mf doom, madvillain, yeah yeah yeahs, built to spill, j dilla, the knife, bonobo, deerhoof, beck
slipknot, disturbed, trivium, sonata arctica, machine head, soilwork, lamb of god, all that remains, as i lay dying, koЯn, dope, pantera, dragonforce, apocalyptica, arch enemy, sonic syndicate, soulfly, dream theater, linkin park, atreyu, nightwish, system of a down, slayer, scar symmetry, good charlotte, buckethead, papa roach, norther, guns n roses, stone sour, pendulum, volbeat, iron maiden, the offspring
talib kweli, jay-z
jethro tull, queen, tool, pain of salvation, metallica, opeth, the beatles, the cure, air, my dying bride, eric clapton, rush, riverside, sentenced, daft punk, blind guardian, king crimson, led zeppelin, the cinematic orchestra, explosions in the sky, god is an astronaut, cat power, ayreon, iron maiden, simon & garfunkel, red hot chili peppers, massive attack, ulver, tortoise, jimi hendrix, iced earth, dire straits, tenacious d, boards of canada
faith no more, pearl jam, counting crows, barenaked ladies, matchbox twenty, foo fighters, soundgarden, bruce springsteen, razorlight, incubus, ryan adams, system of a down, mindless self indulgence, maroon 5, stone temple pilots, the libertines, primus, the smashing pumpkins, bush, misfits, goo goo dolls, silverchair, the clash, the fratellis, the killers, the white stripes
bright eyes, led zeppelin, modest mouse, deftones, elliott smith, cursive, cat power, eddie vedder, the beatles, atmosphere, coldplay, thom yorke, pinback, the killers, bj?rk, the shins, kanye west, david bowie, air, kings of convenience, fiona apple, keane, 311, arcade fire, the decemberists, joni mitchell, zero 7, nada surf, jimmy eat world, muse, brand new, the smiths, blonde redhead, bob marley & the wailers, jay-z, lifehouse, lupe fiasco, neil young, nick drake, apparat, bob dylan, nirvana, the postal service
underoath, bring me the horizon, circa survive, deftones, killswitch engage, anberlin, parkway drive, funeral for a friend, all shall perish, the black dahlia murder, kings of leon, saosin
the beatles, neil young, chico buarque, queens of the stone age, nick drake, black sabbath, bob dylan, kyuss, the rolling stones, the jimi hendrix experience, radiohead, arcade fire, kings of convenience, josé gonzález, black label society, sonic youth, muse, johnny cash, elliott smith, franz ferdinand, arctic monkeys, my morning jacket, cansei de ser sexy, black rebel motorcycle club, sufjan stevens, jimi hendrix, belle and sebastian, down, tenacious d, interpol, klaxons, sublime, justin timberlake, jack johnson, devendra banhart, tom waits, aretha franklin, ac/dc, fleet foxes
stevie wonder, black eyed peas, otis redding, al green, joss stone, snoop dogg, justin timberlake, usher, michael jackson, erykah badu, john legend, 2pac, beastie boys
ben folds, john mayer, jason mraz, belle and sebastian, matchbox twenty, mae, gavin degraw, brand new, death cab for cutie, timbaland, spoon, panic! at the disco, something corporate, the postal service, goo goo dolls, relient k, green day, sublime, chris brown, taking back sunday, the shins, colbie caillat, dave matthews band, say anything, ben harper
death cab for cutie, anna ternheim, the shins, mogwai, cat stevens, dead can dance, britney spears, travis, rufus wainwright
n*e*r*d, duran duran, jamiroquai, david guetta
switchfoot, oasis, snow patrol, linkin park, taking back sunday, fort minor, dashboard confessional, feeder, death cab for cutie, angels & airwaves, mae, fall out boy, motion city soundtrack
30 seconds to mars, system of a down, nightwish, pendulum, muse
architecture in helsinki, radiohead, the postal service, the killers, coldplay, r.e.m., cursive, bad religion, red hot chili peppers, the streets, thievery corporation, gorillaz, pearl jam, alice in chains, spoon, eagles, morrissey, the smashing pumpkins, the knife, ...and you will know us by the trail of dead, the smiths, snow patrol, sage francis, megadeth, franz ferdinand, counting crows, madonna, the police, mgmt, sublime, bob marley & the wailers, the verve, foo fighters
armin van buuren, ti?sto, blank & jones, the police, blondie, paul oakenfold, unkle, roxette, sting
apocalyptica, lacuna coil, skillet, stone sour, linkin park, system of a down, dragonforce, rammstein, kamelot, godsmack, sentenced, tool, in flames, guano apes, loreena mckennitt, koЯn, evanescence, staind
mos def, beastie boys, a tribe called quest, nas
reel big fish, the clash, eminem, bob marley, less than jake, rancid, metallica, good charlotte, benny benassi, rob zombie, atreyu, nelly, ti?sto, green day, new found glory, jack johnson, fall out boy, three days grace, infected mushroom, ben harper, the specials, him, cascada, streetlight manifesto, chamillionaire, panic at the disco, jurassic 5, the sounds, gym class heroes, plain white ts, daft punk, guns n roses, soundgarden, 50 cent
kent, anna ternheim, aimee mann, captain beefheart & his magic band, the hives, norah jones, the killers, dave matthews band, mew, kings of convenience, ben folds five, tom waits, ani difranco, u2, r.e.m., muse, sigur rós, bright eyes, the who, tracy chapman, yann tiersen, eels, oasis, the rolling stones, pink floyd, eric clapton, elton john, badly drawn boy, simon & garfunkel, feist
clint mansell, kamelot, placebo, metallica, the raveonettes, bon jovi, blind guardian, iced earth, interpol, megadeth, judas priest, rammstein, the clash, lostprophets, ac/dc, muse, the killers, iron maiden, the dresden dolls, avantasia, porcupine tree
bright eyes, the arcade fire, kings of leon, nada surf, interpol, radiohead, the kooks, muse, pearl jam, nine inch nails, razorlight, phoenix, mando diao, the smashing pumpkins, arctic monkeys, kasabian, tricky, the bravery, the kills, new order, klaxons, le tigre, beck, the subways, hot chip, snow patrol, shout out louds, feist, ratatat
static-x, in flames, caliban, koЯn, devildriver, marilyn manson, mot?rhead, metallica, sigur rós, snow patrol, queens of the stone age, bloc party, soilwork, bullet for my valentine, the cure, oomph!, placebo, pain, rammstein, guano apes, system of a down, the killers, tenacious d, sonic syndicate, the white stripes, underoath, arch enemy, judas priest, ozzy osbourne, a perfect circle, deftones, radiohead, red hot chili peppers, rob zombie, black label society, green day, heaven shall burn, dethklok, muse
scorpions, coldplay, michael jackson, britney spears, the cranberries, maria mena, hoobastank, mariah carey, leona lewis, metallica, jack johnson, madonna, black eyed peas
foo fighters, underoath, tool, gorillaz, city and colour, dream theater, the dillinger escape plan, chevelle, yellowcard, deftones, incubus, system of a down, the smashing pumpkins, the mars volta, slipknot, the white stripes, as i lay dying, p.o.d., rise against, chiodos, death cab for cutie, dinosaur jr., nine inch nails, coldplay, lamb of god, red hot chili peppers, a perfect circle, porcupine tree, john mayer, jack johnson, radiohead, seether, alice in chains, alter bridge, kyuss, mastodon, koЯn, she wants revenge, muse, alexisonfire, linkin park, taking back sunday
apocalyptica, ministry, ensiferum, manowar, turisas, pain, sepultura, soulfly, soilwork
santana, frank zappa, tom waits, stevie wonder, the rolling stones, van morrison, the who, cream, jimi hendrix, pink floyd, aretha franklin, lynyrd skynyrd, david bowie, ennio morricone, james brown, otis redding, louis armstrong, air, ray charles
enter shikari, isis, die apokalyptischen reiter, various artists, queens of the stone age, pink floyd, moby, foo fighters
the smiths, bright eyes, brand new, fugazi, chiodos, cursive, grizzly bear, low, joanna newsom, okkervil river, mirah, radiohead, feist, circa survive, bon iver, camera obscura, deerhoof, rilo kiley, devendra banhart, stars, sufjan stevens, mew, animal collective
bruce springsteen, johnny cash, elton john, dave matthews band, grateful dead, johann sebastian bach
scar symmetry, arch enemy, papa roach, soilwork, lacuna coil, foo fighters, angra, avantasia, 30 seconds to mars, system of a down, killswitch engage, megadeth, skid row, eluveitie, the used
the magnetic fields, belle and sebastian, calexico, the decemberists, the beach boys, the new pornographers, the radio dept., oasis, stars, the smiths, camera obscura, morrissey, the go! team, the album leaf, stereolab, echo & the bunnymen, the zombies, pulp, jens lekman, slowdive, david bowie, the stone roses, the kinks, r.e.m., travis
the cinematic orchestra, gorillaz, massive attack, pendulum, the herbaliser, nine inch nails, a perfect circle, linkin park
jay-z, ice cube, a tribe called quest, busta rhymes, notorious b.i.g., outkast, public enemy, nas, ludacris, ac/dc, kanye west, 2pac, iron maiden, snoop dogg
dimmu borgir, arch enemy, cradle of filth, darkthrone, behemoth, satyricon, combichrist
max?mo park, the wombats, the ting tings, the last shadow puppets, the libertines, kaiser chiefs, babyshambles, the kooks, arctic monkeys, the breeders, the pigeon detectives, the doors, franz ferdinand, kate nash
john williams, queen, avril lavigne, michael bublé, the corrs, hans zimmer, paramore, billy joel, amy macdonald, soundtrack, dido, bon jovi, alanis morissette, norah jones, jack johnson, robbie williams, bryan adams, katie melua, ennio morricone, the beatles
nas, wu-tang clan, miles davis
serge gainsbourg, the specials, the clash, the fratellis, the white stripes, bob marley, lily allen, franz ferdinand, peaches, the beatles, madness, sia, the smiths, rancid, amy winehouse, al green
fatboy slim, nelly furtado, avril lavigne, pink, gang starr, britney spears, tracy chapman, david guetta, atb, ti?sto, the sounds, justin timberlake, the prodigy, flo rida, sum 41, ferry corsten, rihanna, pendulum, my chemical romance, nirvana, thievery corporation, busta rhymes, faithless, system of a down
gnarls barkley, ne-yo, the beatles, misfits, dropkick murphys, dethklok, buckethead, richard cheese
katatonia, god is an astronaut, caliban, heaven shall burn, anathema, 65daysofstatic, in flames, death cab for cutie, soilwork, a-ha, mogwai, as i lay dying, blackfield, dredg, eddie vedder, placebo, editors, nine inch nails, dido, opeth, norther, koЯn, fear factory, deftones, killswitch engage, all that remains, porcupine tree, clint mansell, explosions in the sky, godsmack, a perfect circle, staind, trivium
yann tiersen, pink floyd, elvis presley, oasis, ella fitzgerald, the cranberries, louis armstrong, muse, madonna, the rolling stones, mirah, christina aguilera, nouvelle vague, the gossip, katie melua, billie holiday, mika, de-phazz, amy winehouse, peter bjorn and john, the killers, lenny kravitz, sting, duffy, jem, the last shadow puppets, u2, the doors
deathstars, max?mo park, trivium, peaches, dir en grey, slipknot, mindless self indulgence, serj tankian, avenged sevenfold, the knife, dragonforce, tricky, infected mushroom, linkin park, anti-flag, disturbed, a perfect circle
nina simone, jimi hendrix, miles davis, paul mccartney, bob dylan, pink floyd, john lennon, radiohead, john williams, led zeppelin, red hot chili peppers, lynyrd skynyrd, charlie parker, ella fitzgerald, the white stripes, santana, david bowie, michael jackson, rush, the kinks, deep purple, van morrison, louis armstrong, black sabbath, stevie wonder, iron maiden, incubus, the jimi hendrix experience, cream, john coltrane, the rolling stones, django reinhardt
tori amos, sarah mclachlan, nine inch nails, pink floyd, the smashing pumpkins, evanescence, emilie autumn, alanis morissette, madonna, depeche mode, patrick wolf, garbage, vnv nation, kate bush, tenacious d, aimee mann, nirvana, fiona apple, goo goo dolls, ani difranco, regina spektor, the beatles, dido, gorillaz, imogen heap, coldplay
kimya dawson, atmosphere, death cab for cutie, the cure, blink-182, bright eyes, modest mouse, brand new, adam green, comeback kid, misfits, chromeo, girl talk, say anything, kylie minogue, justin timberlake, the black keys, le tigre, elliott smith, elvis presley, the arcade fire, jedi mind tricks, mariah carey, my chemical romance, the fratellis, buzzcocks, cocorosie, jack johnson, coldplay, clap your hands say yeah, justice, the postal service, animal collective, cute is what we aim for, nelly furtado, the strokes
bob marley & the wailers, r?yksopp, muse, radiohead, damian marley, dream theater, gorillaz, sigur rós, buckethead
rihanna, jennifer lopez, no doubt, britney spears, spice girls, shakira, pink, justin timberlake
ennio morricone, melvins, the smiths, the roots, king crimson, de la soul, django reinhardt, aphex twin, gang starr, the cure, outkast, marvin gaye, sonic youth, ramones, frank sinatra, the clash, dj shadow, j dilla, a tribe called quest
r?yksopp, st. germain, bj?rk, thievery corporation, u2, fatboy slim, moby, daft punk, bob marley, de-phazz, basement jaxx
in flames, pain, ulver, burzum, deathstars, finntroll, norther, children of bodom, dimmu borgir, amorphis, sonata arctica, satyricon, type o negative, cradle of filth, korpiklaani, immortal, soilwork
emilie autumn, nightwish, the cure, evanescence, loreena mckennitt, the 69 eyes, lacrimosa, the sisters of mercy, dead can dance, siouxsie and the banshees, lacuna coil, tiamat, metallica, schandmaul, the gathering, tristania, paradise lost, moonspell, type o negative, the birthday massacre, him, marilyn manson, theatre of tragedy, epica, cradle of filth, joy division, sirenia, therion
rage against the machine, death cab for cutie, arcade fire, sufjan stevens, coldplay, animal collective, architecture in helsinki, bloc party, cut copy, simon & garfunkel, the faint, yeah yeah yeahs, tegan and sara, kanye west, ...and you will know us by the trail of dead, the decemberists, deerhunter, justice, blink-182, andrew bird, weezer, aesop rock, modest mouse, thom yorke, gorillaz, ramones, the rapture, fall out boy, the killers, mogwai, dragonforce, jimmy eat world, the postal service
elvis costello, ani difranco, tori amos, leonard cohen, bob dylan, louis armstrong, cat power, neko case, the beatles, ben harper, elton john, beck, norah jones, yo la tengo, joni mitchell, r.e.m., diana krall, tracy chapman, van morrison, radiohead, grateful dead, regina spektor, dead can dance, the flaming lips, dire straits, counting crows
slayer, nightwish, system of a down, anthrax, iron maiden, agalloch, disturbed, black sabbath, hammerfall, rhapsody of fire, megadeth, pantera, death, mot?rhead, testament
dead can dance, anathema, mogwai, porcupine tree, ulver, nine inch nails, pain of salvation, beirut, my dying bride, radiohead, massive attack, lenny kravitz, tori amos, isis, the gathering, portishead, riverside, pink floyd, bj?rk, god is an astronaut, a perfect circle, tool, the cure
the offspring, the dandy warhols, morrissey, aerosmith, m?tley crüe, kiss
the chemical brothers, phoenix, the knife, outkast, atmosphere, metallica, rob zombie, justice, m.i.a., devo, fischerspooner, madonna, kanye west, public enemy, interpol, britney spears, boys noize
mew, the album leaf, the verve, coldplay, r.e.m., jamie cullum, explosions in the sky, broken social scene, pavement, bloc party, keane, travis, mogwai, feeder, pinback, múm, stevie wonder, death cab for cutie, jimmy eat world, stereophonics, u2
mot?rhead, mf doom, j dilla, madvillain, cansei de ser sexy, ice cube, madlib, marvin gaye, m?tley crüe, descendents, the smiths, johnny cash, thin lizzy
coldplay, snow patrol, amy macdonald
system of a down, robbie williams, interpol, three days grace, serj tankian, soilwork, foo fighters, franz ferdinand, afi, sum 41, coldplay, oasis, koЯn, green day, hard-fi, slipknot, snow patrol, red hot chili peppers, muse, ill ni?o, marilyn manson, arctic monkeys, moby, 30 seconds to mars, p.o.d., incubus, nelly furtado, the strokes, hoobastank, evanescence, michael jackson, limp bizkit, eminem, guano apes, hans zimmer, disturbed, pink floyd
clint mansell, gogol bordello, placebo
the jesus and mary chain, my bloody valentine, the stone roses, the velvet underground, the breeders, slowdive, the chemical brothers, new order, the verve, sigur rós, pink floyd, joy division, oasis, the kills
archive, porcupine tree, pearl jam, the cranberries, metallica, creed, blackfield, pink floyd, amy macdonald
nouvelle vague, babyshambles, elvis presley, the pipettes, the beach boys, franz ferdinand, michael bublé, the rolling stones, bob dylan, the who, the strokes, the cardigans, the libertines, radiohead, placebo
flying lotus, apparat, boards of canada, the cinematic orchestra, kings of convenience, the chemical brothers, prefuse 73, nightmares on wax, underworld, amon tobin, aphex twin, frédéric chopin, jurassic 5, the whitest boy alive, tosca, bj?rk, phoenix, daft punk, kraftwerk, bonobo, trentem?ller
deep purple, the beatles, rainbow, jimi hendrix, elvis presley, metallica, led zeppelin, louis armstrong, black sabbath, mot?rhead, nirvana
bonobo, squarepusher, the cinematic orchestra, philip glass, massive attack, boards of canada, apparat, mogwai, infected mushroom, god is an astronaut, four tet, air, marillion, tortoise, dj shadow, the presets, dj krush, porcupine tree, mono, radiohead, herbie hancock, portishead, amon tobin
the hellacopters, pink floyd, ghostface, david bowie, mf doom, sublime, joanna newsom, weezer, descendents, the clash, the smiths, paul mccartney, steely dan, misfits, paul simon, wu-tang clan, rancid, lagwagon, johnny cash, the shins, the white stripes, the faint, turbonegro, guns n roses
dark tranquillity, ministry, the future sound of london, joe satriani, pink martini, katatonia, therion, napalm death, ulver, einstürzende neubauten, my dying bride, pink floyd, tool, schandmaul, the gathering, queen
koЯn, sex pistols, danny elfman, therion, tarja turunen, bj?rk, marilyn manson, evanescence, amy winehouse
sentenced, metallica, ac/dc, guns n roses, iron maiden, moonspell, the 69 eyes, bon jovi, bloodhound gang, poets of the fall, children of bodom, bruce springsteen, amorphis, kiss, bryan adams, the offspring, nickelback, the rasmus, nightwish, coldplay, blink-182, rush, dark tranquillity, nelly furtado, aerosmith, apocalyptica, in flames, slayer, kamelot, katatonia, papa roach, ensiferum, arch enemy, evanescence
frank zappa, faith no more, nirvana, the mars volta, charlie parker, tortoise, the velvet underground, pink floyd, beirut, antonio vivaldi, king crimson, opeth, the beach boys, the beatles, buena vista social club
r?yksopp, gotan project, madonna, enya, pink floyd, ella fitzgerald, moby, tori amos, abba, loreena mckennitt, sigur rós
tom waits, skinny puppy, david bowie, bj?rk, andrew bird, nine inch nails, gorillaz, boards of canada, of montreal, against me!, billie holiday, lou reed, mirah, animal collective, beck, they might be giants, the beatles, cake, moby
linkin park, audioslave, eminem, system of a down, red hot chili peppers, u2, daft punk, the birthday massacre, akira yamaoka, the veronicas, the corrs, p.o.d., rise against, the offspring, the rasmus, rihanna, akon
rise against, queens of the stone age, the fall of troy, turbonegro, thrice, bad brains, saosin, refused
billy talent, metric, thievery corporation, the offspring, the postal service, gogol bordello, snow patrol, mr. scruff
children of bodom, sabaton, amon amarth, arch enemy, nightwish, b?hse onkelz, genesis, ensiferum, coldplay, in flames, dimmu borgir, rammstein, dragonforce, turisas, type o negative, subway to sally, tenacious d, pink floyd, red hot chili peppers
the white stripes, depeche mode, radiohead, black rebel motorcycle club, cat power, the whitest boy alive, nine inch nails, pj harvey, róisín murphy, bloc party, daft punk, patrick wolf, the kills, pixies, the cure, the smashing pumpkins, the prodigy, ...and you will know us by the trail of dead, yeah yeah yeahs, hercules and love affair, deerhunter, primal scream, simian mobile disco, spoon
evanescence, norah jones, katie melua, avril lavigne, pink floyd, mando diao, feist, blink-182, 3 doors down, goo goo dolls, michael bublé, anathema, pink, jason mraz, keane, kt tunstall, sarah mclachlan, hot hot heat, corinne bailey rae
flogging molly, dashboard confessional, nightwish, sonata arctica, the corrs, the shins, epica, the decemberists, rilo kiley, the pogues, enya, frank sinatra, clap your hands say yeah, social distortion, brand new, neutral milk hotel, dropkick murphys, interpol, dragonforce, the new pornographers, oasis, the killers, evanescence, belle and sebastian, the cranberries
ryan adams, kings of leon, fleet foxes, bon iver, backstreet boys, vampire weekend, cat power, rilo kiley, hercules and love affair, aimee mann, britney spears, death cab for cutie, bright eyes, the national, jason mraz, beyoncé, lifehouse, calexico, amy winehouse, andrew bird
lil wayne, immortal technique, basshunter, all shall perish, the black dahlia murder, boards of canada, bring me the horizon, a day to remember, silverstein, caliban, all that remains, parkway drive, saosin, jedi mind tricks, animal collective, enter shikari, amon amarth, the birthday massacre, from autumn to ashes, rammstein, sigur rós, comeback kid, senses fail, alexisonfire, afi, boys like girls
new order, new found glory, the smiths, saves the day, the get up kids, rancid, the pipettes, pulp, descendents, misfits, the bouncing souls, depeche mode, morrissey, oasis
paul oakenfold, unkle, orbital, portishead, the crystal method, mylo, hooverphonic, paul van dyk, blank & jones, air, morcheeba, the prodigy, télépopmusik
sting, queen, atb, enigma, amy macdonald, black eyed peas, beyoncé, madonna
plaid, coldplay, philip glass, autechre, aphex twin, maria mena, burial, trentem?ller, tracy chapman, boards of canada, booka shade, sara bareilles, adele, incubus, beirut, flying lotus
bob dylan, velvet revolver, guano apes, kt tunstall, the clash, system of a down, ac/dc, marilyn manson, dead kennedys, rage against the machine, radiohead
johann sebastian bach, wolfgang amadeus mozart, dream theater, joe satriani, ludwig van beethoven, ayreon, antonio vivaldi, stratovarius, frédéric chopin, the beatles, helloween, symphony x, deep purple, gamma ray, metallica
tom waits, my morning jacket, bruce springsteen, j dilla, the national, atmosphere, the beatles, de la soul, a tribe called quest, m. ward, madlib, the kinks, the clash, the rolling stones, david bowie, the velvet underground, grateful dead, al green, nas, arcade fire, van morrison, bon iver, the pogues, caetano veloso, blondie, andrew bird, lil wayne, john frusciante, otis redding, neil young, new order, cursive
arctic monkeys, cake, amon tobin, cat power, manu chao, eagles of death metal, gorillaz, mando diao, nouvelle vague, m.i.a., explosions in the sky, the white stripes, rage against the machine, aphex twin, tv on the radio, muse, ratatat, the black keys, outkast, booka shade, kasabian, tool, babyshambles, crystal castles, basement jaxx, peaches, the doors, the chemical brothers, the strokes, johnny cash, die ?rzte, jimi hendrix
pixies, the decemberists, guided by voices, cursive, the beatles, pavement, spoon, ben folds, queens of the stone age, ok go, wilco, neutral milk hotel, weezer, reel big fish, the flaming lips, melvins, frank zappa, the cure, the shins, cake, counting crows, the get up kids, bloodhound gang, arctic monkeys, led zeppelin, modest mouse, devo, pain, ben folds five, death cab for cutie, prince, the white stripes
akon, fall out boy, serj tankian, lupe fiasco, volbeat, lady gaga, the game, the sounds, the all-american rejects, the killers, cascada, lil wayne, mgmt, 50 cent, busta rhymes, him, flo rida, rihanna, linkin park, taylor swift, james blunt, cunninlynguists, muse, atmosphere, timbaland, nas, roots manuva, system of a down, arctic monkeys, kanye west
millencolin, the hives, beatsteaks, rise against, atreyu, the specials, the offspring
ska-p, billy talent, nofx, ramones, my chemical romance, panic at the disco, arctic monkeys, max?mo park, fall out boy, queen, the offspring, afi, franz ferdinand, coldplay, bad religion, green day, red hot chili peppers, coheed and cambria, nirvana, linkin park
nine inch nails, porcupine tree, r.e.m., radiohead, pearl jam, manic street preachers, elbow, fugazi, the clash, the smashing pumpkins, alice in chains, the beatles, soundgarden, tool, pink floyd, blur, neil young, metallica, the smiths, talking heads, mot?rhead, the fall, public enemy, the jam, the national, bloc party, the libertines, queens of the stone age, the dillinger escape plan, bush, the jesus and mary chain, fear factory, my bloody valentine, beck, new order, depeche mode, machine head
simon & garfunkel, deep purple, scorpions
neil young, at the gates, kate bush, blind guardian, nick drake, jethro tull, black sabbath, pink floyd, volbeat, loreena mckennitt, gojira, roxette
mando diao, the cardigans, the fratellis, flogging molly, u2, manu chao, misfits, shout out louds, the clash, red hot chili peppers, the beach boys, muse, oasis, alice cooper, the hives, fall out boy, guns n roses, the cure, placebo, the hellacopters, snow patrol, lenny kravitz, the pipettes, beastie boys
pearl jam, boards of canada, morcheeba, pj harvey, massive attack, the chemical brothers, nine inch nails, johnny cash, the cure, trentem?ller, marilyn manson, depeche mode, booka shade, pixies, pet shop boys, portishead, high contrast, air, the doors, the clash
the beatles, the postal service, the smiths, death cab for cutie, feist, norah jones, afi, placebo, dream theater, bright eyes, coheed and cambria, oasis, radiohead, shiny toy guns, alkaline trio, nine inch nails, incubus, peaches, arcade fire, goo goo dolls, frank zappa, scissor sisters, yeah yeah yeahs, underoath
sonic youth, my bloody valentine, nirvana, tool, sigur rós, the smashing pumpkins, the smiths, pinback, ramones
weezer, rise against, eels, faithless, scooter, jamiroquai, blink-182, foo fighters, the subways, fall out boy, franz ferdinand, roxette, arctic monkeys, the strokes, fatboy slim, the doors, édith piaf, lostprophets, muse, paramore
death cab for cutie, beirut, minus the bear, m83, the decemberists, of montreal, crystal castles, mirah, final fantasy, girl talk, andrew bird, new order, justice, belle and sebastian, architecture in helsinki, regina spektor, immortal technique, feist, explosions in the sky, broken social scene, frank sinatra, brand new, dead kennedys, afi, stars, the radio dept., aesop rock, camera obscura, adam green
[the flashbulb]
nine inch nails, audioslave, a perfect circle, black sabbath, ozzy osbourne, pantera, dimmu borgir, kyuss, children of bodom, faith no more, him, kiss, slayer, disturbed, guns n roses, system of a down, pink floyd, satyricon, koЯn, alice in chains, fear factory, soundgarden, anthrax, turbonegro, rammstein, black label society, alice cooper, down, iron maiden, type o negative, tristania, opeth, rush
the roots, j dilla, boards of canada, madvillain, jay-z, mf doom, talib kweli, four tet, a tribe called quest, mos def, n*e*r*d, the streets
arcade fire, descendents, fugazi, nofx, beastie boys, johnny cash, millencolin, black flag, the kinks
oomph!, deathstars
dropkick murphys, nirvana, the clash, misfits, anti-flag, ramones, sex pistols
amy winehouse, michael jackson, depeche mode, a-ha, placebo, a perfect circle, david bowie, emilie autumn, duran duran, faith no more, alice in chains, the cure, madonna, rammstein, the birthday massacre, soundtrack
marilyn manson, rammstein, combichrist, subway to sally, koЯn, dimmu borgir, evanescence, the birthday massacre, finntroll, him, 30 seconds to mars, apocalyptica, cannibal corpse, oomph!, b?hse onkelz, in extremo, die ?rzte, disturbed
jeff buckley, the rolling stones, jack johnson, ben folds, the kinks, the shins, travis, radiohead, james blunt, the national, the killers, sufjan stevens, paul simon, beirut, cold war kids, gavin degraw
death cab for cutie, say anything, paramore, a day to remember, emery, the killers, something corporate, bloc party, bright eyes, chiodos, tegan and sara, metro station, 311, the kooks, crystal castles, motion city soundtrack, the shins
gorillaz, portishead, eels, burial, r?yksopp, blur, beck, deus, the stone roses, radiohead, amy winehouse, the notwist, franz ferdinand, gotan project, josé gonzález, hooverphonic, róisín murphy, moloko, unkle, madonna, bj?rk, the clash, billie holiday, ladytron, thom yorke, the whitest boy alive
therion, symphony x, nile, danny elfman, black label society, ayreon, amon tobin, behemoth, satyricon, pendulum, kamelot, moonspell, opeth, dimmu borgir, vangelis, rhapsody of fire, the birthday massacre, at the gates, burzum, in flames, immortal, jack johnson, him, ulver
the beatles, pink floyd, incubus, jack johnson, radiohead, queen, oasis, coldplay, red hot chili peppers, nirvana, my morning jacket, the rolling stones, led zeppelin, jamiroquai, metallica, green day, u2, belle and sebastian, the cure, dave matthews band, the beach boys, the smashing pumpkins, the velvet underground, david bowie, audioslave, electric light orchestra, the cranberries, foo fighters, kings of convenience, arctic monkeys, norah jones, aerosmith, muse, the doors, alanis morissette
avenged sevenfold, tenacious d, ill ni?o, eminem, rob zombie, slipknot, koЯn, infected mushroom
britney spears, t.i., ice cube, ludacris, dr. dre, talib kweli
travis, the clash, asian dub foundation, manu chao, rancid, gogol bordello, thievery corporation, radiohead, soulfly, sepultura, dropkick murphys, bob marley & the wailers, the prodigy, slipknot, slayer, eddie vedder, rage against the machine, hatebreed, serj tankian, massive attack
city and colour, brand new, death cab for cutie, gang starr
silverstein, three days grace, escape the fate, lostprophets, bullet for my valentine, the used, papa roach, rise against, sum 41, nickelback, my chemical romance, evanescence, nightwish, system of a down, staind, sonic syndicate, story of the year, red hot chili peppers, coldplay, poets of the fall, skillet, afi, sugarcult, atreyu, breaking benjamin, van morrison, marilyn manson, in flames, billy talent, soilwork, alesana, hammerfall, david bowie, killswitch engage, him, seal
manu chao, gentleman, gogol bordello, streetlight manifesto, mando diao, ska-p
misfits, queens of the stone age, cypress hill, asian dub foundation, rjd2, iggy pop, m.i.a., yeah yeah yeahs, the chemical brothers, the clash, gogol bordello, beastie boys, cansei de ser sexy, beck, dead kennedys, the go! team, pixies
the arcade fire, sufjan stevens, explosions in the sky, against me!, modest mouse, m. ward, minus the bear, the beatles, joy division, saves the day, bloc party, kings of leon, beck, comeback kid, circa survive, taking back sunday, jack johnson
the kinks, prefuse 73, devendra banhart, the zombies, animal collective, elliott smith, low, the beatles, nick drake, beck, johnny cash, sigur rós, m. ward, tom waits, cocorosie, iron & wine, nick cave and the bad seeds, rjd2, the decemberists, cat stevens, the blood brothers, converge, the mountain goats, the album leaf
interpol, mew, radiohead, the dresden dolls, tv on the radio, arcade fire, portishead, massive attack, joy division, animal collective, patrick wolf, plaid, kate nash
koЯn, katatonia, machine head, turbonegro, satyricon, metallica, 30 seconds to mars, billy talent, kent, marilyn manson, system of a down, rammstein, him, the smashing pumpkins, benny benassi, in flames, 50 cent, placebo, bullet for my valentine, slipknot, foo fighters, crystal castles, deftones, the dillinger escape plan, timbaland, black sabbath, cradle of filth, immortal, blink-182, gojira, basshunter
enya, sigur rós, jimmy eat world, damien rice, good charlotte, queen, robbie williams, death cab for cutie, dire straits, sarah mclachlan, depeche mode, rufus wainwright, sara bareilles, alanis morissette, phil collins, pink floyd, tegan and sara
r?yksopp, pet shop boys, leona lewis, madonna
[[unknown]]
arctic monkeys, pearl jam, black sabbath, avantasia, dream theater, bob marley, gamma ray, metallica, nightwish, keane, pink floyd, stratovarius, the cure
immortal technique, comeback kid, all shall perish, hatebreed
ignite, morphine, rise against, sum 41, millencolin, the hellacopters, bad religion, audioslave, kaiser chiefs, beatsteaks, blink-182, three days grace, stone sour, flogging molly, pennywise, alkaline trio, the killers, nickelback, queens of the stone age, goo goo dolls, killswitch engage, nofx, the offspring, anti-flag, oomph!, edguy, fall out boy, afi, blind guardian, katatonia, foo fighters, p.o.d., snow patrol, avenged sevenfold, counting crows, trivium
311, saves the day, bad brains, alkaline trio, rilo kiley, the beatles, black flag, the ataris, the smiths, black sabbath
radiohead, the smiths, the beatles, talking heads, j dilla, animal collective, my bloody valentine, bj?rk, outkast, yo la tengo, broken social scene, boards of canada, neutral milk hotel, my morning jacket, pixies, m. ward, deerhoof, belle and sebastian, they might be giants, sonic youth, regina spektor, r.e.m., the mountain goats, black rebel motorcycle club, air, cocorosie, the magnetic fields, the white stripes, wilco, the books, beck, antony and the johnsons, moby, iron & wine
eminem, lostprophets, foo fighters, snow patrol, the chemical brothers, bloc party, franz ferdinand, my chemical romance, scooter, fall out boy, jet, feeder, less than jake, placebo, the killers, arctic monkeys, good charlotte, gorillaz, nelly furtado, kaiser chiefs, red hot chili peppers, coldplay, bowling for soup, fatboy slim, the offspring, keane, ti?sto, the kooks, trivium, 30 seconds to mars, 50 cent, bullet for my valentine, kelly clarkson, kasabian, nine inch nails, the crystal method, black eyed peas, madonna, depeche mode, green day, manic street preachers, cascada, evanescence
portishead, massive attack, thievery corporation, emilie simon, moloko, beck, r?yksopp, fiona apple, radiohead, lamb, bj?rk, air, the killers, daft punk, nightmares on wax, the crystal method, lily allen, dj shadow, télépopmusik, unkle, tosca, [unknown], jazzanova, the chemical brothers, four tet, mylo
the cure, the white stripes, prince, antonio vivaldi, abba, david bowie, sting, madness, beyoncé, eminem, johann sebastian bach, kate bush, rammstein, britney spears, katie melua, bj?rk, depeche mode, u2, nirvana, queen, air, fleetwood mac, kate nash, black eyed peas, madonna, norah jones, toto, pink floyd, mika, diana krall, fergie, justice, rihanna, moby
joni mitchell, the decemberists, neil young, simon & garfunkel, the smiths, paul simon, the beatles, frank sinatra, grateful dead, sufjan stevens, kraftwerk, david bowie, john williams, norah jones, the beach boys, johnny cash, weezer, tom petty and the heartbreakers, the velvet underground, radiohead, bob marley & the wailers, michael jackson, feist, sigur rós, camera obscura, regina spektor, stevie wonder, rjd2, the rolling stones, queen, oasis, daft punk
in flames, in extremo, die apokalyptischen reiter, volbeat, dark tranquillity, amon amarth, bloodbath, gojira, equilibrium, at the gates, kreator, porcupine tree, slayer, ensiferum, eluveitie, cradle of filth, behemoth, subway to sally, arch enemy, the black dahlia murder, children of bodom, norther, iron maiden
the roots, jay-z, alice in chains, nine inch nails, ghostface, sage francis, outkast, pink floyd, jurassic 5, notorious b.i.g., coldplay, aesop rock, red hot chili peppers, marilyn manson, immortal technique, a perfect circle, eminem, kanye west, talib kweli, cypress hill, jack johnson, dr. dre, elton john, radiohead, tool, rage against the machine, audioslave, the weakerthans
fall out boy, prefuse 73, flying lotus, sigur rós, goo goo dolls, evanescence, coldplay, rammstein, skillet, daft punk, imogen heap, amon tobin, 3 doors down, clint mansell, the white stripes
madonna, lady gaga, mika, miley cyrus, the killers, justin timberlake, the veronicas, girls aloud, the presets, michael jackson, calvin harris, rihanna, the pussycat dolls, backstreet boys, daft punk, pet shop boys, beyoncé, black eyed peas, ashlee simpson, cascada, kanye west, chris brown, craig david, jordin sparks, janet jackson, r?yksopp, onerepublic, katy perry, mariah carey, lily allen
frank zappa, arctic monkeys, lamb of god, red hot chili peppers, incubus, the dillinger escape plan, meshuggah, down, led zeppelin, rush, a perfect circle, nofx, as i lay dying, katatonia, the fall of troy, in flames, dinosaur jr., bad religion, all that remains, misfits, avenged sevenfold, nine inch nails
depeche mode, evanescence, madonna, marilyn manson, the raveonettes, architecture in helsinki, pet shop boys, britney spears, mark ronson, moby, róisín murphy, scissor sisters, shakira, justin timberlake, blondie, goldfrapp, david bowie, moloko, gwen stefani, amy winehouse, justice, joy division, garbage, the strokes, tricky, david guetta, christina aguilera, new order, panic! at the disco, prince, the clash, pj harvey, the smiths, michael jackson, cansei de ser sexy
justin timberlake, the mars volta, staind, deftones, audioslave, nelly furtado, maroon 5, linkin park, radiohead, coldplay, bat for lashes, the cardigans, foo fighters, the strokes, p.o.d., amy winehouse, lenny kravitz, backstreet boys, no doubt, counting crows, madonna, red hot chili peppers, death cab for cutie, garbage, the verve, faith no more, massive attack, nickelback
soundgarden, ac/dc, pearl jam, josé gonzález, system of a down, coldplay, portishead, the haunted, megadeth, ray charles, frank zappa, queens of the stone age, live, lynyrd skynyrd, manowar, death from above 1979, eddie vedder, the arcade fire, meshuggah, deep purple, cat stevens, nick drake, the doors, jimi hendrix, foo fighters, kings of leon, damien rice, jeff buckley, john legend, judas priest, aphex twin, misfits
nirvana, as i lay dying, moby, avril lavigne, green day, garbage, him, t.a.t.u., oomph!, céline dion, nickelback, madonna, pain
james blunt, nelly furtado, danny elfman, madonna, mika, kylie minogue, jennifer lopez, travis, pink martini, róisín murphy, britney spears, maroon 5, johann sebastian bach, katy perry, pink, girls aloud, duffy, scissor sisters, amy winehouse
the arcade fire, portishead, four tet, a tribe called quest, radiohead, flying lotus, the go! team, bonobo, thom yorke, cocorosie
strapping young lad, soundtrack, slayer, megadeth, carcass, amorphis, after forever, samael, sepultura, kreator, at the gates, garbage, mot?rhead, arch enemy, ennio morricone, death
badly drawn boy, neko case, stereolab, belle and sebastian, róisín murphy, koop, lamb, the cinematic orchestra, moloko, goldfrapp, david bowie, mr. scruff, the smiths, amy winehouse, four tet
the beatles, lynyrd skynyrd, mot?rhead, johnny cash, manu chao, nirvana, john lennon, therion, the doors, cradle of filth, pearl jam, sublime, the jimi hendrix experience, charlie parker, ac/dc, bob dylan, led zeppelin, bob marley, bad brains, black sabbath, bob marley & the wailers, iron maiden, alice cooper, burzum, chet baker, metallica
reel big fish, gavin degraw, silverstein, green day, enrique iglesias, cascada, kings of leon
sonic youth, pj harvey, the jesus and mary chain, arcade fire, animal collective, deerhoof, nick cave and the bad seeds, bonnie prince billy, m. ward, joanna newsom, cat power, the magnetic fields, low, my bloody valentine, m.i.a., pavement, patrick wolf
michael jackson, coldplay, mika
apoptygma berzerk, 30 seconds to mars, iamx
fleet foxes, brand new, kanye west, afi, kings of leon, minus the bear, city and colour, alexisonfire, lady gaga, silverstein, taking back sunday, paramore, jimmy eat world, saosin, anberlin, underoath, the used, emery, girl talk, lily allen, keane, circa survive, metro station, m83, andrew lloyd webber, 30 seconds to mars, panic at the disco, the bravery, coldplay
scooter, britney spears, in flames, fear factory
morrissey, manic street preachers, sepultura, the who, radiohead, led zeppelin, apoptygma berzerk, dream theater, megadeth
the cranberries, pj harvey, kings of leon, pain, dave matthews band, nick cave and the bad seeds, my dying bride, him, the cardigans, the killers, tool, placebo, apocalyptica, dead can dance, type o negative, katatonia, tori amos, nirvana, testament, enrique iglesias, muse, the doors, bob marley, joy division
goldfinger, pennywise, p.o.d., 311, enter shikari, bush, millencolin, rage against the machine, bob marley & the wailers, the offspring
depeche mode, pet shop boys, vnv nation, garbage, massive attack, underworld, combichrist, apoptygma berzerk, the cardigans, duran duran, bj?rk, ladytron, the stone roses, iamx
anberlin, emery, as i lay dying, underoath, skillet, flyleaf, three days grace, relient k, p.o.d.
taylor swift, lady gaga, coldplay, alanis morissette, lily allen, tegan and sara, beyoncé, ne-yo, adele, kanye west, death cab for cutie, relient k, céline dion, britney spears, black eyed peas, fall out boy, the beatles, avril lavigne, van halen, jason mraz, madonna, tori amos, the pussycat dolls, metro station, the corrs, imogen heap, shakira, the veronicas, journey, kelly clarkson, paramore, sarah mclachlan, jennifer lopez, jack johnson, the white stripes, gwen stefani, dave matthews band
the beatles, pink floyd, oasis, otis redding, the smiths, the rolling stones, the stone roses, editors, eddie vedder, led zeppelin, soundtrack, the killers, amy macdonald, the who, coldplay, lou reed, the smashing pumpkins, bob dylan, joy division, okkervil river, the clash, interpol, david bowie, creedence clearwater revival
paramore, kings of leon, josé gonzález, anberlin, david guetta, city and colour, alexisonfire, busta rhymes, yeah yeah yeahs, death from above 1979, feist, michael jackson, red hot chili peppers, coldplay, trivium, three days grace, editors, santogold
ramones, die toten hosen, misfits, buzzcocks
blink-182, linkin park, afi, lostprophets, paramore, system of a down, chiodos, red.jumpsuit.apparatus, enter shikari, avenged sevenfold, metro station, cobra starship, the killers, arctic monkeys, cute is what we aim for, underoath, jet, tenacious d, taking back sunday, from first to last, story of the year, the veronicas, soundtrack, children of bodom, sugarcult, bowling for soup, johnny cash
the roots, girl talk, ben harper, modest mouse, queens of the stone age, nas, bj?rk, dj shadow, john legend
sum 41, red hot chili peppers, avenged sevenfold, soulfly, hatebreed, caliban, sonic syndicate, sepultura, dir en grey, arch enemy, slayer, chimaira, slipknot, rammstein, heaven shall burn, my chemical romance, linkin park, opeth, simple plan, lamb of god, dark tranquillity, alkaline trio, blink-182, trivium, all that remains, as i lay dying, pantera, nofx, machine head
3 doors down, afi, tool, marilyn manson, neko case, sarah mclachlan, linkin park, the rolling stones, imogen heap, nickelback, godsmack, nine inch nails, the beatles, alanis morissette, ac/dc, alicia keys, disturbed, 50 cent, damien rice, eminem
something corporate, sum 41, less than jake, the all-american rejects, motion city soundtrack, 44, new found glory, angels & airwaves, the get up kids, avril lavigne, blink-182, simple plan, r.e.m., mae, the subways, hoobastank, the academy is..., good charlotte, pixies, all time low, goldfinger, paramore, jimmy eat world, pearl jam, the fray, brand new, dashboard confessional, tokyo police club, plain white ts
ac/dc, lordi, rammstein, black sabbath, blind guardian, ska-p, marilyn manson, iron maiden, pantera, green day
[nightwish]
sean paul, matisyahu, the chemical brothers
[city and colour]
linkin park, simple plan, rise against, green day, billy talent, bon jovi, the offspring, the rasmus, die toten hosen, nightwish, mika, phoenix, pink, the killers, amy macdonald, die ?rzte, abba, avril lavigne, kelly clarkson, clueso, 30 seconds to mars, bullet for my valentine, jordin sparks
chicane, andrew lloyd webber, ray charles
sentenced, howard shore, guns n roses, the offspring, apocalyptica, dream theater, hypocrisy, red hot chili peppers, scooter, kamelot, atb, fear factory, m?tley crüe, children of bodom, apoptygma berzerk, nine inch nails, tenacious d, muse, finntroll, burzum, oomph!, chimaira, arch enemy, anthrax, moonspell
bring me the horizon, serj tankian, system of a down, parkway drive, all shall perish, green day, heaven shall burn, caliban, from autumn to ashes, converge
in flames, blackfield, blink-182, type o negative, jamie cullum, 30 seconds to mars, killswitch engage, howard shore, journey, amorphis, seether, air, porcupine tree, dropkick murphys, norah jones, opeth, robbie williams, hans zimmer, danny elfman, enya, pain of salvation, biffy clyro, sarah mclachlan, bon jovi
dashboard confessional, simple plan, panic at the disco, taking back sunday, ben harper, green day, millencolin, me first and the gimme gimmes, bad religion, sigur rós, howard shore, coldplay, nofx, no doubt, the hellacopters, jimmy eat world, city and colour, jason mraz, my chemical romance, h?kan hellstr?m, bullet for my valentine, édith piaf, daft punk, fall out boy, jeff buckley, katie melua, bloodhound gang, switchfoot, jimi hendrix, mika
chicane, delerium, james blunt, the rasmus, linkin park, r?yksopp, barenaked ladies, band of horses, the cranberries, phil collins
dream theater, tracy chapman, sade, ben harper, tool, justin timberlake, paradise lost, timbaland, metallica, nelly furtado, usher, massive attack, depeche mode, kent, dire straits
peter fox, sum 41, die ?rzte, die toten hosen, linkin park, rise against, story of the year, limp bizkit, rammstein, the prodigy, breaking benjamin
the cinematic orchestra, billie holiday, madlib, flying lotus, erykah badu, j dilla, stevie wonder, sigur rós, jazzanova, marvin gaye, koop, a tribe called quest
rise against, jack johnson, tenacious d, the killers, cat stevens, radiohead, the stone roses, u2, common, bruce springsteen, simon & garfunkel, the beatles, tracy chapman, stone sour, dj shadow, mgmt, rjd2
die ?rzte, moby, scooter, queen, die toten hosen, depeche mode, blank & jones, farin urlaub, the notwist, r?yksopp, ti?sto, r.e.m., paul van dyk, travis, sting, the postal service, franz ferdinand, genesis, pet shop boys, faithless, phil collins, the beatles, u2, evanescence, t.a.t.u.
cut copy, ladytron, joy division, girl talk, the presets, david bowie, crystal castles, air, daft punk, r?yksopp, pendulum, the cure, rammstein, the prodigy, michael jackson, new order, tv on the radio, bloc party, the postal service, beck, regina spektor, a-ha, placebo, the beatles, kanye west, the chemical brothers, the wombats, depeche mode, doves, u2, damian marley, blur, matisyahu, justice
the flaming lips, broken social scene, the beatles, beck, thievery corporation, of montreal, radiohead, the whitest boy alive, pink floyd, ratatat, animal collective, rjd2, sonic youth, gorillaz, sublime, phoenix, portishead, my morning jacket, deerhunter, hot chip, arctic monkeys, bob dylan, red hot chili peppers, the velvet underground, arcade fire, jack johnson, the decemberists, yo la tengo, clap your hands say yeah, mgmt, digitalism, the shins, modest mouse, neutral milk hotel, jay-z, mogwai, the doors
death cab for cutie, atmosphere, matisyahu, as i lay dying, snow patrol, brand new, taking back sunday, third eye blind, senses fail, underoath, david gray, incubus, modest mouse, blink-182, thrice, finch, mae, new found glory, say anything, daft punk, the postal service, fall out boy, from autumn to ashes, all time low, killswitch engage, bloc party, caliban, bright eyes, deftones, the bravery, the killers, paramore, unkle, kanye west
sirenia, howard shore, pain, norther, rammstein, nightwish, emilie autumn, hans zimmer, in flames, sonic syndicate, poets of the fall, haggard, tristania, sonata arctica, john williams, dimmu borgir, moonspell, children of bodom, sentenced, anathema
david bowie, elvis presley, the beatles, norah jones, enya, cansei de ser sexy, erykah badu, avril lavigne, final fantasy, city and colour, the ting tings, télépopmusik, happysad, christina aguilera, frank sinatra, katie melua, a fine frenzy, john williams, abba, alanis morissette, howard shore, nick cave and the bad seeds, queen, amy winehouse
coldplay, metallica, manu chao, katie melua, u2, guano apes, sepultura, jack johnson, guns n roses, james blunt, alicia keys, oasis, bob marley & the wailers, foo fighters, the cranberries, nirvana, the rasmus, moby, beastie boys, the offspring, gotan project, r?yksopp, the prodigy, ennio morricone, norah jones, muse, bob marley, r.e.m., gnarls barkley, lenny kravitz, poets of the fall, avril lavigne, green day
[mos def]
genesis, mogwai, the black keys, mastodon, pink floyd, tool, bob dylan, the doors, prefuse 73, pj harvey, talking heads, radiohead, deftones, led zeppelin, nirvana, joy division, sigur rós, king crimson, kyuss, ratatat, peter gabriel, black sabbath, 65daysofstatic, neil young, devo, alice in chains, battles, queens of the stone age, girl talk, neutral milk hotel, the books
pink floyd, cut copy, radiohead, the beatles, kraftwerk, beirut, queen, jethro tull, manu chao, led zeppelin, david bowie, john lennon, the cure, beck, the doors, camel, hooverphonic, air, aphex twin, nirvana, the cardigans, hot chip, the chemical brothers, depeche mode, ennio morricone, gorillaz, michael jackson, lou reed, r?yksopp, hercules and love affair, iggy pop, blonde redhead, metallica, supertramp, daft punk, guns n roses, the rolling stones, fatboy slim
sonata arctica, john mayer, myslovitz, tori amos, joe satriani, happysad, incubus, pid?ama porno, soundtrack, danny elfman, boys like girls, cat power, lamb
alice in chains, the cardigans, the knife, morphine, pearl jam, soundgarden, ramones, the white stripes, belle and sebastian, norah jones, manu chao, stone temple pilots, death cab for cutie, nirvana, pink floyd, pixies, queens of the stone age, cat power, the new pornographers, josé gonzález, gnarls barkley, hot chip, the smashing pumpkins, babyshambles, the killers, arctic monkeys, my chemical romance, audioslave, bj?rk, broken social scene, portishead, red hot chili peppers, led zeppelin, james blunt, franz ferdinand, jefferson airplane, air, nick drake
johnny cash, him, cradle of filth, the used, queen, stone sour, babyshambles, tenacious d, stone temple pilots, nirvana, the libertines, rage against the machine, faith no more, billy talent, marilyn manson, my chemical romance, rammstein, linkin park, john mayer, bob marley, slipknot, robbie williams, the rolling stones, limp bizkit, eminem, type o negative, lamb of god, elvis presley, the strokes, paramore, 2pac
tori amos, regina spektor, mirah, jem, a fine frenzy, ani difranco, anna ternheim, metric, frank zappa, rilo kiley, joanna newsom, the dresden dolls, m. ward
paramore, the pussycat dolls, mariah carey, jordin sparks, a fine frenzy, britney spears, miley cyrus, jennifer lopez, the veronicas, kylie minogue, christina aguilera, various artists, madonna, taylor swift, katy perry, ashlee simpson, rihanna, kelly clarkson, jonas brothers, lady gaga, mike oldfield
chris brown, michael jackson, leona lewis, alicia keys, rihanna, kanye west, timbaland, t.i., jay-z, sean paul, sade, jordin sparks, janet jackson, missy elliott, notorious b.i.g.
bon jovi, joe satriani, van halen, megadeth, dream theater, the beatles, angra, m?tley crüe, lynyrd skynyrd, metallica, aerosmith, deep purple, skid row
the doors, die apokalyptischen reiter, tool, amon amarth
311, bob marley, limp bizkit, skillet, koЯn, p.o.d., system of a down, red hot chili peppers, incubus, flyleaf, nas, nirvana, chevelle, less than jake, bad religion, seether, disturbed, adema, rage against the machine, breaking benjamin, matisyahu
norther, joe satriani, soundgarden, paramore, korpiklaani, slipknot, disturbed, audioslave, eluveitie, soilwork, red hot chili peppers, foo fighters, pendulum, iron maiden
the sounds, flyleaf, within temptation, kelly clarkson, ashlee simpson, the gossip, shiny toy guns, the ting tings, breaking benjamin, green day, nelly furtado, nightwish
the white stripes, captain beefheart & his magic band, sufjan stevens, the clash, neko case, the fall, johnny cash, duffy, spoon, leonard cohen, nouvelle vague, van morrison
manu chao, die ?rzte, anti-flag, nofx, seeed, dropkick murphys, mando diao, deichkind, flogging molly
comeback kid, ghostface, justice, bad brains
david guetta, lenny kravitz, velvet revolver, primal scream, oasis, audioslave, september, benny benassi, nelly furtado, sara bareilles, 30 seconds to mars, alanis morissette, basement jaxx, gnarls barkley
disturbed, him, static-x, apocalyptica, linkin park, system of a down, kings of leon, poets of the fall, evanescence, dope, hoobastank, the all-american rejects, coldplay, jason mraz, papa roach, the pussycat dolls, 3 doors down, paul oakenfold, snow patrol, james blunt, september, fall out boy, chicane, 2pac, my chemical romance, epica, nightwish, the prodigy, lostprophets, bon jovi, ti?sto, atb
erykah badu, nina simone, louis armstrong, david bowie, bj?rk, norah jones, antonio vivaldi, the velvet underground, arcade fire, frank sinatra, the pogues, led zeppelin, pink floyd
babyshambles, the smiths, johnny cash, the libertines, yeah yeah yeahs, joy division, bob dylan, 2pac, blondie, new order, the clash, notorious b.i.g., morrissey, the jam, jimi hendrix, buzzcocks, kate nash, nas, the stone roses, the cribs, the beatles, the rolling stones, david bowie, flight of the conchords, wu-tang clan, arcade fire, bob marley & the wailers, clap your hands say yeah, lily allen, dr. dre, frank sinatra
underoath, thrice, bob marley, deftones, circa survive, the roots, common, ghostface, incubus, sublime, jimmy eat world, koЯn, a perfect circle, u2
kanye west, ne-yo, notorious b.i.g., usher, t.i., lil wayne, the game, mary j. blige, mos def, lupe fiasco, chris brown, alicia keys
morcheeba, the crystal method, rise against, red hot chili peppers, dire straits, lostprophets, audioslave, garbage, hans zimmer, within temptation, creedence clearwater revival, the prodigy, fiona apple, the dresden dolls, elvis presley, metallica, deep purple, hoobastank, stereophonics, stone temple pilots
him, paradise lost, my dying bride, ozzy osbourne, anathema, iron maiden, elvis presley, metallica, led zeppelin, the cure, pink floyd, arch enemy, bon jovi, black sabbath, joe satriani, scorpions, cat stevens, turbonegro, kiss, rainbow, jimi hendrix, johnny cash
red hot chili peppers, madonna, linkin park, michael jackson, creed, coldplay, justin timberlake, akon, thin lizzy, foo fighters, jimmy eat world
de-phazz, tosca, thievery corporation, parov stelar, bonobo, koop, zero 7, nightmares on wax, jazzanova, morcheeba, the cinematic orchestra, goldfrapp
neil young, bob dylan, the velvet underground, lou reed, the beach boys, flight of the conchords, bonnie prince billy
muse, neil young, u2, mika, alice in chains, johnny cash, kent, radiohead, queens of the stone age, stereophonics, john lennon, the beatles, david bowie, pj harvey, justin timberlake, stone temple pilots, snow patrol, madonna, volbeat, the cure, nelly furtado, red hot chili peppers, the corrs, foo fighters, josé gonzález, the white stripes, inxs, led zeppelin, bob dylan, soundgarden, dire straits, eagles, bloc party, nick cave and the bad seeds, antony and the johnsons, mary j. blige, air
erykah badu, j dilla, common, mobb deep, kanye west, a tribe called quest, nas, dj shadow, cunninlynguists, john legend, bob marley
cat power, elliott smith, leonard cohen, cocorosie, neil young, modest mouse, le tigre, ratatat, mirah, blonde redhead, bright eyes, devendra banhart, tom waits, slowdive, johnny cash, simon & garfunkel, bob dylan, arcade fire, belle and sebastian, animal collective, the magnetic fields, girl talk, múm, john lennon, the get up kids, morrissey, the kinks, black sabbath, the knife, air, m.i.a.
damien rice, james blunt, cake, [unknown], the beatles, los hermanos, regina spektor, avril lavigne, colbie caillat, caetano veloso, michael bublé, bon jovi
a tribe called quest, al green, sonic youth, the decemberists, the beach boys, gang starr, daft punk, devendra banhart, the mountain goats, coldplay
happysad, babyshambles, the libertines, akurat, dirty pretty things, red hot chili peppers, the verve, radiohead, coldplay, oasis, september, eminem, gorillaz, roxette, scorpions, bob marley, madonna, jet, marilyn manson, depeche mode, jimi hendrix, the rasmus, leona lewis, james blunt, onerepublic
pearl jam, the mars volta, the black keys, black rebel motorcycle club, charlie parker, kyuss, the smashing pumpkins, jimi hendrix, nirvana, dinosaur jr., the stone roses
hammerfall, gentleman, the rasmus, pink, eminem, cascada, seeed, lady gaga, rihanna, scooter, groove coverage, him, kelly clarkson, linkin park, lordi, sean paul, black eyed peas, gwen stefani, green day, basshunter, fall out boy, avril lavigne, nightwish, t.a.t.u., the offspring, hoobastank, maroon 5, amy macdonald, u2, ashlee simpson, madonna, nelly furtado, the all-american rejects
leona lewis, lady gaga, beyoncé, madonna, rihanna, céline dion, janet jackson, katy perry, the pussycat dolls, morcheeba
kaiser chiefs, coldplay, oasis, the pogues, travis, rufus wainwright, keane, the verve, radiohead, the last shadow puppets, arctic monkeys
massive attack, queen, mika, christina aguilera, gotan project, missy elliott, the smashing pumpkins, she wants revenge, madonna, portishead, spice girls, damien rice, david guetta, justin timberlake, regina spektor, alanis morissette, placebo, the chemical brothers, beyoncé, nelly furtado, groove armada, rihanna, oasis, robbie williams, fatboy slim, orbital, coldplay, goo goo dolls, imogen heap, moloko, bj?rk, james blunt
the clash, andrew bird, iron & wine, r.e.m., cat power, neutral milk hotel, the pogues, devendra banhart, the decemberists, the jesus and mary chain, the new pornographers, my morning jacket, band of horses, clap your hands say yeah, built to spill, rilo kiley
mr. scruff, mgmt, interpol, beastie boys, boards of canada, lcd soundsystem, doves, the kinks, eels, orbital, dj shadow, hot chip, radiohead, the herbaliser
the white stripes, nine inch nails, the beatles, radiohead, franz ferdinand, the hives, pixies, r.e.m., guided by voices, bruce springsteen, modest mouse, the shins, bob dylan, talking heads, nirvana, johnny cash, black rebel motorcycle club, pearl jam, elvis presley, the decemberists, ...and you will know us by the trail of dead, the beach boys, system of a down, iggy pop, david bowie, tool, rage against the machine, the clash, unkle, ministry, the jesus and mary chain, portishead, neutral milk hotel, bloc party, the chemical brothers
in flames, misfits, sonic syndicate, amorphis, placebo
franz ferdinand, regina spektor, panic at the disco, arctic monkeys, the beatles, beck, gogol bordello, rufus wainwright, the kills, devendra banhart, elliott smith, cake, radiohead, mark ronson, the hives, hans zimmer, the decemberists, kaiser chiefs, spoon, the smiths, vampire weekend, gorillaz, john williams
cat power, elliott smith, animal collective, sonic youth, deerhoof, radiohead, cocorosie, devendra banhart, deerhunter, kings of convenience, the mars volta, mogwai, nouvelle vague, beck, tv on the radio, daft punk, broken social scene, joy division, andrew bird, death cab for cutie, modest mouse, the national, joanna newsom
avril lavigne, crystal castles, miley cyrus, paramore, flyleaf, shakira, daft punk, the used, alesana, ashlee simpson, nightwish, the killers, le tigre
manu chao, ska-p, johnny cash, deus, millencolin, muse, placebo, arctic monkeys, radiohead, kimya dawson, the cure, moby, pj harvey, adam green, green day, simon & garfunkel, antony and the johnsons, eels, pennywise, the mars volta, pink floyd, silverstein, cat power, foo fighters, a perfect circle
boys like girls, paramore, the killers, jimmy eat world, the kooks, bowling for soup, fall out boy, panic at the disco, all time low, good charlotte, the all-american rejects, bob dylan, coldplay, evanescence, bob marley, my chemical romance, the offspring, sugarcult, franz ferdinand, james blunt, taking back sunday, a day to remember, billy talent, avril lavigne, the beatles, the fray, the sounds
coldplay, u2, katie melua, the corrs, groove armada, air, atb, nelly furtado, moby, james morrison, trentem?ller, faithless, the police, the killers
nightwish, finntroll, rhapsody of fire, moonspell, paradise lost, therion, rammstein, sentenced, tristania, after forever, apocalyptica, blind guardian, amorphis, guns n roses, epica, stratovarius, haggard, sonata arctica, avantasia, the 69 eyes, lordi, howard shore, opeth, gamma ray, katatonia, akurat, a perfect circle, in extremo, sirenia
booka shade, nick drake, four tet, iron & wine, cocorosie, sigur rós, ani difranco, aphex twin, cat power, sufjan stevens
skinny puppy, bauhaus
slayer, cradle of filth, iron maiden, mogwai, sigur rós, elvis presley, anathema, misfits, opeth, david bowie, satyricon, isis, metallica, einstürzende neubauten, death cab for cutie, queensr?che, jimmy eat world, dimmu borgir, death, napalm death, morrissey, band of horses, ac/dc
christina aguilera, rihanna, the pussycat dolls, lady gaga, britney spears, evanescence, kelly clarkson, beyoncé, mariah carey, avril lavigne, fergie, ashlee simpson, shakira, pink, katy perry, mika, leona lewis, gwen stefani, timbaland, nelly furtado, cascada, justin timberlake, 50 cent, my chemical romance
the rolling stones, the fall, beck, the jesus and mary chain, elvis presley, yeah yeah yeahs, otis redding, lou reed, the chemical brothers, primal scream, the beatles, ramones, johnny cash, bob dylan, bright eyes, amy winehouse, the pogues, neil young, cansei de ser sexy, paul simon
tegan and sara, say anything, the offspring, crystal castles, simple plan, blink-182, afi, millencolin, kate nash, good charlotte, the cure, green day, atreyu, death cab for cutie, chiodos, the academy is..., max?mo park, alkaline trio, david bowie, megadeth, anberlin, bad religion, ensiferum, klaxons, rihanna, placebo, lily allen, sugarcult
jimi hendrix, turbonegro, die ?rzte, led zeppelin, porcupine tree, the kooks, dave matthews band, emilie autumn, nirvana, pink floyd, the doors, red hot chili peppers, the beatles, die toten hosen
linkin park, eminem, nas, lostprophets, say anything, disturbed, limp bizkit, blink-182, craig david, dire straits, drowning pool, godsmack, cypress hill, ne-yo, afi, jay-z, saosin, him, arctic monkeys, akon, incubus, dropkick murphys, sublime, deftones, dr. dre, 50 cent, millencolin, rise against, dj shadow, john legend, múm, system of a down, the offspring, kanye west, portishead, jack johnson, coldplay, snow patrol, rage against the machine
marilyn manson, the mars volta, jimi hendrix, sepultura, in flames, deep purple, calexico, the smashing pumpkins, isis, johnny cash, thom yorke, primus, napalm death, at the gates, deftones, black sabbath, dark tranquillity, the doors, a perfect circle, portishead, bj?rk, kyuss, queens of the stone age, down, fear factory, jefferson airplane, rage against the machine, interpol
misfits, various artists, bad brains, ramones, elvis presley, rise against
bright eyes, ratatat, the books, aphex twin, bon iver, four tet, animal collective, explosions in the sky, m83, radiohead, flying lotus, the flaming lips, fischerspooner, regina spektor, death cab for cutie, iron & wine, shpongle, philip glass, bob marley, the fall of troy, the beatles, venetian snares, the mars volta, dr. dre, sufjan stevens, grateful dead, múm
system of a down, rise against, bullet for my valentine, disturbed, avenged sevenfold, linkin park, edguy, nirvana, evanescence, billy talent, cradle of filth, nightwish, the killers, pendulum
3 doors down, metallica, weezer, dredg, depeche mode, dream theater, die toten hosen, genesis, the cure, groove armada, judas priest, rush, the offspring, the who, air, u2, iron maiden, massive attack, beastie boys, red hot chili peppers, bad religion, de-phazz, primus, buckethead
madonna, kylie minogue, cansei de ser sexy, lily allen, the ting tings, lady gaga, christina aguilera, spice girls, damien rice, cocorosie, róisín murphy, kate nash, bj?rk, mika, abba, nelly furtado, katy perry, mariah carey, justin timberlake, maroon 5, britney spears, mgmt, ladytron, calvin harris
the kills, depeche mode, serge gainsbourg, the white stripes, nirvana, ac/dc, portishead, the beatles, led zeppelin, the killers, cobra starship
sum 41, good charlotte, green day, kanye west, anti-flag, paramore, sugarcult, billy talent, the cardigans, the distillers, the hives, blink-182, simple plan, avril lavigne, senses fail, katy perry, rise against, alesana, pendulum
kelly clarkson, three days grace, sum 41, breaking benjamin, skillet, hoobastank, sonata arctica, t.a.t.u., kamelot, lacuna coil, evanescence, simple plan, nightwish, rise against, hans zimmer, linkin park, sabaton, within temptation, andrew lloyd webber, dragonforce, loreena mckennitt, apocalyptica, disturbed, red.jumpsuit.apparatus, johann sebastian bach, scorpions, wolfgang amadeus mozart, epica, him, poets of the fall, system of a down, 30 seconds to mars
city and colour, josé gonzález, deichkind, the blood brothers, die ?rzte, foals, lady gaga, coldplay, katie melua, circa survive, underoath, anna ternheim, 36 crazyfists, alesana
die toten hosen, pendulum, paul van dyk, basshunter, dragonforce, daft punk, u2, coldplay, the prodigy, creedence clearwater revival, the crystal method, scooter
tool, moby, god is an astronaut, a perfect circle, dead can dance, joy division, ministry, portishead, moonspell, tiamat, pink floyd, enigma, nine inch nails, metallica, radiohead, marilyn manson, john frusciante, the smashing pumpkins, depeche mode, burial, mike oldfield, kmfdm
sigur rós, the hives, amy winehouse, the cardigans, yann tiersen, belle and sebastian, múm, the beatles, ray charles, the offspring, animal collective, misfits, ac/dc, nine inch nails, system of a down, lykke li, kaiser chiefs, the strokes, radiohead, jet, bob marley, franz ferdinand, arctic monkeys, cake, eagles of death metal, queen, jurassic 5
the flashbulb, digitalism, late of the pier, lcd soundsystem, john frusciante, hot chip
iced earth, megadeth, creedence clearwater revival, anathema, kyuss, blind guardian, queensr?che, eagles
daft punk, marvin gaye, diana krall, frank zappa, ella fitzgerald, stevie wonder, thievery corporation, various artists, koop, amy winehouse, hooverphonic, jazzanova, miles davis, nightmares on wax, de-phazz, squarepusher, the chemical brothers, serge gainsbourg, aretha franklin
lady gaga, simple plan, nelly furtado, britney spears, jennifer lopez, my chemical romance, metro station, blink-182, the all-american rejects, avril lavigne, fall out boy, mariah carey, boys like girls, fergie, mary j. blige, madonna, hilary duff, natasha bedingfield, third eye blind
britney spears, sara bareilles, spice girls, céline dion, nelly furtado
guano apes, infected mushroom, vampire weekend, the crystal method, the birthday massacre, system of a down, breaking benjamin, lacuna coil, blank & jones, era, shpongle, godsmack, adema, soundtrack, disturbed, linkin park, enya, boards of canada
in flames, bullet for my valentine, slipknot, metro station, apocalyptica, godsmack, judas priest, dragonforce, opeth
the knife, ani difranco, manic street preachers, the breeders, john williams, the smiths, broken social scene, radiohead, stars, cocteau twins, le tigre, gotan project, belle and sebastian, daft punk, pixies, air, [unknown], sonic youth, the clash, my bloody valentine, the pogues
radiohead, cat power, yann tiersen, pink floyd, devendra banhart, parov stelar, max richter, yo la tengo, sigur rós, air, neil young, apparat, calexico, final fantasy, sufjan stevens, burial
the postal service, mf doom, j dilla, madvillain, the shins, nirvana, the white stripes, leonard cohen, the arcade fire, the brian jonestown massacre, death cab for cutie, bonobo, the killers, the doors, jurassic 5, ...and you will know us by the trail of dead, the black keys, goldfrapp, nightmares on wax, rjd2, ladytron, kaiser chiefs, jem, the dandy warhols, the herbaliser, the velvet underground, le tigre, air, crystal castles, snow patrol, bat for lashes, broken social scene, madlib, the chemical brothers, the strokes
black sabbath, buckethead, slayer, king crimson, pink floyd, tom waits, mastodon, the haunted
evanescence, mika, the knife, shakira, britney spears, m.i.a., gwen stefani, the cranberries, fatboy slim, 30 seconds to mars, kate nash, various artists, nelly furtado, rihanna, beyoncé, christina aguilera, spice girls, black eyed peas, justin timberlake, the chemical brothers, the fray, abba, lily allen, regina spektor, leona lewis, robbie williams, amy winehouse, my chemical romance, onerepublic, alicia keys, queen
the hellacopters, coheed and cambria, ryan adams, alkaline trio, the rolling stones, dredg, kyuss, led zeppelin, the doors, kiss, the fall of troy, queens of the stone age, at the drive-in, the killers, the kooks, millencolin, jet
aphex twin, mogwai, my morning jacket, melvins, isis, four tet, gorillaz, sufjan stevens
bullet for my valentine, nightwish, billy talent, p.o.d., koЯn, sonata arctica, in flames, cradle of filth, him, slipknot, avenged sevenfold, atreyu, marilyn manson, soilwork, deathstars, limp bizkit, dream theater, caliban, disturbed, system of a down, fall out boy, skillet, good charlotte, m?tley crüe
blind guardian, 3 doors down, kiss, avenged sevenfold, angra, gamma ray, the rasmus, daft punk, goo goo dolls, van halen, death cab for cutie, red hot chili peppers, jethro tull, silverchair, helloween, sublime
sia, bathory, turisas, eluveitie, ayreon, nile, equilibrium, tiamat, moonspell, nina simone, radiohead, ensiferum, norah jones, korpiklaani, my dying bride, pink martini, agalloch, finntroll, samael, satyricon
pavement, joy division, pixies, franz ferdinand, amon tobin, new order, sonic youth, dj shadow, portishead, the strokes, metric, deerhunter, moby, spoon, the presets, arcade fire, massive attack, band of horses, kings of leon, the fall, the kills, jefferson airplane, muse, the black keys, faithless, ben harper, fleet foxes, dinosaur jr., doves, pink floyd, audioslave, daft punk, various artists, nine inch nails
madvillain, the mars volta, prince, jamiroquai, portishead, marvin gaye, common, the roots, massive attack, outkast, craig david
radiohead, r.e.m., johann sebastian bach, bj?rk, nouvelle vague, st. germain, regina spektor, amy winehouse, leonard cohen, dave matthews band, massive attack, the doors
anathema, michael jackson, pearl jam, him, elvis presley, koЯn, bloc party, ac/dc, evanescence, benny benassi, enya, the cranberries
manowar, helloween, iced earth, mot?rhead, blind guardian, slayer, megadeth, m?tley crüe, in flames, guns n roses, hammerfall, death, anthrax, morbid angel, cannibal corpse, bryan adams, judas priest, edguy, gamma ray, dark tranquillity, amon amarth, ensiferum, bon jovi, korpiklaani, arch enemy, hypocrisy
rancid, bright eyes, cat power, tv on the radio, nofx, animal collective, me first and the gimme gimmes, misfits, interpol
john frusciante, kings of convenience, the smiths, clint mansell, damien rice, the shins, kate nash, nouvelle vague, bring me the horizon, sufjan stevens, stars, marilyn manson, modest mouse, devendra banhart, beck, mirah, radiohead, bloc party, justice, josé gonzález, editors, jimi hendrix, eagles of death metal, cat power, the dillinger escape plan, crystal castles, coldplay, the fall of troy, ratatat, as i lay dying, the cure
anathema, tool, porcupine tree, blackfield, clint mansell, pink floyd, camel, a perfect circle, sigur rós, nine inch nails, riverside, king crimson, marillion
eminem, snoop dogg, 50 cent, elvis presley, lady gaga, ac/dc, pendulum, cascada, akon, nelly furtado, dr. dre
alkaline trio, papa roach, sum 41, within temptation, nightwish, afi, lacuna coil
dead can dance, koЯn, roxette, infected mushroom, morcheeba, rammstein, nightwish, the rasmus, chicane, garbage, vangelis, a-ha, groove armada, hooverphonic
silverstein, bad religion, pennywise, pink
apparat, mgmt, nina simone, cut copy
the smiths, queen, jack johnson, eagles, diana krall, norah jones
napalm death, nile, cannibal corpse, behemoth, haggard, pantera, slayer, sodom, sepultura, carcass, ac/dc, bloodbath, metallica
flying lotus, apparat, the beatles, sigur rós, dj shadow, kings of convenience, battles, boards of canada, toto, radiohead, basement jaxx, symphony x, james brown, fleet foxes, editors, meshuggah, the roots, pendulum
neil young, nick cave and the bad seeds, tom waits, bob dylan, iggy pop, the clash, the cure, the national, the rolling stones, johnny cash, lou reed, tool, beirut, the beatles, kings of leon, arcade fire, the velvet underground, joy division, pixies, devendra banhart, bon iver, interpol, john lennon, the decemberists, okkervil river, the smiths, leonard cohen, bonnie prince billy, band of horses, depeche mode, talking heads, kent, cat power, pj harvey, the doors, the libertines
peter gabriel, metallica, soundtrack, seal, louis armstrong, michael bublé, bon jovi, ray charles, [unknown], aerosmith
iron maiden, edguy, hammerfall, black label society, blind guardian, angra, megadeth, trivium, vader, kamelot, manowar, symphony x, alter bridge, avantasia, dream theater, dio, stratovarius, metallica, rhapsody of fire, dethklok, judas priest, oomph!, anthrax, amon amarth
pet shop boys, september, édith piaf, abba, carla bruni, cascada, mariah carey, koop, céline dion, kraftwerk, madonna
boards of canada, ratatat, modest mouse, arcade fire, yann tiersen, muse, air, the beatles, led zeppelin, mastodon, sia, built to spill, james morrison, the album leaf, elliott smith, crystal castles, opeth, deftones, explosions in the sky, thom yorke, aphex twin, aesop rock, jimmy eat world, pinback, sigur rós, outkast, the mountain goats, tosca, lamb of god, beastie boys, m83, in flames, girl talk, radiohead
frédéric chopin, grateful dead, abba, ludwig van beethoven, wolfgang amadeus mozart, tracy chapman, pet shop boys, bob dylan, fleetwood mac, enya, bee gees, jack johnson, stereophonics, aerosmith, phil collins, amy winehouse, alanis morissette
linkin park, josé gonzález, coldplay, snow patrol, system of a down, the streets, no doubt, beirut, muse, the cure, deus, john mayer, nelly furtado, oasis, guano apes, keane, maria mena, koЯn, sting, bush, the bravery, the prodigy, metallica, tracy chapman, faithless, travis, jamiroquai, moby, foo fighters, underworld, fischerspooner, bloc party, the smashing pumpkins, amy winehouse
paramore, iron & wine, muse, linkin park
johnny cash, iron maiden, the who, bob dylan, bruce springsteen, they might be giants, guided by voices, the clash, pearl jam, wilco, aimee mann, beck, ennio morricone, eddie vedder, metallica, the rolling stones, beastie boys, jimi hendrix, the beatles, the jimi hendrix experience, tom petty and the heartbreakers, megadeth, testament, bob marley & the wailers, philip glass, r.e.m., the smashing pumpkins, nirvana, pixies, the mars volta, john williams, sonic youth
bryan adams, radiohead, ray charles, the get up kids, moby, sheryl crow, gavin degraw, u2, afi, the ataris, nofx, sum 41, ryan adams, yellowcard, 3 doors down, counting crows, switchfoot, jimmy eat world, pennywise, apocalyptica, guano apes, linkin park, sarah mclachlan, modest mouse, keane, snow patrol, new found glory, stevie wonder, damien rice, nada surf, ray lamontagne, kelly clarkson, led zeppelin, red hot chili peppers, 30 seconds to mars, fall out boy, gorillaz
ministry, skinny puppy, children of bodom, megadeth, amon amarth, system of a down, judas priest, darkthrone
jack johnson, radiohead, coldplay, oasis, gorillaz, norah jones, linkin park, soundtrack, muse, maroon 5, timbaland, cat power, keane, sting, sarah mclachlan
kanye west, lil wayne, t.i., 50 cent, ne-yo, nas, jay-z, chris brown, the game, mary j. blige, justice, missy elliott, busta rhymes, usher, mariah carey, notorious b.i.g., ludacris, nelly furtado, ghostface, talib kweli
prince, britney spears, the police, ne-yo, janet jackson, the beatles, massive attack, beck, the pussycat dolls, nelly furtado, justin timberlake, seal, supertramp, pink floyd, new order, snoop dogg, george michael, jamiroquai, alicia keys, black eyed peas, rihanna, maroon 5, michael jackson, erykah badu, flight of the conchords, phil collins, steely dan
dark tranquillity, chimaira, farin urlaub, arch enemy, siouxsie and the banshees, tenacious d, pain of salvation, apocalyptica, avenged sevenfold, soilwork, as i lay dying, placebo, disturbed, tiamat
flying lotus, stevie wonder, andrew bird, marvin gaye, radiohead, michael jackson, j dilla, james brown, elvis presley
fatboy slim, eminem, iron maiden, metallica, 2pac, inxs, lenny kravitz, 50 cent, roxette, the streets, turbonegro, the prodigy, green day, guano apes, hooverphonic, the specials, portishead, moby, the offspring, queen, bob marley, nirvana, dmx, rihanna, cypress hill, nas, sentenced
johnny cash, scorpions, sex pistols, janis joplin, john lennon, van halen, coldplay, tracy chapman, skid row, eric clapton, modest mouse, talking heads
avril lavigne, alanis morissette, pink, maroon 5, leona lewis, nelly furtado, sheryl crow, spice girls
autechre, nine inch nails, shpongle, john coltrane, paul oakenfold, iron maiden, tool, bj?rk, buckethead, miles davis
the magnetic fields, emilie simon, muse, amy winehouse, elliott smith, camera obscura, carla bruni, pulp, franz ferdinand, belle and sebastian, kt tunstall, radiohead, ladytron, ramones, pj harvey, david bowie, regina spektor, the raveonettes, blonde redhead, dirty pretty things, fiona apple, the beatles, r.e.m., placebo, t. rex, coldplay, the who, blondie, the smiths, emilíana torrini
john legend, emery, the fray, maroon 5, fall out boy, a day to remember, hatebreed, as i lay dying, james blunt, kanye west, all time low, from autumn to ashes, taylor swift, taking back sunday, jimmy eat world, saves the day, comeback kid
journey, nickelback, lynyrd skynyrd, norah jones, van halen, billy joel, slipknot, queen, creed, evanescence, joe satriani, bon jovi, nelly, m?tley crüe, bryan adams, elton john, ac/dc
various artists, amy winehouse, st. germain, lily allen, the ting tings, beastie boys, santogold, sugababes, michael jackson, stars, digitalism, janet jackson, cut copy, mark ronson, aretha franklin, pink, beyoncé, bonobo, cansei de ser sexy, britney spears
beirut, of montreal, otis redding, the knife, animal collective, girl talk, nine inch nails, ratatat, john legend, n*e*r*d, the blood brothers, david bowie, al green, ella fitzgerald
pink floyd, bon jovi, blind guardian, scorpions, helloween, eddie vedder, camel, jeff buckley, dire straits, queen, dream theater, bob dylan
mogwai, opeth, dark tranquillity, isis, radiohead, dredg, the mars volta, dream theater, incubus, blind guardian, foo fighters, slipknot, black label society, symphony x, muse, a perfect circle, eagles of death metal, queensr?che, children of bodom, the black keys, pink floyd, the national, kent, led zeppelin, riverside, rush, atreyu, pantera, soilwork, death, the dillinger escape plan
pain of salvation, riverside, ulver, porcupine tree, marillion, sigur rós, ayreon, john coltrane, katatonia, anathema, johann sebastian bach, opeth, camel, amorphis
evanescence, kamelot, black label society, sepultura, los hermanos, helloween, bullet for my valentine, epica, angra, hammerfall, the cranberries, blind guardian, ramones, bon jovi, megadeth
frank sinatra, blink-182, cypress hill, eminem
30 seconds to mars, the beach boys, the beatles, stevie wonder, the byrds, weezer
breaking benjamin, a perfect circle, tool, three days grace, billy talent, sigur rós, daft punk, rammstein, foo fighters, mudvayne, oasis, radiohead, marilyn manson, my chemical romance, limp bizkit, mogwai, rage against the machine, goo goo dolls, the postal service, basshunter, above & beyond, broken social scene, the who, brian eno
opeth, soilwork, the prodigy, massive attack, mogwai, in flames, chicane, infected mushroom, pink floyd, type o negative, coldplay, moby, apoptygma berzerk, koЯn, paradise lost, lacuna coil, sonata arctica, bj?rk, nine inch nails, paul oakenfold, atb, pantera, metallica, him, gnarls barkley, static-x, nirvana, the knife, scooter, linkin park
the prodigy, faithless, rammstein, pendulum, bob marley, korpiklaani, megadeth, metallica, marilyn manson, fatboy slim, bad religion, tenacious d, ti?sto, ac/dc, slayer, electric light orchestra, the beatles, alkaline trio, iggy pop, lynyrd skynyrd, madness, the rolling stones, nine inch nails, machine head, papa roach, arch enemy, iron maiden, moby, placebo, atb, red hot chili peppers, supertramp, 36 crazyfists, eric clapton, fleetwood mac, new order
nick drake, devendra banhart, andrew bird, radiohead, belle and sebastian, miles davis, final fantasy, four tet, grateful dead, the beatles, elliott smith, iron & wine, stars, broken social scene, explosions in the sky, simon & garfunkel, david bowie, thom yorke, the shins, the arcade fire, boards of canada, cat stevens, nouvelle vague, paul simon, bon iver, stereolab, sonic youth, fleet foxes, the new pornographers, the smiths, feist
danny elfman, rage against the machine, green day, nick cave and the bad seeds, rufus wainwright, emilie simon, depeche mode, placebo, david bowie, joanna newsom, fiona apple
blonde redhead, guided by voices, the cure, the smiths, my bloody valentine, radiohead, cat power, pixies, dinosaur jr., pinback, devo
the offspring, avril lavigne, elvis presley
dido, linkin park, alanis morissette, tori amos, michael jackson, madonna, garbage, gwen stefani, lady gaga, sarah mclachlan, enigma, janet jackson, queen, mika, britney spears, enya, fergie, scissor sisters, kylie minogue
escape the fate, within temptation, papa roach, disturbed, nightwish, billy talent, bullet for my valentine, atreyu, the offspring, avenged sevenfold, type o negative, afi, the 69 eyes, three days grace, koЯn, fall out boy, my chemical romance, arch enemy, blink-182, aerosmith, megadeth, hammerfall, system of a down, volbeat, inxs, bon jovi, trivium, lostprophets, 30 seconds to mars, nirvana, judas priest, epica, avantasia, after forever, him
rise against, the fall of troy, streetlight manifesto, eagles of death metal, tool, chiodos, kyuss, the dillinger escape plan, against me!, the offspring, foo fighters, gogol bordello, the beatles, audioslave, captain beefheart & his magic band, radiohead, regina spektor, a perfect circle, anti-flag, fugazi, flogging molly, rancid, beirut, coheed and cambria, gorillaz, yann tiersen, archive, john frusciante, rage against the machine, system of a down, damien rice, tenacious d, gojira, nofx, jethro tull, refused
bob marley, the cranberries, alanis morissette, bob marley & the wailers, system of a down, ac/dc, los hermanos
david bowie, miles davis, otis redding, the rolling stones, john coltrane, captain beefheart & his magic band, animal collective, talking heads, t. rex, of montreal, pink floyd, ramones, the byrds, the velvet underground, prince, the zombies, the who, patrick wolf, blur, the smiths, mot?rhead
the postal service, nada surf, okkervil river, tegan and sara, coldplay, of montreal, rilo kiley, mika, andrew bird, elliott smith, built to spill, fleet foxes, the fray, aretha franklin, neutral milk hotel, stars, the corrs, the beach boys, vampire weekend, frank sinatra, timbaland, abba, flight of the conchords, sigur rós, black eyed peas, mgmt, queen, bright eyes
all shall perish, parkway drive
manowar, slayer, ensiferum, ulver, judas priest, dio, bathory, turisas, amon amarth, blind guardian, mot?rhead, ennio morricone, haggard, in flames, black sabbath, dark tranquillity, opeth, testament, led zeppelin
they might be giants, queens of the stone age, frank zappa, supergrass, eels, melvins, primus, reel big fish, ben folds, radiohead, faith no more, mastodon, guided by voices, ben folds five, cake, the beatles, dinosaur jr., beck, talking heads, rjd2, the police, alice in chains, atmosphere, pinback, mos def, bj?rk, gorillaz
david bowie, simon & garfunkel, kimya dawson, yann tiersen, the kinks, belle and sebastian, regina spektor, johann sebastian bach, mika
pink floyd, rush, u2, led zeppelin, the doors, eric clapton, queen, jimi hendrix, creedence clearwater revival, peter gabriel, aerosmith, ac/dc, the who, jethro tull, kate bush, deep purple, the rolling stones, sting, the kinks, van halen, dire straits, the beatles, bruce springsteen, fleetwood mac, marillion, alice cooper, neil young, steely dan, tori amos, supertramp
max?mo park, elvis presley, johnny cash, band of horses, the doors, the smiths, the jam, nick drake, muse, the black keys, the rolling stones, the who, john frusciante, kings of leon, of montreal, belle and sebastian, r.e.m., the national, the stone roses, elliott smith, the smashing pumpkins, built to spill, interpol, buzzcocks, david bowie, pavement
afi, moby, flyleaf, 30 seconds to mars, my chemical romance, good charlotte, the offspring, bullet for my valentine, hard-fi, the prodigy, audioslave, lostprophets, incubus, air, creed, him, fall out boy, placebo, evanescence, marilyn manson, pendulum, coma, massive attack, funeral for a friend, limp bizkit, red.jumpsuit.apparatus
coldplay, era, sum 41, september, gorillaz, band of horses, pixies, daft punk, the rasmus
ulver, darkthrone, burzum, agalloch, korpiklaani, immortal, ministry, gojira, mindless self indulgence, mot?rhead, sodom, napalm death, kyuss, black sabbath, mogwai, nine inch nails
deichkind, blink-182, millencolin, the offspring, comeback kid, pendulum, ska-p, limp bizkit, ac/dc, mobb deep, less than jake, digitalism, the beach boys, the white stripes, seeed, september, rage against the machine, sia, mando diao, streetlight manifesto, kanye west
gogol bordello, nofx, shpongle, bad brains, red hot chili peppers, against me!, lagwagon, converge, philip glass, sonic youth, ti?sto, madlib, mastodon, kraftwerk, the clash, thievery corporation, fugazi, vangelis
gentleman, cypress hill, pendulum, jedi mind tricks, the prodigy, coma
the magnetic fields, kylie minogue, feist, joni mitchell, rilo kiley, of montreal, mariah carey, aimee mann, jens lekman, janet jackson, the beatles, the new pornographers, belle and sebastian, rufus wainwright, goldfrapp, aretha franklin, kate bush, sufjan stevens, tori amos, beck, madonna, prince, stars, mary j. blige, neko case, andrew bird, phoenix, camera obscura, paul simon, spoon, eels, hot chip, vampire weekend, cocteau twins
pennywise, system of a down, dido, lenny kravitz, daft punk, various artists, enigma, portishead, marilyn manson, hoobastank, ska-p, gnarls barkley
craig david, muse, jason mraz, queens of the stone age, john mayer, jamie cullum, richard cheese, rage against the machine, lenny kravitz, jamiroquai, mudvayne, dir en grey, tenacious d
cypress hill, wu-tang clan, madvillain, lil wayne, mf doom, roots manuva, madlib, mobb deep, dizzee rascal, lupe fiasco, madonna, dj krush
pearl jam, kings of leon, the white stripes, nirvana, muse, oasis, u2, radiohead, queen, placebo, the verve, bob marley, bob marley & the wailers, system of a down
goldfrapp, elvis presley, antony and the johnsons, the jesus and mary chain, dragonforce, tom waits, chet baker, the cure, nick drake, me first and the gimme gimmes, amy winehouse
beyoncé, spice girls, lily allen, mariah carey, onerepublic, lady gaga, paramore, jonas brothers, backstreet boys, bright eyes, kanye west, rihanna, the fray, james morrison, justin timberlake, madonna, brand new, michael jackson, jennifer lopez, nelly furtado, the all-american rejects, the postal service, gwen stefani
britney spears, alicia keys, robbie williams, black eyed peas, kylie minogue, timbaland, madonna, the pussycat dolls, gorillaz, moby, rihanna, sheryl crow, kanye west, van morrison, michael bublé, sugababes, kt tunstall, mary j. blige, amy winehouse, christina aguilera, roxette, james morrison, alanis morissette, jennifer lopez, david guetta, jason mraz, mika, michael jackson, fergie
gavin degraw, goo goo dolls, simple plan, kelly clarkson, switchfoot, lady gaga, nickelback, taylor swift, akon, johnny cash, joshua radin, lifehouse, mika, plain white ts, jason mraz, h?kan hellstr?m, yellowcard, miley cyrus, coldplay, paolo nutini
foals, the weakerthans, the blood brothers, the faint, at the drive-in, late of the pier, tokyo police club, interpol, mgmt, bright eyes, cut copy, marilyn manson
cradle of filth, king crimson, slayer, converge
soilwork, children of bodom, the veronicas, blink-182, nightwish, trivium, atreyu, linkin park, sonata arctica, the offspring, rise against, 3 doors down, sum 41, all that remains, scar symmetry, the sounds, basshunter, billy talent, foo fighters, megadeth, miley cyrus, mudvayne, alkaline trio, hoobastank, volbeat, disturbed, all time low, dragonforce, kamelot, slipknot
regina spektor, the flaming lips, weezer, cursive, pink martini, muse, bright eyes, daft punk, the weakerthans, queen, the beatles, the dresden dolls, flogging molly, my chemical romance, rilo kiley, jack johnson, green day, matisyahu, philip glass, the mars volta, cake, the kinks, death cab for cutie, the postal service, a fine frenzy, the white stripes, aphex twin, mew, minus the bear, michael bublé, the zombies
blink-182, killswitch engage, linkin park, the killers, breaking benjamin, the offspring, the all-american rejects, apocalyptica, rammstein, three days grace, him, dope, limp bizkit, sigur rós, billy talent, bloodhound gang, system of a down, crystal castles, metallica, simple plan, slipknot
depeche mode, dido, sting, george michael, madonna, jennifer lopez, a-ha, kylie minogue, pet shop boys, robbie williams, michael jackson, dire straits, sade, abba, elton john, duran duran, enrique iglesias, enigma, seal, spice girls, no doubt, the cardigans
[unknown], the beatles, amy winehouse, ray lamontagne, stevie wonder, michael bublé, radiohead, simon & garfunkel, van morrison, alicia keys, jack johnson, the police, madonna, the postal service, frank sinatra, jason mraz, red hot chili peppers, elton john, billie holiday, buena vista social club, arctic monkeys, duffy, jamie cullum, miles davis, ryan adams, kylie minogue, al green, norah jones, black eyed peas, coldplay, the rolling stones, bob dylan, britney spears, oasis
linkin park, snow patrol, justin timberlake, loreena mckennitt, maroon 5, lostprophets, my chemical romance, kelly clarkson, muse, seeed, tenacious d, moby
van halen, oasis, abba, u2, ac/dc, a day to remember
the who, eric clapton, steely dan, the offspring, simon & garfunkel, the killers, bruce springsteen, the police, talking heads, tom petty and the heartbreakers, u2, blondie, queen, nirvana, echo & the bunnymen, elvis presley, inxs, nickelback, counting crows, my chemical romance, depeche mode, cake, ben folds five, fiona apple, sarah mclachlan, elton john, elvis costello, foo fighters, sheryl crow, ben harper
the haunted, parkway drive, koЯn, a day to remember, converge, misfits, alkaline trio, 36 crazyfists, coheed and cambria, in flames, hatebreed, underoath, serj tankian, system of a down, the offspring, rise against, slipknot, the black dahlia murder
nightwish, anathema, scooter, rammstein, paul oakenfold, faithless, evanescence, enigma, theatre of tragedy, cradle of filth, marilyn manson, clint mansell, hammerfall, apocalyptica, the crystal method, metallica
disturbed, daft punk, atb, gwen stefani, rammstein, evanescence, u2, jamiroquai, nelly furtado
lostprophets, 30 seconds to mars, the used, foo fighters, yellowcard, brand new, linkin park, funeral for a friend, the hush sound, my chemical romance, the killers, red.jumpsuit.apparatus, apocalyptica, papa roach, new found glory, elliott smith, damien rice, motion city soundtrack, taking back sunday
hot chip, the killers, coldplay, garbage, eels, placebo, daft punk, rjd2, moby, pearl jam, arctic monkeys, the gossip, black eyed peas, animal collective, michael jackson, cut copy, kanye west, soundgarden, the decemberists
dope, skillet, alkaline trio, jimmy eat world, god is an astronaut
foo fighters, patrick wolf, queens of the stone age, the white stripes, the hush sound, amy winehouse, bloc party, the beatles, death cab for cutie, arctic monkeys, joshua radin, mando diao, hot hot heat, the raconteurs, kate nash, coldplay, nirvana, jem, max?mo park, the postal service, tenacious d, iron & wine, the kooks, snow patrol, keane, oasis, fall out boy, the fray, silverchair, muse, peter fox, jamiroquai, placebo, the strokes, britney spears, dashboard confessional, the fratellis, kelly clarkson, the subways, evanescence, jason mraz, timbaland, adam green, motion city soundtrack, the new pornographers, lifehouse
ska-p, frank sinatra, madness, the specials, bob marley & the wailers, bright eyes, manu chao
the doors, pink floyd, elvis presley, moonspell, kyuss, porcupine tree, the velvet underground, sonic youth, jefferson airplane, tom waits, janis joplin, the who, the rolling stones, alice in chains, nirvana, pearl jam, led zeppelin, pantera, marilyn manson, joy division, eagles of death metal, tool, queens of the stone age
kings of leon, tool, placebo, deftones, cold war kids, mew, the killers, nina simone, slipknot, pink, death from above 1979, system of a down, justin timberlake, robbie williams, she wants revenge, nirvana, timbaland, katy perry, édith piaf, the white stripes, the strokes, shakira, franz ferdinand, frank sinatra, disturbed, metallica, red hot chili peppers, cansei de ser sexy, mgmt, muse
rage against the machine, bob dylan, manu chao, against me!, radiohead, the dillinger escape plan, in flames, coldplay, at the drive-in, system of a down, comeback kid, matisyahu, the blood brothers, public enemy, soilwork, tracy chapman, jedi mind tricks, bruce springsteen, serj tankian, apocalyptica, john lennon, the killers, nirvana, meshuggah, creedence clearwater revival, ill ni?o, tool, marilyn manson, gogol bordello, rammstein, the hives, bob marley, bob marley & the wailers, him, captain beefheart & his magic band, nightwish, die toten hosen, primus, pearl jam
sonic youth, sufjan stevens, johnny cash, air, fugazi, joy division
the smashing pumpkins, the doors, placebo, pink floyd, amon tobin, the future sound of london, blur, miles davis, infected mushroom, boards of canada, four tet, soundtrack
against me!, the faint, metric, marilyn manson, the blood brothers, the decemberists, of montreal, le tigre, say anything, t.a.t.u., the mountain goats, dropkick murphys, the postal service, katy perry, interpol, modest mouse, amon amarth, blonde redhead, taking back sunday, clint mansell, regina spektor, death cab for cutie, amy winehouse, justin timberlake, tegan and sara, peaches, converge, dethklok, death from above 1979, circa survive, saosin, the beatles, feist, bright eyes
o.s.t.r., j dilla, ray charles, erykah badu, madvillain
coldplay, [unknown], nickelback, jack johnson, peter fox, david guetta, seal, ac/dc, lupe fiasco, red hot chili peppers, benny benassi, afi, moby, armin van buuren, mgmt
aphex twin, elbow, enya, cunninlynguists, the sounds, elvis presley, mgmt, good charlotte, kanye west, craig david, stone sour, basshunter
blackfield, the hellacopters, cunninlynguists, interpol, rjd2, arctic monkeys, coldplay, pendulum, dredg, franz ferdinand, r?yksopp, the shins, the last shadow puppets, chicane, kent, the sounds, the fratellis, squarepusher, in flames, cut copy, oasis, moby, gorillaz, babyshambles, red hot chili peppers, system of a down, infected mushroom, t.i., the postal service, the cardigans, the hives
los hermanos, the specials, jack johnson, death cab for cutie, snow patrol, james brown, radiohead, sublime, max?mo park, the jam, hot chip
children of bodom, linkin park, evanescence, britney spears, chimaira, trivium, lamb of god, m?tley crüe, avenged sevenfold
johnny cash, satyricon, misfits
metallica, counting crows, bob dylan, guns n roses, red hot chili peppers, nirvana, the beatles, simon & garfunkel, slipknot, u2, the pogues, nickelback, ryan adams, rage against the machine, tom waits, nine inch nails, led zeppelin, blink-182, kings of leon, dire straits, foo fighters, fall out boy, thin lizzy, neil young, david bowie, jimmy eat world, queens of the stone age, paul mccartney, oasis, alice in chains, tenacious d, damien rice, jimi hendrix, pink floyd, stereophonics, van morrison, the prodigy, the rolling stones, the smashing pumpkins, john frusciante, green day, pixies, pearl jam
flogging molly, bob marley, cypress hill, damian marley, tenacious d, rage against the machine, minor threat, system of a down, rise against
cannibal corpse, beck, die ?rzte, the prodigy, wu-tang clan, napalm death, the chemical brothers, [unknown], deichkind, depeche mode, fischerspooner, goldfrapp, portishead, r?yksopp, madvillain, ac/dc, air
the beatles, the white stripes, the decemberists, led zeppelin, the flaming lips, girl talk, neil young, rage against the machine, beck, air, nine inch nails, moby, beastie boys, radiohead, eminem, joanna newsom, grateful dead, simon & garfunkel, devendra banhart, a tribe called quest, the velvet underground, fiona apple, pink floyd, the weakerthans, death cab for cutie, jurassic 5, sufjan stevens, the streets, tom waits, jimi hendrix, thievery corporation, elton john, david bowie, dr. dre, the arcade fire, rufus wainwright, neutral milk hotel, u2
the smashing pumpkins, peter bjorn and john, muse, gnarls barkley, beck, girl talk, nine inch nails, radiohead, no doubt, pearl jam, bush, bloc party, vampire weekend, britney spears, kings of leon, mgmt, queens of the stone age, coldplay, franz ferdinand, tv on the radio, john mayer, the raconteurs, the white stripes, kanye west, ratatat, depeche mode, razorlight, lcd soundsystem, rilo kiley, garbage, m.i.a., the prodigy, death from above 1979, electric six, onerepublic, the faint, lily allen, third eye blind, gorillaz, gwen stefani, the cure, david bowie
cascada, die apokalyptischen reiter, alanis morissette, james blunt, die toten hosen, panic at the disco, [unknown], cypress hill, fergie, benny benassi, various artists, jack johnson, elvis presley
dir en grey, the white stripes, danny elfman, tool, nine inch nails, explosions in the sky, porcupine tree, muse, strapping young lad, coldplay, broken social scene, mew, the album leaf, r?yksopp, daft punk, gorillaz, placebo, air, radiohead, flight of the conchords, m83
erykah badu, jack johnson
bj?rk, depeche mode, sigur rós, goldfrapp, hot chip, the chemical brothers, moloko, tricky, gorillaz, lamb, radiohead, trentem?ller, new order, thom yorke, hercules and love affair, madonna, lady gaga, robyn, fatboy slim, primal scream, orbital, morcheeba, crystal castles, r?yksopp, arcade fire, the knife, cocteau twins, pet shop boys, air, cansei de ser sexy, kylie minogue, the ting tings, portishead, massive attack, de la soul, aphex twin
burzum, neko case, the fall, max richter, slowdive, autechre, animal collective, j dilla
supergrass, the hellacopters, christina aguilera, ella fitzgerald, garbage, elton john, foo fighters, outkast, kings of leon, amy macdonald, anna ternheim, jet, relient k, hammerfall, dio, kent, queen, ludacris, sheryl crow
ensiferum, equilibrium, tristania, eluveitie, theatre of tragedy, anathema, cannibal corpse, lacrimosa, cradle of filth, iron maiden, apocalyptica
death from above 1979, hot chip, blur, led zeppelin, kings of convenience, pink floyd, the strokes, belle and sebastian, jimi hendrix, camera obscura, joy division, the postal service, bloc party, the chemical brothers, the smiths, the knife, jens lekman, gogol bordello, the radio dept., franz ferdinand, the shins, arctic monkeys
ac/dc, megadeth, mot?rhead
santana, deftones, scooter, the future sound of london, metallica, alkaline trio, bloodhound gang, saves the day, tenacious d, incubus, 2pac, cake, pennywise, alice in chains, aphex twin
norah jones, thievery corporation, róisín murphy, bonobo, jazzanova, the cinematic orchestra, nightmares on wax, jamie cullum, jamiroquai, soundtrack, télépopmusik, moloko, amon tobin, gotan project, mr. scruff, mark ronson, fatboy slim, u2, portishead, bj?rk, air, ella fitzgerald, radiohead
mastodon, iron maiden, comeback kid, ignite, sia, slayer, napalm death, mono, st. germain, the dillinger escape plan
bob marley, cypress hill, bob marley & the wailers, flogging molly, bloodhound gang
boys like girls, daft punk, the fray, flo rida, air, basshunter, system of a down, kanye west, rise against, the beatles, ludacris, ratatat
[static-x]
kings of leon, backstreet boys, eagles, lady gaga, michael bublé, bob dylan, weezer, the white stripes, the beatles, joshua radin, jason mraz, vampire weekend, adele, taylor swift, barenaked ladies, ok go, simon & garfunkel, colbie caillat, counting crows, new found glory, tom waits, muse, ryan adams, elvis presley, keane, coldplay, eric clapton, the hush sound, james morrison, joni mitchell, third eye blind, the postal service, the who, saves the day
kraftwerk, echo & the bunnymen, a-ha
billy talent, apoptygma berzerk, iamx, guano apes, 3 doors down, p.o.d., coma, evanescence, vnv nation, frank sinatra, afi, atb, linkin park, 30 seconds to mars, matchbox twenty, myslovitz, three days grace, silverchair, kaiser chiefs
the beatles, frank zappa, captain beefheart & his magic band, the rolling stones, david bowie, jefferson airplane, jethro tull, kate bush, fleetwood mac, camel, the doors, the kinks, r.e.m., neil young, led zeppelin, genesis, bob dylan, king crimson, fleet foxes, santana, queen, the who, the flaming lips, cream, radiohead, u2, t. rex, deep purple, eels, various artists, jimi hendrix, miles davis
bob dylan, miles davis, tom waits, the velvet underground, animal collective, madlib, sonic youth, creedence clearwater revival, david bowie, arcade fire, prefuse 73, brian eno, fleet foxes, bj?rk, modest mouse, iron & wine, low, tv on the radio, j dilla, talking heads, burial, deerhunter, beck, grizzly bear, dj shadow, the flaming lips, m.i.a.
the arcade fire, kings of leon, gorillaz, the cinematic orchestra, sigur rós, broken social scene, tv on the radio, the black keys, bob dylan, beck, the roots, j dilla, the shins, bj?rk, the kinks, the rolling stones, dj shadow, the strokes, prefuse 73, bruce springsteen, paul simon, miles davis, eels, foo fighters, led zeppelin, modest mouse, rjd2, massive attack, johnny cash, nick drake, burial, m.i.a., doves, lcd soundsystem, the flaming lips, the go! team, kings of convenience, public enemy
autechre, fear factory, madvillain, venetian snares, the future sound of london, [unknown]
disturbed, koЯn, in flames, metallica, foo fighters, marilyn manson, machine head, b?hse onkelz, die ?rzte, alter bridge, stone sour, hatebreed, seether, 30 seconds to mars, a perfect circle, linkin park, slipknot, pearl jam, audioslave, limp bizkit, godsmack, bullet for my valentine, staind, the prodigy, justice, nickelback, chevelle, the white stripes, mudvayne, kings of leon, killswitch engage, ben harper, deichkind, tenacious d, tool, air, bob marley & the wailers, black eyed peas
the beatles, gorillaz, the velvet underground, lou reed, abba, talking heads, of montreal, the black keys, miles davis, the doors, the magnetic fields, garbage, marvin gaye, morcheeba, daft punk, the beach boys
tool, 65daysofstatic, le tigre, mew, paramore, nine inch nails, isis, sigur rós, the distillers, a perfect circle, porcupine tree, placebo, fall out boy, siouxsie and the banshees, tori amos, regina spektor, emilie autumn, the dresden dolls
the sounds, bon jovi, ac/dc, gogol bordello, marilyn manson, placebo, the hives, him, the rasmus, foo fighters, pink floyd, scissor sisters, turbonegro, guns n roses, paramore, led zeppelin
r.e.m., the police, elvis costello, dave matthews band, paul mccartney, red hot chili peppers, prince, coldplay, the beatles, queen, rancid, tom waits, pearl jam, jack johnson, john lennon, elton john, jamie cullum, the specials, ray charles, billy joel, frank sinatra, led zeppelin, bob marley & the wailers, sting, the doors, barenaked ladies, the rolling stones, common, peter gabriel, the decemberists
jurassic 5, a tribe called quest, common, the roots, thievery corporation, kanye west, dj krush, snoop dogg, gang starr, dr. dre, mos def, daft punk, atmosphere, justin timberlake, lupe fiasco, beastie boys
black label society, metallica, staind, black sabbath, pantera, drowning pool, the cranberries, alice in chains, anthrax, down, fleetwood mac, lynyrd skynyrd, iron maiden
paul van dyk, sarah mclachlan, chicane, ti?sto, above & beyond, bob marley
the white stripes, def leppard, red hot chili peppers, the jimi hendrix experience, black label society, myslovitz, aerosmith, ozzy osbourne, coldplay, led zeppelin, avril lavigne, serj tankian, ac/dc, anberlin, queen, the raconteurs, system of a down, bob marley & the wailers, hey, bon jovi, foo fighters, megadeth, scorpions
heaven shall burn, as i lay dying, the black dahlia murder
the beatles, van morrison, nick drake, sufjan stevens, tom waits, herbie hancock, the white stripes, grateful dead, yann tiersen, elvis presley, the magnetic fields, the who, lou reed
alexisonfire, thursday, brand new, thrice, radiohead, city and colour, built to spill, biffy clyro, chiodos, death cab for cutie, the fall of troy, nada surf, motion city soundtrack, foals, a day to remember, tegan and sara, the ataris, elliott smith, taking back sunday, daft punk, coheed and cambria, lostprophets
t.a.t.u., abba, madonna, eminem, haggard, scooter, shakira, 2pac, katie melua, nelly furtado, groove coverage, gentleman, 50 cent, hans zimmer
kimya dawson, cansei de ser sexy, sonic youth, nine inch nails, mogwai, radiohead, sex pistols, arctic monkeys, oasis, amy winehouse, múm, the cribs, bob marley
30 seconds to mars, apocalyptica, lostprophets, muse, the rasmus, dredg, thursday, god is an astronaut, placebo, chevelle, katatonia, deftones, him, staind, evanescence, saosin, incubus, nightwish, keane
thursday, metric, all time low, gym class heroes, something corporate, taking back sunday, lily allen, brand new, emery, less than jake, silverstein, senses fail, my chemical romance, say anything, afi, blink-182, imogen heap, the beatles
the smiths, nick cave and the bad seeds, deus, rush, the cure, r.e.m., u2, cocteau twins, lou reed, myslovitz, max?mo park, arctic monkeys, pixies, the police, the dresden dolls, david bowie
ska-p, dropkick murphys, pink floyd, millencolin, matisyahu, the clash, seeed, lynyrd skynyrd, nofx, social distortion, the pogues, bob marley, dj shadow, rancid, fatboy slim, flogging molly, pendulum, plaid, beastie boys, less than jake, hatebreed, the chemical brothers, boards of canada, bon jovi, soulfly, jason mraz, bloodhound gang
chromeo, digitalism, battles, múm, the chemical brothers, interpol, apparat, lcd soundsystem, boards of canada, hellogoodbye, phoenix, hot chip, the presets, air, junior boys, justice, radiohead
oasis, cat power, the cardigans, interpol, weezer, the kooks, franz ferdinand, justin timberlake, corinne bailey rae, elvis costello, kimya dawson, badly drawn boy, aerosmith
the kooks, jason mraz, rihanna, beatsteaks, cascada, 3 doors down, timbaland, deichkind, nelly furtado, david guetta, billy talent, linkin park, lifehouse, the fratellis, ne-yo, plain white ts, three days grace, die ?rzte, the prodigy, peter fox, sum 41, mgmt
broken social scene, cat power, boards of canada, death cab for cutie, beck, goldfrapp, sufjan stevens, four tet, the flashbulb, pixies, prefuse 73, sigur rós, bj?rk, arcade fire, ryan adams, bloc party, the mars volta, band of horses, lykke li, the album leaf, modest mouse, gotan project, the decemberists, stars, tori amos, yeah yeah yeahs, gorillaz
portishead, johnny cash, vnv nation, ladytron, echo & the bunnymen, the magnetic fields, richard cheese, the police, pink martini, ani difranco, camera obscura, beastie boys, the knife, shakira, apoptygma berzerk, david bowie, new order, le tigre, dead kennedys, iggy pop, inxs, u2, nine inch nails, black sabbath, pixies
anna ternheim, beck, franz ferdinand
judas priest, deep purple, led zeppelin, black sabbath, journey, ac/dc, helloween, iron maiden, bon jovi, sonata arctica, gamma ray, dream theater, iced earth
emery, new found glory, say anything, from first to last, dashboard confessional, explosions in the sky, senses fail, metro station, fall out boy
the kinks, abba, grateful dead, jimi hendrix, cream, frank sinatra, bob dylan, the jimi hendrix experience, creedence clearwater revival, simon & garfunkel, lynyrd skynyrd, marvin gaye, elvis presley, elton john, stevie wonder, santana, the byrds, miles davis, t. rex, bruce springsteen, johnny cash, michael jackson, pink floyd, prince, the doors, van morrison, david bowie, deep purple
leona lewis, linkin park, soundtrack, chris brown, usher, armin van buuren, britney spears, cascada, rihanna, benny benassi, akon, justin timberlake, miley cyrus
stars, muse, kings of leon, the killers, the flaming lips, shout out louds, air, metric, the go! team, hard-fi, josé gonzález, 2pac, the white stripes, the kooks, the strokes, explosions in the sky, arctic monkeys, broken social scene, coldplay, tegan and sara, daft punk, camera obscura, tokyo police club, tenacious d, the fratellis, the wombats, the knife, hot chip, death cab for cutie, ...and you will know us by the trail of dead, the sounds, david bowie, robyn
dope, slipknot, rage against the machine, static-x, rob zombie, kmfdm, oomph!, deftones, mudvayne, the chemical brothers, system of a down, dethklok, koЯn, type o negative, mindless self indulgence, 36 crazyfists, killswitch engage, drowning pool, disturbed
rjd2, red hot chili peppers, daft punk, flogging molly, roots manuva, talib kweli, a tribe called quest, dropkick murphys, mobb deep, coldplay, metallica, moby, dizzee rascal, asian dub foundation, modest mouse, ska-p, de la soul, basement jaxx, the chemical brothers, audioslave
the beatles, john williams, abba, billy joel, diana krall, razorlight, [unknown], coldplay, iron maiden, madonna, queen, thomas newman, foo fighters, rush, joe satriani, muse, wolfgang amadeus mozart, elvis presley, electric light orchestra, kiss, depeche mode, u2, ennio morricone, oasis, stereophonics, elton john, the rolling stones, jack johnson, moby, alter bridge, van halen, david bowie, the beach boys
30 seconds to mars, t.a.t.u., muse, the veronicas, fall out boy, kelly clarkson, panic! at the disco, lady gaga, paramore, placebo, britney spears, dredg, the killers, linkin park, foals, klaxons, three days grace, evanescence, sia, stone sour, the academy is..., the fray, avril lavigne, hellogoodbye, the all-american rejects, city and colour, katy perry, james blunt, kings of leon
breaking benjamin, 3 doors down, atb, maria mena, panic at the disco, r.e.m., 44, nelly furtado, justin timberlake, red hot chili peppers, armin van buuren, live, lil wayne, guns n roses, lenny kravitz, roxette, santana, linkin park
rainbow, skid row, def leppard, bon jovi, judas priest, ozzy osbourne, van halen, scorpions, queen, dio, deep purple, ac/dc, black sabbath
the smiths, foo fighters, oasis, pearl jam, radiohead, the doors, beck, nirvana, the beatles, danny elfman, bush, the rolling stones, counting crows, alanis morissette, blur, red hot chili peppers, the stone roses, stereophonics, coldplay, the smashing pumpkins, air, queens of the stone age
black sabbath, anthrax
of montreal, u2, goldfrapp, robbie williams, daft punk, rage against the machine, kasabian, the chemical brothers, the prodigy, jack johnson, sigur rós, muse, beastie boys, fatboy slim, the killers, audioslave, the raconteurs, moby, ben harper, radiohead, massive attack, the presets, hot chip, the doors
oasis, the beatles, coldplay, radiohead, green day, robbie williams, regina spektor, manic street preachers, u2, queen, r.e.m., jeff buckley, red hot chili peppers, muse, metallica, frank sinatra, the white stripes, the clash, rage against the machine, van halen, dream theater, keane, the offspring, the strokes, pearl jam, nirvana, system of a down, audioslave, the hives, blink-182, jamiroquai, outkast, arctic monkeys, mew, aerosmith, paramore, franz ferdinand
coma, eddie vedder, happysad, red hot chili peppers, lostprophets, the kooks, system of a down, akurat, nightwish, rammstein, the offspring, hard-fi, editors, three days grace, slipknot, seether, pid?ama porno, clint mansell, a perfect circle, good charlotte, hammerfall, nada surf, oomph!, serj tankian, fall out boy, kult, death cab for cutie, placebo, tenacious d, kings of convenience, tool
green day, radiohead, led zeppelin, infected mushroom, air, shpongle, madonna, depeche mode, mogwai, tool, explosions in the sky, m83, goldfrapp, the flaming lips, sigur rós, john williams, the chemical brothers, pet shop boys, a perfect circle, nine inch nails, enigma, nirvana, the crystal method, ladytron, coldplay, u2, dj shadow, stone temple pilots
ludwig van beethoven, wolfgang amadeus mozart, frédéric chopin, johann sebastian bach, antonio vivaldi
coldplay, sum 41, james blunt, u2, avril lavigne, franz ferdinand, evanescence, green day, good charlotte, bee gees, fall out boy, linkin park, red hot chili peppers, the beatles, angels & airwaves, david gray, the offspring, billy talent, stereophonics, 44, placebo, the all-american rejects, moby, alanis morissette, simon & garfunkel, me first and the gimme gimmes, lifehouse, roxette, robbie williams, jet, radiohead, the cranberries, gavin degraw, ennio morricone, jamie cullum, maroon 5, keane, oasis, john lennon, the postal service
coldplay, arctic monkeys, katie melua, the beatles, pink floyd, sage francis, amy macdonald, bonobo, the last shadow puppets, katy perry, emilíana torrini, the kooks, travis, razorlight, morcheeba, nouvelle vague, vampire weekend, massive attack, oasis, amy winehouse, adele, norah jones, r.e.m., kt tunstall, anberlin, maria mena, imogen heap, manic street preachers
the beach boys, iced earth, backstreet boys, creedence clearwater revival, matchbox twenty, kimya dawson, akon, jack johnson
pennywise, o.s.t.r., pantera, jedi mind tricks, jurassic 5, the herbaliser, metallica
u2, faithless
deftones, therion, haggard, godsmack, garbage, korpiklaani, apocalyptica, rage against the machine, koЯn, the white stripes, radiohead, pearl jam, creedence clearwater revival, in extremo, static-x, the killers, cocteau twins, stone temple pilots, cypress hill, dead can dance, hilary duff, turisas, the chemical brothers, mudvayne
amy winehouse, jack johnson, al green, feist, deichkind, the rolling stones, gwen stefani, hot chip, nouvelle vague, bob marley & the wailers, the roots, bright eyes, archive, beastie boys, n*e*r*d, boys noize, moloko, joss stone, m.i.a., booka shade, coldplay, erykah badu, adam green, jamiroquai, bloc party, red hot chili peppers
radiohead, leonard cohen, u2, sting, massive attack, madonna, explosions in the sky, neil young, loreena mckennitt, shpongle, underworld, queen, robbie williams, joe satriani, depeche mode
massive attack, ladytron, katie melua, regina spektor, trentem?ller, u2, amy macdonald, depeche mode, justice, mando diao, kings of convenience
kosheen, high contrast, the prodigy, air, goldfinger, unkle, the cranberries, armin van buuren, the crystal method, green day, faithless, red hot chili peppers, asian dub foundation, fatboy slim, pendulum, chicane, daft punk, groove armada
damien rice, alter bridge, arctic monkeys, norah jones, the white stripes, bloc party, counting crows, snow patrol, editors, the dandy warhols, bj?rk, jeff buckley, the killers, red hot chili peppers, the wombats, ben harper, the libertines, millencolin, the pigeon detectives, porcupine tree, john frusciante, tom waits, plain white ts, marilyn manson, relient k, drowning pool, jimi hendrix
manowar, groove coverage, kiss, the prodigy, ac/dc, 2pac, metallica, creedence clearwater revival, scorpions, infected mushroom, dethklok, slayer, dio, linkin park, nightwish, iron maiden, depeche mode, helloween, dr. dre, john williams, deep purple, cascada, blind guardian, pink floyd, snoop dogg, the rolling stones, paul van dyk, electric six, queen
soilwork, dark tranquillity, opeth, dimmu borgir, amon amarth, the haunted, 2pac, pain, children of bodom, pendulum, at the gates, mando diao, lily allen, sigur rós, metallica, pearl jam, bloodbath, bj?rk
the shins, neutral milk hotel, elliott smith, aphex twin, sigur rós, okkervil river, bon iver, animal collective, the mountain goats, iron & wine, built to spill, explosions in the sky, regina spektor, sufjan stevens, belle and sebastian, rilo kiley, arcade fire, bright eyes, cunninlynguists, ratatat, clap your hands say yeah, death cab for cutie, the magnetic fields, m83, pink floyd, crystal castles, múm, the decemberists, dinosaur jr., outkast
papa roach, cake, system of a down, green day, panic at the disco, cute is what we aim for, queen, my chemical romance, from autumn to ashes, hot hot heat, underoath, afi, atreyu, saosin, hellogoodbye, coheed and cambria, the academy is..., anberlin, the killers, 30 seconds to mars, cold war kids, paramore, motion city soundtrack, boys like girls, ramones, brand new, funeral for a friend, three days grace, alesana, jet, shiny toy guns, red.jumpsuit.apparatus, guns n roses, pantera, david bowie, bloc party, story of the year, bad religion
the zombies, antony and the johnsons, tom waits, adam green, nick drake, the doors, the beatles, leonard cohen, elvis presley, jason mraz, the byrds, the smiths
the doors, jefferson airplane, led zeppelin, fleet foxes, stevie wonder, louis armstrong, autechre, tom waits, jimi hendrix, portishead, wilco, ratatat, ladytron, hercules and love affair, gotan project, bob dylan, queens of the stone age, chromeo, talking heads, creedence clearwater revival, crystal castles, animal collective
stereolab, supergrass, air, my bloody valentine, the brian jonestown massacre, david bowie, outkast, wilco, the byrds, ennio morricone, the zombies
bj?rk, placebo, rammstein, portishead, nine inch nails, nouvelle vague, massive attack, kings of convenience, pink floyd, madonna, feist, the killers, amy winehouse, him, anathema, she wants revenge, the gathering, depeche mode, the cure, deftones, new order, the cranberries, lacrimosa, cat power, tristania, katatonia, the smiths, daft punk, goldfrapp, kimya dawson, sneaker pimps
jason mraz, the last shadow puppets, the kooks, arctic monkeys, manu chao, snow patrol, jet, beyoncé, black eyed peas, james blunt, lady gaga, craig david, keane, muse
depeche mode, dead can dance, porcupine tree, dream theater, kasabian, strapping young lad, delerium, thievery corporation, apoptygma berzerk, jurassic 5, massive attack, opeth, foo fighters, doves
garbage, mono, led zeppelin, arcade fire, katie melua, calexico, god is an astronaut, black sabbath, bloc party, metallica, the gathering, kent, múm, kate bush
ani difranco, aphex twin, madness, kate bush, red hot chili peppers, róisín murphy, depeche mode, jamiroquai, frank sinatra
rammstein, die toten hosen, peter fox, fort minor, missy elliott, eminem, red hot chili peppers, limp bizkit, 50 cent, die ?rzte, metallica, koЯn, gorillaz, creedence clearwater revival, kanye west, the ting tings, incubus, bob marley & the wailers, scooter, volbeat, busta rhymes, bob marley, timbaland, dropkick murphys, the prodigy, snoop dogg, b?hse onkelz, flo rida, razorlight, mobb deep, seeed, ac/dc, linkin park, nickelback, the streets, dmx, jay-z
the velvet underground, elliott smith, dead kennedys, bob marley, bob dylan, red hot chili peppers, neutral milk hotel, simon & garfunkel, the kinks, johnny cash, gorillaz, andrew bird, m. ward, wu-tang clan, gogol bordello, the flaming lips, the shins, misfits, jimi hendrix, adam green, radiohead, the jimi hendrix experience, beck, grateful dead, atmosphere, cake, jurassic 5, manu chao, mf doom, outkast, air, notorious b.i.g., the pogues, beastie boys, eels, unkle, dj shadow
cute is what we aim for, girl talk, ratatat, a day to remember, kanye west, metro station, tokyo police club, panic at the disco, the academy is..., the all-american rejects, circa survive, all time low
billy joel, queen, eric clapton, coldplay, bruce springsteen, cat stevens, bob dylan, bee gees, deep purple, robbie williams, r.e.m., bryan adams, elton john, pearl jam, the rolling stones, phil collins, u2, dire straits, electric light orchestra, simon & garfunkel, aerosmith, marillion, bon jovi, jethro tull, neil young, james blunt, thin lizzy, genesis, david bowie, fleetwood mac, scorpions
lordi, sabaton, turisas, finntroll, children of bodom, equilibrium, kiss, hammerfall, blind guardian
wilco, the mountain goats, pixies, talking heads, my morning jacket, tom waits, girl talk, andrew bird, the rolling stones, ratatat, the new pornographers, the national, deerhoof, bob dylan, the black keys, daft punk, bruce springsteen, grateful dead, led zeppelin, neil young, bonnie prince billy, the kinks, flogging molly, thin lizzy, iron & wine, the who, architecture in helsinki, grizzly bear, calexico, metric, the clash
queen, electric light orchestra, blondie, talking heads, jefferson airplane, zero 7, all that remains
meshuggah, pink floyd, slipknot, rammstein, kraftwerk, simon & garfunkel, mudvayne, koЯn, nirvana, rage against the machine, the dillinger escape plan, devildriver, the knife
a fine frenzy, of montreal, stars, the killers, dashboard confessional, snow patrol, motion city soundtrack, lifehouse, bloc party, modest mouse, imogen heap, sugarcult, james blunt, spoon, the fratellis, the sounds, red.jumpsuit.apparatus, the strokes, metric, the all-american rejects, radiohead, belle and sebastian, feist
ministry, judas priest, blind guardian, kreator, ac/dc, die apokalyptischen reiter, dio, manowar, dimmu borgir, johnny cash, helloween, led zeppelin, massive attack, johann sebastian bach, mot?rhead, rhapsody of fire, sabaton, korpiklaani, louis armstrong, ludwig van beethoven, slayer, hammerfall, sodom, avantasia, cannibal corpse, rob zombie, children of bodom, epica, radiohead
tenacious d, the offspring, avenged sevenfold, u2, m?tley crüe, system of a down, the beatles, flogging molly, the white stripes, foo fighters, arcade fire, disturbed, marilyn manson, the killers, johnny cash, hammerfall, the strokes, r.e.m., mudvayne, ramones, rammstein, pantera, ministry, amy winehouse, colbie caillat, radiohead, slayer
blondie, creedence clearwater revival, electric light orchestra, the who, stevie wonder, howard shore, the kinks, danny elfman, john williams, the beatles, queen, aimee mann
keane, the killers, snow patrol, maroon 5, the beatles, oasis, led zeppelin, arctic monkeys, lupe fiasco, kanye west, john mayer, queen, coldplay, matchbox twenty, gorillaz, linkin park, paolo nutini, girl talk, guns n roses, daft punk, franz ferdinand, david bowie, the vines, elton john, outkast, the who, third eye blind, the fray, ac/dc, foo fighters, incubus, u2, gym class heroes, jet, the doors, the raconteurs, van morrison, pink floyd, jem, the police
the kills, the velvet underground, the jimi hendrix experience, the brian jonestown massacre, kings of leon, black rebel motorcycle club, eagles of death metal, the white stripes, t. rex, lou reed, radiohead, pink floyd, the strokes, led zeppelin, nirvana, queens of the stone age, eddie vedder, leonard cohen, ramones, the jesus and mary chain, cat stevens, devendra banhart
placebo, radiohead, dream theater, led zeppelin, king crimson, jimi hendrix, megadeth, the cure, the verve, black label society, judas priest, the jimi hendrix experience, pearl jam, the mars volta, pantera, nirvana
immortal technique, gentleman, bob marley & the wailers, 2pac, nas, cypress hill, sean paul
senses fail, the wombats, ramones, from autumn to ashes, alesana, bloc party, my chemical romance, taking back sunday, escape the fate, the used, iron maiden, funeral for a friend, parkway drive, arctic monkeys, editors, rammstein, ozzy osbourne, paramore, sum 41, dropkick murphys, kings of leon, dead kennedys, from first to last, amon amarth, lostprophets, afi, nofx, tenacious d, thursday, black sabbath, the ting tings, unkle
the beatles, the who, muse, ramones, the byrds, franz ferdinand, patrick wolf, radiohead, thom yorke, the hives, foals, michael jackson, the rapture, joy division, the kinks, alesana, david bowie, mgmt, the rolling stones, late of the pier, klaxons, the shins, the vines, crystal castles
neko case, led zeppelin, supergrass, the new pornographers, the who, the beatles, the clash, cake, bob dylan, dead kennedys, rage against the machine, the white stripes, diana krall, gogol bordello, no doubt, buzzcocks, cat power, the mountain goats, garbage, goldfrapp, devo, rilo kiley
tom waits, beastie boys, emilíana torrini, [unknown]
pixies, pj harvey, in extremo, korpiklaani, boys noize, equilibrium, apoptygma berzerk, beirut, infected mushroom, yann tiersen, rhapsody of fire, nightwish, digitalism, ratatat
squarepusher, boards of canada, him
the knife, antony and the johnsons, m83
howard shore, the smashing pumpkins, green day, frou frou, dethklok, linkin park, danny elfman, evanescence, the bravery, alkaline trio, soundtrack, ramones, anberlin, coldplay, radiohead, hans zimmer, my chemical romance
in flames, porcupine tree, metallica, de-phazz, pain of salvation, anathema, devildriver, chris cornell, poets of the fall, pink floyd, faith no more, the haunted, papa roach, garbage, koЯn, opeth, adema, killswitch engage, apoptygma berzerk, lostprophets, soilwork, down, anti-flag, ayreon, tool
metallica, megadeth, bob marley, devildriver, subway to sally, at the gates, anthrax, korpiklaani, slayer, nickelback, the cure, soilwork, ensiferum, die apokalyptischen reiter, carcass, stone sour, in extremo, blind guardian, papa roach, pink floyd
nirvana, carcass, bad brains, alice in chains, cannibal corpse, slayer, queens of the stone age, misfits, black sabbath, napalm death, sepultura, soundgarden, black flag, sonic youth, metallica, dinosaur jr.
the beatles, arctic monkeys, the kooks, joy division, tokyo police club, mgmt, dirty pretty things, the cure, the verve, interpol, babyshambles, the streets, the jam, oasis
weezer, yeah yeah yeahs, modest mouse, crystal castles, the brian jonestown massacre, tegan and sara, the dandy warhols, the cure, pixies, sonic youth, bob dylan, the go! team, the kinks, kings of leon, the beatles, minus the bear, the magnetic fields, the sounds, rilo kiley, the jesus and mary chain
the kinks, nouvelle vague, the velvet underground, pink floyd, air, led zeppelin, queen, creedence clearwater revival, king crimson, the cure, iggy pop, sonic youth
the mars volta, god is an astronaut, thrice, brand new, amy winehouse, deftones, the dillinger escape plan
armin van buuren, paul van dyk, above & beyond, atb, ti?sto, chicane, paul oakenfold, scooter
neil young, talking heads, basement jaxx, pink martini, bob dylan, david bowie, queen, the doors, captain beefheart & his magic band, simon & garfunkel, the cure, john lennon, ray charles
ne-yo, justin timberlake, kanye west, akon, chris brown, linkin park, hans zimmer, fort minor, rihanna, enrique iglesias, onerepublic, usher, scooter, james blunt, timbaland, leona lewis, the killers, billy talent, lenny kravitz, aerosmith, simple plan, beyoncé
snoop dogg, t.i., 50 cent, usher, the game, lupe fiasco, ludacris, outkast, john legend, michael jackson
talib kweli, phoenix, jay-z, de la soul, kanye west, miles davis, wu-tang clan, the roots, mf doom
evanescence, red.jumpsuit.apparatus, alexisonfire, avril lavigne, linkin park, fall out boy, rise against, papa roach, queens of the stone age, three days grace, the sounds, marilyn manson, the killers, panic at the disco, green day, counting crows, blink-182, story of the year, within temptation, slipknot, my chemical romance, 30 seconds to mars, simple plan, escape the fate, incubus, sonic syndicate, peter fox, the verve, billy talent, funeral for a friend, pink, the prodigy, plain white ts, the ting tings, air, jimmy eat world
ratatat, nine inch nails, low, air, boards of canada, four tet, sigur rós, audioslave, al green, daft punk, queens of the stone age, radiohead, nina simone, cake, prefuse 73, morcheeba, the magnetic fields, pj harvey, sufjan stevens, justin timberlake, lupe fiasco, justice, the rolling stones, madvillain, snow patrol, alice in chains, jedi mind tricks, neko case, the postal service, chico buarque, system of a down, feist, sheryl crow, gorillaz, regina spektor, tegan and sara
the bouncing souls, new found glory, rancid, black flag, misfits, anti-flag, less than jake, dizzee rascal, minor threat, converge, comeback kid, beastie boys, dropkick murphys
against me!, radiohead, fugazi, the clash, sonic youth, tom waits, animal collective, modest mouse, joy division, the smiths, the pogues, bob dylan, elliott smith, the velvet underground, beirut, neutral milk hotel
dead can dance, the sisters of mercy, kmfdm, combichrist, the smiths, nick cave and the bad seeds, enigma, duran duran, new order, cocteau twins, joy division
ray lamontagne, coldplay, kings of leon, calexico, the killers, damien rice, death cab for cutie, band of horses, bon iver, city and colour, t.i., air, the national, camera obscura, m83, david guetta, cut copy, yann tiersen, h?kan hellstr?m, arcade fire, michael jackson, the shins, chromeo, lady gaga, the whitest boy alive, the new pornographers
the cribs, oasis, kanye west, 3 doors down, the presets, lady gaga, snow patrol, maroon 5, jason mraz, the beach boys, gym class heroes, red hot chili peppers, bowling for soup
david bowie, bob marley & the wailers, ok go, lily allen, arctic monkeys, mgmt, antony and the johnsons, r.e.m., coldplay, queen
the chemical brothers, goldfrapp, the flaming lips, radiohead, simian mobile disco, cut copy, beck, fleetwood mac, badly drawn boy, justice, nine inch nails, mark ronson, the rapture, hard-fi, the clash, ladytron, the beatles, bloc party, lily allen, depeche mode, lcd soundsystem
radiohead, the magnetic fields, m. ward, modest mouse, tom waits, flying lotus, misfits, burial, autechre, mogwai
bloc party, coldplay, tokyo police club, the kooks, mgmt, arctic monkeys, muse, the ting tings, band of horses, the killers, radiohead, max?mo park
2pac, kanye west, notorious b.i.g., lil wayne, ice cube, the game, nas, dr. dre, akon, jay-z, ludacris, common, dmx, t.i., outkast, usher, ne-yo, busta rhymes, public enemy, craig david
arctic monkeys, crystal castles, spice girls, ashlee simpson, depeche mode, gwen stefani, morrissey, hilary duff, britney spears, kelly clarkson, sheryl crow, jonas brothers, bj?rk, avril lavigne, miley cyrus, the all-american rejects, nelly furtado
john williams, billy joel, the corrs, seal, daft punk, sting, fleetwood mac, van halen, robbie williams, queen, elton john, electric light orchestra, david bowie
boards of canada, aphex twin, madvillain, john legend, andrew bird, death cab for cutie
clueso, robyn, the knife, anna ternheim, [unknown], tegan and sara, the whitest boy alive, goldfrapp, kings of leon
placebo, muse, him, the rasmus, 30 seconds to mars, nirvana, oasis, evanescence, seether, the killers, my chemical romance, metallica, good charlotte, radiohead, breaking benjamin, three days grace, green day, linkin park, paramore, fall out boy, avenged sevenfold, keane, coldplay, pink floyd
coldplay, alice in chains, taking back sunday, rilo kiley, rage against the machine, sublime, cursive, the fratellis, travis, audioslave, nirvana, jimmy eat world, the killers, jack johnson, creedence clearwater revival, the doors, kings of leon, kasabian
mot?rhead, cradle of filth, rage against the machine, the offspring, system of a down, deep purple, death, bob dylan, wolfgang amadeus mozart, jimi hendrix, misfits, queen, ludwig van beethoven, the white stripes, down, nick cave and the bad seeds, alice cooper
rilo kiley, cake, aimee mann, they might be giants, flight of the conchords, the new pornographers, yann tiersen, blur, radiohead, yeah yeah yeahs, spoon, ok go, tv on the radio, death cab for cutie, tenacious d, ben folds, lily allen, ben folds five, the killers, jimmy eat world, barenaked ladies, the postal service, bloodhound gang, elvis costello, scissor sisters, the rolling stones, pavement
dream theater, testament, bathory, rainbow, queen, dio, kmfdm, manowar, black sabbath, sodom, judas priest, blind guardian, system of a down, edguy, slayer
erykah badu, kanye west, beyoncé, common, mary j. blige, jamiroquai, miles davis, the roots, foo fighters, nas, mos def, corinne bailey rae, john legend, jay-z, a tribe called quest, lupe fiasco, missy elliott
blink-182, t.i., crystal castles, slipknot, avenged sevenfold, 30 seconds to mars, bullet for my valentine
death cab for cutie, explosions in the sky, emery, anberlin, mae, thrice, taking back sunday, the postal service, underoath, saosin, senses fail, chiodos, paramore, electric six, hellogoodbye, iron & wine, the clash, streetlight manifesto
burzum, cannibal corpse, immortal, bathory, arch enemy, darkthrone, satyricon, behemoth, ensiferum, amon amarth
green day, fear factory, oomph!, in flames, koЯn, nine inch nails, nightwish, arch enemy, amorphis, sonata arctica, dream theater, system of a down, rammstein, the chemical brothers, the offspring, 3 doors down, ministry, foo fighters, evanescence, metallica, rage against the machine, him, queens of the stone age, incubus, jamie cullum, hoobastank
the rasmus, the killers, lady gaga, madonna, blackfield, within temptation, coldplay, katy perry, nelly furtado, marilyn manson, kylie minogue, roxette, the pussycat dolls, rihanna, september, amy macdonald, depeche mode, girls aloud
sigur rós, the postal service, final fantasy, placebo, death cab for cutie, r?yksopp, sia, red hot chili peppers, bloc party, robbie williams, patrick wolf, thievery corporation, gorillaz, amy winehouse, coldplay, cocorosie, nelly furtado, bj?rk, katie melua, metric, morcheeba, faithless, green day, enya, hooverphonic, rihanna, groove armada, regina spektor, 65daysofstatic, u2, alanis morissette, prefuse 73, thomas newman, múm, damien rice, frédéric chopin, m.i.a., travis, billy talent
nada surf, ben harper
fatboy slim, the chemical brothers, daft punk, no doubt, the prodigy, pendulum, the streets, moby, basshunter, justice, kate nash, cansei de ser sexy, simian mobile disco, faithless, rage against the machine, gwen stefani, ti?sto, mika, digitalism, mylo, scooter, boys noize, crystal castles, david gray, aphex twin, amy macdonald, eminem, nofx, r?yksopp, basement jaxx, linkin park, mgmt, calvin harris, mark ronson, the white stripes, hot chip, chicane, girls aloud, groove armada, bowling for soup
thomas newman, r?yksopp, air, aphex twin, daft punk, portishead, the cinematic orchestra, unkle, the future sound of london, orbital, tosca, god is an astronaut, kult, dead can dance, dj shadow, philip glass
david guetta, rihanna, daft punk, die toten hosen, mgmt, moby, faithless, timbaland, katy perry, guns n roses, lenny kravitz, marilyn manson, britney spears, nelly furtado, pink, backstreet boys, kelly clarkson, deichkind, booka shade, sean paul, madonna, calvin harris, kanye west, christina aguilera, metallica, digitalism
busta rhymes, wu-tang clan, koЯn, lil wayne, slipknot, 50 cent, ghostface, ice cube, snoop dogg, marilyn manson, the prodigy, serj tankian, chamillionaire, system of a down, eminem, gang starr, metallica, pendulum, t.i., nas, kanye west, the game, rammstein, talib kweli, mobb deep, lupe fiasco
nick drake, frank zappa, david bowie, boards of canada, porcupine tree, ulver, placebo, the dresden dolls, kmfdm, múm, tom waits, jeff buckley, bj?rk, tool, tori amos, mogwai, bauhaus, the smashing pumpkins, black flag, depeche mode, 65daysofstatic, the cure, daft punk
travis, r?yksopp, elvis presley, lenny kravitz, mando diao, yann tiersen, inxs, scissor sisters, linkin park, the kooks, franz ferdinand, muse, rjd2, moby, the beach boys, oasis, nirvana, justice, parov stelar, placebo, unkle, klaxons, coldplay, the prodigy, max?mo park, ladytron, brand new, jamiroquai, bloc party, kaiser chiefs, hooverphonic, kent
bad religion, ac/dc, sum 41, the offspring, ramones, rise against, rammstein, manu chao, nofx, dead kennedys, sex pistols
the chemical brothers, coldplay, sia, the shins, editors, green day, incubus, the prodigy, goo goo dolls, múm, daft punk, r?yksopp, maria mena, muse, radiohead, air, imogen heap, fleet foxes, kult, zero 7, coma, mogwai, pid?ama porno, nirvana, burial, massive attack, slowdive, thievery corporation
coldplay, keane, sigur rós, imogen heap, nightwish, r?yksopp, mew, yellowcard, bj?rk, thomas newman, the fratellis, mae, mindless self indulgence, billy joel, u2, apocalyptica, electric light orchestra, green day, enya, the beatles, billy talent, gorillaz, pearl jam, muse, ok go, hans zimmer, the academy is..., sonata arctica
bon iver, third eye blind, eddie vedder, blink-182, bright eyes, the fratellis, stereophonics, belle and sebastian, the who, the kooks, feeder, otis redding, james brown, jimi hendrix, kings of leon, city and colour, kimya dawson, michael jackson, mogwai
ramones, avenged sevenfold, iron maiden, flogging molly, streetlight manifesto, misfits, the offspring, social distortion, afi, clint mansell, gym class heroes, pantera, elvis costello, johnny cash, queen, rancid, nofx, plain white ts, the doors, brand new, dethklok, dropkick murphys, rammstein, rise against, r.e.m., megadeth, blondie, the velvet underground
justice, kanye west, editors, the killers, the prodigy, david guetta
kelly clarkson, the fray, the veronicas, britney spears, lady gaga, paramore, the pussycat dolls, muse, september, flo rida, soundtrack, mando diao, shiny toy guns, imogen heap, nickelback, rihanna, james morrison, peter fox
atb, scooter, dj krush, infected mushroom, bob marley & the wailers, madonna, paul oakenfold, paul van dyk, madlib
city and colour, snow patrol, santogold, bloc party, jack johnson, lily allen, jem, silverstein, anberlin, the postal service, lykke li, placebo, the get up kids
jack johnson, johnny cash, counting crows
interpol, the whitest boy alive, beirut, kings of convenience, the killers, kate nash, stars, daft punk, joy division, the rapture, flight of the conchords, myslovitz, the strokes, thievery corporation, god is an astronaut, 65daysofstatic, architecture in helsinki, explosions in the sky, mgmt, cut copy, justice, hot chip, róisín murphy, death cab for cutie, nightmares on wax, bonobo, iamx, cold war kids, parov stelar, múm, the faint, de-phazz, orbital, koop
metallica, jimi hendrix, muse, r.e.m., queen, the rolling stones, dragonforce, system of a down, dire straits, pink floyd
2pac, public enemy, ghostface, bob marley & the wailers, immortal technique, notorious b.i.g., bob marley, mos def
sonic youth, tom waits, radiohead, bob dylan, eels, neutral milk hotel, nick drake, sigur rós, the mountain goats, ...and you will know us by the trail of dead, broken social scene, miles davis, fugazi, the breeders, the velvet underground, mogwai, feist, charlie parker, deftones, explosions in the sky, brian eno, the shins
nine inch nails, metallica, pink floyd, opeth, porcupine tree, riverside, buckethead, pain of salvation, mastodon, judas priest, slayer, ayreon, frank zappa, ac/dc, iron maiden, volbeat, the beatles, the beach boys
the black keys, captain beefheart & his magic band, kings of leon, system of a down, led zeppelin, the beatles, the strokes, django reinhardt, bob dylan, cream
the beatles, the rolling stones, sex pistols, incubus, pearl jam, neil young, bruce springsteen, the kinks, eagles, the smashing pumpkins, nirvana, the verve, my morning jacket, foo fighters, the raconteurs, bob marley, u2, nine inch nails, john lennon, the doors
death, opeth, apocalyptica, lamb of god, korpiklaani, alice cooper, bloodbath, finntroll, nile, haggard, bj?rk, machine head, black label society, ulver, testament, cradle of filth, evanescence, sepultura, mot?rhead, cannibal corpse
death cab for cutie, gym class heroes, fall out boy, kanye west, jimmy eat world, fort minor, motion city soundtrack, minus the bear, john legend, jay-z, mae, john mayer, the beatles, blink-182, jack johnson, lupe fiasco, black eyed peas, linkin park, the decemberists, stevie wonder, coheed and cambria, common, taking back sunday, rage against the machine, snow patrol, the mars volta, panic at the disco, bloc party, brand new, aesop rock, something corporate, maroon 5, the hush sound, phoenix, the smashing pumpkins, new found glory, rise against, mew, outkast, daft punk, say anything
snow patrol, barenaked ladies, the decemberists, tracy chapman, van morrison, elvis presley, cat power, otis redding, cat stevens, bee gees, the magnetic fields
foo fighters, pet shop boys, the fratellis, the beach boys, bon jovi, weezer, my chemical romance, guns n roses, alanis morissette, green day, arctic monkeys, oasis, sonata arctica, the dandy warhols, garbage, scissor sisters, johnny cash, blur, dido, radiohead, hard-fi, placebo, the white stripes, bee gees, stereophonics, the offspring, kaiser chiefs, feeder, fleetwood mac, dropkick murphys
air, manu chao, josé gonzález, pink floyd, daft punk, beastie boys, radiohead, jimi hendrix, red hot chili peppers, jamiroquai, devendra banhart, miles davis, amy winehouse, chico buarque, the chemical brothers, sublime, jack johnson, led zeppelin, johnny cash, feist, clint mansell, gnarls barkley, the clash
radiohead, dredg, porcupine tree, isis, incubus, a perfect circle, pearl jam, blackfield, tool, velvet revolver, queens of the stone age, soundgarden, pink floyd, nine inch nails, fiona apple, coldplay, snow patrol, kyuss, norah jones, the raconteurs, red hot chili peppers, silverchair, deftones, sigur rós, the rolling stones, jeff buckley, system of a down
the mountain goats, johnny cash, elvis presley, the cure, neutral milk hotel, the jesus and mary chain, beastie boys, tom waits, the clash
kanye west, alicia keys, beyoncé, the roots, jay-z, coldplay, nina simone, amy winehouse, t.i., robbie williams, madonna, justin timberlake, akon, manu chao, john legend, pink floyd, alanis morissette, nelly furtado, snoop dogg, system of a down, metallica, sean paul, asian dub foundation, frank sinatra, sade, n*e*r*d, placebo, joss stone, depeche mode, lupe fiasco, ne-yo, nirvana
system of a down, in flames, ludwig van beethoven, slipknot, tenacious d, franz ferdinand, guano apes, manu chao, the dillinger escape plan, ska-p, the prodigy, klaxons, black sabbath, david bowie, ac/dc, finntroll, johann sebastian bach, nightwish, p.o.d., cradle of filth, rammstein, koЯn, vampire weekend
behemoth, dimmu borgir, children of bodom, norther, ensiferum, cannibal corpse, in flames, burzum, korpiklaani, death, cradle of filth, nile, my dying bride, moonspell, rammstein, vader, anathema, all shall perish, the black dahlia murder, darkthrone, dark tranquillity
comeback kid, beatsteaks, rise against, die ?rzte, ignite, b?hse onkelz, 65daysofstatic, volbeat, staind, t.a.t.u., soilwork, enter shikari, social distortion, billy talent, hatebreed, queens of the stone age, rammstein, linkin park, snow patrol, limp bizkit, foo fighters, [unknown]
kings of leon, joy division, interpol, david bowie, my bloody valentine, deerhunter, the smashing pumpkins, the cure, skinny puppy, the jesus and mary chain, mew, sonic youth, elliott smith, death from above 1979, iggy pop, radiohead, the smiths, atmosphere, n*e*r*d, mgmt, nine inch nails, opeth
nirvana, linkin park, cradle of filth, venetian snares, soilwork, cannibal corpse, children of bodom, red hot chili peppers, iron maiden, system of a down, infected mushroom, carcass, pantera, mot?rhead, koЯn, serj tankian
the beatles, john lennon, paramore
red hot chili peppers, flight of the conchords, amy winehouse, muse, coldplay, stars, tenacious d, robbie williams, feist, adele, gogol bordello
me first and the gimme gimmes, pennywise, a perfect circle, daft punk, battles, the white stripes, nirvana, jimi hendrix, alice in chains, metallica, the offspring, moloko, foo fighters, jack johnson, no doubt, reel big fish, franz ferdinand, modest mouse, richard cheese, jethro tull, the dandy warhols, deftones
eagles, phil collins, madonna, cascada, kylie minogue, lifehouse, atb
mando diao, the kooks, max?mo park, the beatles, the mars volta, blur, [unknown], the hives, the killers, the rolling stones, yann tiersen, arctic monkeys, prince, red hot chili peppers, eric clapton, babyshambles, james brown, nirvana, coldplay, queens of the stone age, the doors, hard-fi
simple plan, nightwish, bullet for my valentine, goldfinger, blink-182, paramore, ensiferum, my chemical romance, cobra starship, dark tranquillity, nirvana, amorphis, panic at the disco, billy talent, foo fighters, gym class heroes, lostprophets
depeche mode, koop, a-ha, linkin park, the cure, ac/dc, duran duran, muse, mika, the beatles, the 69 eyes, timbaland, new order, abba, r.e.m., u2, kanye west, madonna, limp bizkit, bryan adams, placebo, pet shop boys, queen, blondie, elvis presley, iamx, kylie minogue, 50 cent, justin timberlake, kaiser chiefs
squarepusher, moby, r?yksopp, zero 7, apparat, autechre, bj?rk, interpol, muse, air, venetian snares, lamb, sigur rós, thom yorke, above & beyond, coldplay, portishead, the strokes, marilyn manson, era, orbital, dido, nirvana, low, thomas newman, enigma, linkin park, massive attack, beck, télépopmusik
beastie boys, atmosphere, dropkick murphys, aphex twin, disturbed, tool, richard cheese, r?yksopp, underworld, late of the pier, mindless self indulgence, koЯn, the prodigy, pendulum, the chemical brothers, linkin park, daft punk, coheed and cambria, coldplay, green day, audioslave, rage against the machine, slipknot, immortal technique, rammstein, nine inch nails, system of a down, ramones, basshunter, jurassic 5, death cab for cutie, ac/dc, marilyn manson, mudvayne, radiohead, bob marley, fort minor, him
the kinks, arctic monkeys, blind guardian, disturbed, cascada, pet shop boys
interpol, my bloody valentine, the magnetic fields, the smiths, david bowie, pavement, the beach boys, fleetwood mac, brian eno, sonic youth, black flag, bruce springsteen, ramones, the jesus and mary chain, arcade fire
brand new, deftones, red hot chili peppers, nofx, blink-182, silverstein, taking back sunday, the used, bring me the horizon, motion city soundtrack, alexisonfire, senses fail, the white stripes, system of a down, a day to remember, jack johnson, millencolin, something corporate, lagwagon, billy talent, klaxons, the get up kids, sum 41, thursday, dashboard confessional, metallica, underoath, funeral for a friend, relient k, the hives, descendents, the fray, atreyu, bloodhound gang
the killers, the beatles, led zeppelin, the doors, queen, bob dylan, digitalism, franz ferdinand, daft punk, the strokes, the who, interpol, kaiser chiefs, coldplay, r.e.m., death cab for cutie, klaxons, editors, joy division
the cinematic orchestra, gavin degraw, alicia keys, beirut, chris brown, john mayer, cocorosie, erykah badu, jason mraz, feist
the faint, imogen heap, boards of canada, portishead, the rapture, regina spektor, arcade fire, sigur rós, red hot chili peppers, ulver, r?yksopp, black eyed peas, the new pornographers, goldfrapp, modest mouse, placebo, infected mushroom, supertramp
ensiferum, sonata arctica, helloween, hammerfall, children of bodom, dio, metallica, audioslave, norther, slayer, turisas, iron maiden, stratovarius, dragonforce, amon amarth, disturbed, pantera, tenacious d, devildriver, rage against the machine, in flames, faith no more, killswitch engage, guns n roses, soundgarden, alice cooper, black sabbath, lamb of god, megadeth, rainbow, soulfly, judas priest
sigur rós, minor threat, portishead, ignite, ani difranco, combichrist, deftones, dropkick murphys, limp bizkit, guano apes, burial, from autumn to ashes, tool, bad brains, nine inch nails, black flag
lagwagon, sublime, johnny cash, reel big fish, weezer, amy winehouse, jack johnson, dave matthews band, notorious b.i.g., wu-tang clan, thievery corporation, tom waits, no doubt, the herbaliser, burial, the roots, ben harper, the specials, gang starr, a tribe called quest
in flames, rush, anthrax, dimmu borgir, symphony x, ozzy osbourne, judas priest, ac/dc, amon amarth, pantera, joe satriani, arch enemy, metallica, dragonforce, death, children of bodom, nightwish, black sabbath, the haunted, finntroll, ensiferum
the mars volta, guns n roses, m?tley crüe, van halen, the doors, judas priest, deep purple, eric clapton, black sabbath, moby, def leppard, metallica, red hot chili peppers, pantera, alice cooper, dire straits, ozzy osbourne, parov stelar, death, supertramp, rush, aerosmith, ac/dc, nick cave and the bad seeds, rainbow, david bowie, queen, jimi hendrix, creedence clearwater revival, bon jovi, journey
sigur rós, regina spektor, final fantasy, feist, kings of convenience, max richter, air, justin timberlake, bon iver, the books, john mayer, daft punk, sufjan stevens, zero 7, elliott smith, josé gonzález, eels, joanna newsom, massive attack, explosions in the sky, boards of canada, thievery corporation, fleetwood mac, antonio vivaldi, damien rice, death cab for cutie, kings of leon, lil wayne, stars
neil young, audioslave, r.e.m., morphine, the cranberries, godsmack, ben harper, chris cornell, frank sinatra, lenny kravitz
johnny cash, nine inch nails, public enemy, a perfect circle, primus, pixies, the cure, soundgarden, erykah badu, tricky
sigur rós, the brian jonestown massacre, brian eno, boards of canada, animal collective, aphex twin, nick cave and the bad seeds, m83, burial, radiohead, devendra banhart, low, múm, the smiths, cat power, portishead, tom waits, my bloody valentine, chet baker, ghostface, massive attack, the verve, mogwai, lil wayne, deerhunter, ennio morricone, common, a tribe called quest, the flaming lips, jay-z, neil young
tori amos, pink floyd, prince, leonard cohen, queen, bj?rk, madonna, u2, the doors, lenny kravitz, eric clapton, johnny cash, guns n roses, tom waits, aerosmith, radiohead, sheryl crow, paul mccartney, nirvana, frank sinatra, bob marley, billie holiday
depeche mode, pet shop boys, madonna, the beatles, roxette, kylie minogue, vangelis, devo, kiss, u2, bee gees, mike oldfield, janet jackson, queen, enya, kraftwerk, elvis presley, apoptygma berzerk, enigma, prince, the rolling stones, rammstein, james brown, george michael, the beach boys, avril lavigne, scooter, rihanna
jack johnson, dave matthews band, david gray, john mayer, ben harper, ray lamontagne, damien rice, coldplay, erykah badu, john legend
zero 7, morcheeba, captain beefheart & his magic band, stars, sia, the white stripes, black sabbath, the black keys, nouvelle vague, pink floyd, sneaker pimps, billie holiday, goldfrapp, josé gonzález, belle and sebastian, the new pornographers
him, metallica, nas, chris cornell, lynyrd skynyrd, cypress hill, disturbed, rammstein, akon
mike oldfield, r?yksopp, orbital, boards of canada, daft punk, the cinematic orchestra, air, vangelis, the police, autechre, plaid, kraftwerk, johann sebastian bach, morcheeba
lykke li, alicia keys, death cab for cutie, 50 cent, peter bjorn and john, robyn, oasis, timbaland, kate nash, jay-z, kanye west, amy winehouse, nelly furtado, the kooks, enrique iglesias, plain white ts, the killers, the verve, usher
lady gaga, enrique iglesias
explosions in the sky, sigur rós, massive attack, dj shadow, sneaker pimps, barenaked ladies, stereolab, aesop rock, slowdive, third eye blind, air, ben folds, broken social scene, morcheeba, the flashbulb, the shins
antony and the johnsons, the killers, cat power, radiohead, coldplay, fleet foxes, the beatles, the cure, belle and sebastian, jack johnson, the last shadow puppets, the postal service, the smiths, wilco, sonic youth, arctic monkeys, bob dylan, beck, jason mraz, mando diao, keane, frank sinatra, the kooks, kings of leon
tom waits, seeed, die ?rzte, robbie williams
the academy is..., britney spears, motion city soundtrack, m.i.a., cute is what we aim for, all time low, regina spektor, brand new, arctic monkeys, cobra starship, say anything, the hush sound
ramones, less than jake, the strokes, faith no more, my chemical romance, system of a down, mika, misfits, scissor sisters, the smiths, danny elfman
madonna, various artists, abba, the beatles, evanescence, u2, moby, sarah mclachlan, linkin park, chris cornell, radiohead, gotan project, coldplay, pink floyd, george michael, the cranberries, pink martini, norah jones, dido, queen, depeche mode, pink, shakira, roxette, pixies, a-ha, the offspring, rilo kiley, robbie williams, no doubt
t.a.t.u., funeral for a friend, avril lavigne, babyshambles, lily allen, the rapture, panic! at the disco, the kooks, paramore, boys like girls, lostprophets, hilary duff, the libertines, the gossip, ashlee simpson
[unknown], neutral milk hotel, the beatles, bad religion, bathory, tool
nine inch nails, autechre, cradle of filth, high contrast, télépopmusik, linkin park, aphex twin, skinny puppy
the beatles, frou frou, ludwig van beethoven, stars, ludacris, coldplay, kanye west, t.i., the cranberries, gym class heroes
boards of canada, bad religion, massive attack, motion city soundtrack, manowar, the doors, bonobo, green day, mindless self indulgence, flogging molly, minus the bear, metric, millencolin, gorillaz, alice in chains, at the drive-in, amon tobin, a perfect circle, bring me the horizon, dir en grey, porcupine tree, from autumn to ashes, anti-flag, placebo, red hot chili peppers, jedi mind tricks, coheed and cambria
toto, matchbox twenty, bon jovi, dido, onerepublic, queen, snow patrol, [unknown], coldplay, jimmy eat world
ac/dc, blur, jurassic 5, fatboy slim, the police, foo fighters, kings of leon, gwen stefani, queen, simian mobile disco, franz ferdinand, lcd soundsystem
at the drive-in, comeback kid, the dillinger escape plan, portishead, deftones, the fall of troy, god is an astronaut, dj shadow, all shall perish, converge, the black dahlia murder, mastodon, katatonia, the smashing pumpkins
the prodigy, type o negative, infected mushroom, mot?rhead, orbital, daft punk, judas priest, misfits, cypress hill, sigur rós, the doors, metallica, queen, massive attack, the white stripes, rage against the machine, rammstein, tom waits
mastodon, the black dahlia murder, 36 crazyfists, pantera, strapping young lad, queens of the stone age, coheed and cambria, tool, converge, god is an astronaut, brand new, system of a down, deftones, sepultura, sublime, gojira, children of bodom, blink-182, dashboard confessional, isis, explosions in the sky, morbid angel, thrice, mudvayne, fear factory, death cab for cutie
cocorosie, ryan adams, belle and sebastian, led zeppelin, the smiths, the smashing pumpkins, bj?rk, circa survive, tom waits, beck, misfits, justice, pink floyd, god is an astronaut, beastie boys, portishead, the arcade fire, feist, silverchair, devendra banhart, jeff buckley, architecture in helsinki, him, amy winehouse, incubus, kings of convenience
tegan and sara, belle and sebastian, alkaline trio, bright eyes, ashlee simpson, dashboard confessional, blink-182, say anything, mae, against me!, fall out boy, broken social scene, saves the day, the beatles, britney spears, lily allen, ryan adams, eminem, the blood brothers, the mars volta, kanye west, frank sinatra, rilo kiley, explosions in the sky, the faint, coheed and cambria, saosin, beirut, vampire weekend, eels, 50 cent, hellogoodbye
nightwish, heaven shall burn, bloodbath, sodom, bathory, bullet for my valentine, bob marley, trivium, pendulum, panic at the disco, red hot chili peppers, infected mushroom, sonata arctica, sonic syndicate
angels & airwaves, panic at the disco, blink-182, beyoncé, red hot chili peppers, gym class heroes, fort minor, justin timberlake, moby, the academy is..., basement jaxx, cute is what we aim for, something corporate, coheed and cambria, timbaland, pink, mindless self indulgence
a day to remember, kanye west, the used, bring me the horizon, the dillinger escape plan, the fall of troy, emery, from autumn to ashes, saosin, lamb of god, parkway drive, all that remains, caliban, 36 crazyfists, killswitch engage
r.e.m., the strokes, of montreal, the mars volta
elton john, enya, janet jackson, the clash, abba, nelly furtado, sting, sugababes, dido, enigma
t.i., 50 cent, kanye west, dr. dre, nas
u2, nine inch nails
nightmares on wax, burial, boards of canada, crystal castles, squarepusher, bloc party, ladytron, calvin harris, r?yksopp, high contrast, thievery corporation, four tet, autechre, dizzee rascal, st. germain, aphex twin, air
paramore, evanescence, iron & wine, tegan and sara, taylor swift, t.a.t.u., jennifer lopez, avril lavigne, within temptation, the distillers, system of a down
afi, johnny cash, the cure, ramones, rancid, rob zombie, elvis presley
backstreet boys, enya
genesis, katatonia, van halen, blind guardian, as i lay dying, scar symmetry, black label society, def leppard, dark tranquillity, pain of salvation, testament, nickelback, black sabbath, deep purple, ac/dc
jeff buckley, iggy pop, portishead, misfits, lou reed, nirvana, joy division
chico buarque, jimi hendrix, caetano veloso, los hermanos, black sabbath
deerhunter, animal collective, cut copy, boards of canada, burial, hercules and love affair, junior boys, hot chip, bonnie prince billy, nightmares on wax, the books, flying lotus, the smiths, peter bjorn and john, santogold, pavement, battles, justice, prefuse 73
frank zappa, marilyn manson, judas priest, miles davis, johann sebastian bach, captain beefheart & his magic band, mot?rhead, metallica, ac/dc, scorpions, neil young, iron maiden, johnny cash, manowar, king crimson, r.e.m., tool, bob dylan, ramones, napalm death, philip glass
radiohead, aphex twin, sigur rós, death cab for cutie, my bloody valentine, joy division, nine inch nails, sonic youth
pixies, bright eyes, the libertines, the strokes, babyshambles, morrissey, seether, arctic monkeys, the distillers, travis, the killers, manic street preachers, the dresden dolls, green day, modest mouse, tegan and sara, lifehouse, einstürzende neubauten, kaiser chiefs, hot hot heat, my chemical romance, muse, pj harvey, pavement, the offspring, oasis, the kooks, rancid, the breeders, ska-p, sum 41, jefferson airplane, metric, neutral milk hotel, the smashing pumpkins, pearl jam, mgmt
kult, tool, yann tiersen, social distortion, the kooks, ulver, joy division, the subways, cat power, bathory, happysad, amon amarth, in flames, dark tranquillity, mindless self indulgence, massive attack, jimi hendrix, my dying bride, porcupine tree, marilyn manson, breaking benjamin, fall out boy, rob zombie, [unknown], damien rice, sigur rós, archive
madlib, kings of convenience, millencolin, the kooks, madness, streetlight manifesto, cocorosie, mf doom
radiohead, devendra banhart, justice, deerhoof, thom yorke, animal collective, the flaming lips, booka shade, cut copy, the mars volta, foals, aphex twin, of montreal, calvin harris, digitalism, crystal castles, deerhunter, bj?rk, hercules and love affair, hot chip, portishead, battles, bob marley & the wailers, prefuse 73, girl talk, venetian snares, jamiroquai, beirut, flying lotus, antony and the johnsons, beck, pink floyd, santogold
linkin park, slipknot, limp bizkit, eminem, tenacious d, koЯn, muse, godsmack, lamb of god, busta rhymes, system of a down, sean paul, happysad, timbaland, lordi, disturbed, black eyed peas, red hot chili peppers, mudvayne, avril lavigne, gentleman, akurat, static-x, gorillaz, nickelback, the offspring, damian marley, cypress hill
billy joel, cold war kids, the beatles, eric clapton, the white stripes, r.e.m., ben folds, garbage, placebo, u2, queen, cake, the killers, simon & garfunkel, jamiroquai, madness
miles davis, jack johnson, led zeppelin, pink floyd, st. germain, john mayer, otis redding, the rolling stones, aerosmith, guns n roses, various artists, jimi hendrix, jethro tull, foo fighters, metallica, norah jones, stevie wonder, the herbaliser, iron maiden, james brown, van morrison, ray charles, u2, joss stone, red hot chili peppers, van halen, madonna, james morrison, ac/dc, depeche mode, the police, nina simone, charlie parker, louis armstrong, robbie williams, nirvana, the beatles, morcheeba, the cure
the beatles, m. ward, elliott smith, bob dylan, radiohead, van morrison, the shins, death cab for cutie, coldplay, johnny cash, paul mccartney, otis redding, ray lamontagne, aretha franklin, damien rice, ben folds, paul simon, bruce springsteen, iron & wine, bon iver, talking heads, the decemberists, neil young, band of horses, stevie wonder, eels, joni mitchell, the flaming lips, the new pornographers
the smiths, david bowie, dinosaur jr., sonic youth, lou reed, joy division, buzzcocks, the velvet underground, siouxsie and the banshees, bad brains, pixies, ramones, faith no more, the cure, the clash, the rolling stones, pj harvey, new order, misfits, kate bush, black flag, morphine, tom waits, bauhaus, mot?rhead, devo, public enemy, the jimi hendrix experience, de la soul, alice in chains, pavement, the beatles, depeche mode, the jesus and mary chain, cream, alice cooper
muse, billy joel, bad religion, green day, roxette, my chemical romance, strapping young lad, tenacious d, pain, blur, queen, paramore, scissor sisters, nick cave and the bad seeds, philip glass, manic street preachers, no doubt, foo fighters, faith no more, pet shop boys, massive attack, danny elfman, dream theater, velvet revolver, pulp
ratatat, the whitest boy alive, the white stripes, daft punk, chromeo, death from above 1979, cut copy, kanye west, madvillain, the presets, n*e*r*d, elvis presley, cold war kids, hot chip, hercules and love affair, mgmt, justice, the smashing pumpkins, kaiser chiefs, death cab for cutie, simian mobile disco, gorillaz, kings of leon, r?yksopp, klaxons, arctic monkeys, faith no more, peaches, foals, the rapture, weezer, crystal castles, cake, bloc party, metric, the chemical brothers, muse
pink floyd, massive attack, aphex twin, moloko, tool, squarepusher, joe satriani, air, radiohead, audioslave, john coltrane, rage against the machine, r?yksopp, portishead, opeth, guano apes, porcupine tree, lamb, télépopmusik, autechre, de-phazz, herbie hancock, groove armada, the police
ashlee simpson, kate nash, alicia keys, hooverphonic, girls aloud, the veronicas, rihanna, coldplay, kelly clarkson, garbage, britney spears, katy perry, alanis morissette, christina aguilera, onerepublic, radiohead, lykke li, lily allen, the ting tings, adele, regina spektor, jimmy eat world, foo fighters, dido, avril lavigne, robyn, groove armada
bloodhound gang, eminem, the rolling stones, the hives, nelly furtado, linkin park, oasis, queen, bryan adams, robbie williams, the cranberries
def leppard, van halen, bon jovi, iron maiden, scorpions, queen, alice cooper, the rolling stones, skid row, ozzy osbourne, ac/dc, joe satriani, the police, kiss, guns n roses, marillion, m?tley crüe, metallica, the beatles, deep purple, journey, radiohead
the libertines, the smiths, the stone roses, gorillaz, the verve, the clash, flogging molly, manic street preachers, the who, morrissey, joy division, ramones, the streets, david bowie, the rolling stones, dropkick murphys, kasabian, the bravery, u2, the jam, dead kennedys, red hot chili peppers, talking heads, the white stripes, nick drake, babyshambles, franz ferdinand
michael jackson, mary j. blige, mariah carey, james brown, christina aguilera, snoop dogg, 2pac, the pussycat dolls, dr. dre, usher, bob marley, busta rhymes, de la soul, robbie williams, aretha franklin, damian marley, dmx, alicia keys, notorious b.i.g.
judas priest, ac/dc, rainbow, the beatles, deep purple, iron maiden, metallica, rammstein, pink, in flames, black sabbath, queen, nightwish, michael bublé, led zeppelin, joe satriani, dream theater, bee gees, fleetwood mac, kiss, pink floyd, van halen, gamma ray, daft punk, lacuna coil, abba
notorious b.i.g., led zeppelin, ac/dc, mf doom, queen, testament, anthrax, sodom, aerosmith, nas, kreator, slayer, def leppard, dream theater, metallica, sepultura, the rolling stones, dr. dre, mot?rhead, pink floyd, the beach boys
type o negative, the 69 eyes, deathstars, pain, amorphis, moonspell, paradise lost, sonata arctica, placebo, the rasmus, rammstein, finntroll, sentenced, black sabbath, korpiklaani, ensiferum, stratovarius, tiamat
metallica, rammstein, judas priest, eminem, arch enemy, muse, avantasia, megadeth, iron maiden, kmfdm, dead kennedys, sonata arctica, anthrax, red hot chili peppers, ozzy osbourne, system of a down
cat power, the beatles, kings of leon, kanye west, bon iver, bob dylan, andrew bird, the rolling stones, coldplay, radiohead, death cab for cutie, talib kweli, ray lamontagne, band of horses, elliott smith, sufjan stevens, van morrison, bright eyes, common, my morning jacket, m. ward, fleetwood mac, tokyo police club, nick drake, stevie wonder, dashboard confessional, beck, vampire weekend, iron & wine, damien rice, spoon, nina simone, the black keys, belle and sebastian, the smashing pumpkins, feist, the strokes
u2, prince, duran duran, def leppard, queen, the cure, genesis, a-ha, iggy pop, david bowie, ozzy osbourne, elton john, faith no more, talking heads, ramones, black sabbath, van halen, the clash, r.e.m., alice cooper, bon jovi, m?tley crüe, kraftwerk, siouxsie and the banshees, eagles, lou reed
tenacious d, kings of leon, johnny cash, amy macdonald, wu-tang clan, ne-yo, cypress hill, led zeppelin, rammstein, moby, bob dylan, nirvana, damian marley, marilyn manson, regina spektor, him, bruce springsteen, timbaland, air, snoop dogg, deep purple, alice cooper, black sabbath
death cab for cutie, andrew bird, minus the bear, miles davis, counting crows, the beatles, frank zappa, wilco, grizzly bear, the mars volta, tom petty and the heartbreakers, broken social scene, radiohead, norah jones, elliott smith, nada surf
siouxsie and the banshees, echo & the bunnymen, the sisters of mercy, talking heads, pixies, skinny puppy, tricky, underworld, boards of canada, cocteau twins, ladytron, oasis, aphex twin, einstürzende neubauten, the smiths, coldplay, peter gabriel, mogwai, morrissey, the beatles, u2, apoptygma berzerk, massive attack
the beatles, the who, dragonforce, stratovarius, hammerfall, nightwish, johnny cash, dropkick murphys, michael bublé, queen
black rebel motorcycle club, the raconteurs, the subways, kings of leon, hot hot heat, jet
bonobo, thrice, kings of convenience, jason mraz, rise against, three days grace, the beatles, the cinematic orchestra, red hot chili peppers, belle and sebastian, millencolin, kings of leon, chevelle, interpol, outkast, bob marley & the wailers, slipknot, a tribe called quest, max?mo park, jack johnson, thursday, pennywise, billy talent, bloc party, immortal technique, emery, blur, green day, jurassic 5, fugazi, the fratellis, koop
pendulum, linkin park, paramore, papa roach, fall out boy, senses fail, alexisonfire, emery, 3 doors down, say anything, flyleaf, cute is what we aim for, p.o.d., high contrast, limp bizkit, city and colour, nickelback, atreyu, lostprophets, panic at the disco, funeral for a friend, alkaline trio, underoath, groove armada, arctic monkeys, alanis morissette, the kooks, adema, new found glory
depeche mode, burial, enigma, shpongle, the future sound of london, boards of canada, kosheen, crystal castles, ennio morricone, orbital, 2pac, pet shop boys, phil collins, underworld
the sounds, rancid, weezer, blink-182, the veronicas, gamma ray, nofx, the hives, moby, vampire weekend, ramones, the killers, the who, blondie, manu chao, children of bodom, girls aloud, madonna, nightwish, amy macdonald, m.i.a., muse, feeder, bruce springsteen, kate nash, rjd2, tegan and sara
30 seconds to mars, a-ha, pink floyd, the beatles, paramore, circa survive, muse, coheed and cambria, the killers, koЯn, silverchair, my chemical romance, queen, david gray, beyoncé, depeche mode, panic! at the disco, skillet, deftones, evanescence, arctic monkeys, ac/dc, nine inch nails, abba, bj?rk, pet shop boys, duffy, coldplay, madonna, incubus, kylie minogue, peter gabriel, aphex twin, avenged sevenfold, pink, u2, michael jackson, timbaland, lostprophets, marilyn manson, the white stripes, avril lavigne, led zeppelin, amy winehouse, david bowie, klaxons, robbie williams, genesis
aerosmith, iron maiden, dio, kiss, black sabbath, alice cooper, bob dylan, rush, grateful dead, elton john, scorpions, the beatles, bruce springsteen, ac/dc, led zeppelin, nick drake, david bowie, eagles, judas priest, queen, creedence clearwater revival, anthrax
katy perry, pink, emilie autumn, rise against, evanescence, mando diao, clueso, millencolin, metro station, peter fox, farin urlaub, converge, amy winehouse, 44, slipknot, muse, anti-flag, flyleaf, paramore, stone sour, volbeat, my chemical romance, enter shikari
james blunt, red hot chili peppers, queen, the smashing pumpkins, coldplay, system of a down, cocorosie, blink-182
[unknown], hammerfall, ac/dc, guns n roses, cascada, rihanna, avril lavigne, eminem, queen, green day, bon jovi, the beatles, anti-flag, mariah carey, bryan adams, simple plan, blink-182, abba, afi, lordi, john lennon, scorpions, alice cooper, the offspring
soundgarden, r?yksopp, radiohead, the smashing pumpkins, jack johnson, dave matthews band, alice in chains, thomas newman, limp bizkit, muse, live, pearl jam, the doors, bush, 311, tenacious d, busta rhymes, metallica
bob dylan, joanna newsom, beck, jurassic 5, beastie boys, massive attack, al green
arcade fire, radiohead, pendulum, nouvelle vague, foo fighters, lostprophets, eels, daft punk, mgmt, the killers, bonobo, the go! team, manic street preachers, avenged sevenfold, band of horses, slipknot, crystal castles, my chemical romance, boys noize, the prodigy, n*e*r*d, pantera, the smashing pumpkins, the album leaf, flight of the conchords, queens of the stone age, amy winehouse, nick cave and the bad seeds, gogol bordello, tom waits, the national, the cure
the smashing pumpkins, foo fighters, skillet, billy talent, dave matthews band, third eye blind, linkin park, anberlin, green day, red hot chili peppers, muse, switchfoot, rise against, panic at the disco, basement jaxx, chevelle, blink-182, evanescence, nine inch nails, gorillaz, hard-fi, beck, tom petty and the heartbreakers, afi, garbage, incubus, jimmy eat world, ok go, the all-american rejects, social distortion, nirvana, brand new, franz ferdinand, bad religion
blind guardian, stratovarius, manowar, pantera, sonata arctica, pearl jam, van halen, iron maiden, the who, alice cooper, led zeppelin, pink floyd, black label society, bon jovi, kyuss, tool, porcupine tree, apocalyptica, counting crows, kamelot, the cure, rhapsody of fire, the 69 eyes, a perfect circle, m?tley crüe, manic street preachers
the smiths, ben harper, rage against the machine, seeed, pennywise, nightwish, u2, kiss, radiohead, genesis, green day
air, beastie boys, the chemical brothers, kosheen, apocalyptica, the prodigy, aimee mann, johnny cash, the future sound of london, lcd soundsystem, the postal service, the ting tings, led zeppelin, herbie hancock, mf doom, radiohead, peaches, unkle, ben folds, dj shadow
burial, cunninlynguists, the roots, nine inch nails, bloc party, john legend, t.i., aesop rock, david guetta, the go! team, green day, nas, cypress hill, the prodigy, kanye west, u2, atmosphere, sufjan stevens, nirvana, girl talk, common, lupe fiasco, wu-tang clan, bob marley & the wailers, 2pac, rage against the machine, queen, faithless, norah jones, nelly furtado, j dilla, beyoncé, rjd2, asian dub foundation, mark ronson, moby, linkin park, timbaland
ac/dc, los hermanos, bad religion, mot?rhead, the smashing pumpkins, nofx, foo fighters, the strokes, led zeppelin, the cure, the killers, pearl jam, black sabbath, nirvana, system of a down, sepultura, millencolin, alice in chains, u2, arctic monkeys, dire straits, the smiths, joy division, metallica, anti-flag
infected mushroom, nas, busta rhymes, michael jackson
radiohead, queen, coldplay, the beatles, porcupine tree, john mayer, the doors, damien rice, jack johnson, muse, led zeppelin, bob dylan, ray charles, eddie vedder, iron & wine, pink floyd, jimi hendrix, red hot chili peppers, death cab for cutie, ella fitzgerald, the kinks, eagles, portishead, jamie cullum, elvis presley, travis, chet baker, simon & garfunkel, thom yorke, audioslave, beck, norah jones
joy division, modest mouse, coldplay, placebo, nirvana, red hot chili peppers, portishead, the killers, tom waits, the white stripes, incubus, yann tiersen, system of a down, metallica, snow patrol, guano apes, the cardigans, radiohead, travis, pink floyd
goldfinger, madness
arcade fire, the kooks, cansei de ser sexy, crystal castles, cat power, the kills, arctic monkeys, the libertines, joy division, the cribs, yeah yeah yeahs, kings of leon
tori amos, enya, loreena mckennitt, céline dion, sarah mclachlan, dido, aimee mann
angra, lordi, rammstein, lynyrd skynyrd, ramones, guns n roses, epica, lacuna coil, nightwish, helloween, bon jovi, flogging molly, the beatles, basshunter, ozzy osbourne, avantasia, jack johnson, pink floyd, the offspring, edguy, hammerfall, nirvana, the birthday massacre, marilyn manson, audioslave, megadeth, rhapsody of fire, red hot chili peppers, iced earth, michael jackson, scorpions, mot?rhead, rush, stratovarius, dropkick murphys, dire straits
red hot chili peppers, bob marley, the streets, franz ferdinand, the knife, frank sinatra, rammstein, kaiser chiefs, ghostface, myslovitz, ennio morricone, nelly furtado, britney spears, justin timberlake, mary j. blige, r?yksopp, bloodhound gang, u2, akurat, christina aguilera, the killers, cut copy, sara bareilles, kylie minogue, moby, chromeo, creedence clearwater revival, digitalism, sean paul
tool, queens of the stone age, pink floyd, metallica, sigur rós, the strokes, radiohead, massive attack, the subways, bonnie prince billy, clint mansell, arcade fire, ac/dc, system of a down, unkle, kings of leon, interpol, gorillaz, rage against the machine, cat power, wilco, the beatles, nirvana, antonio vivaldi, michael jackson, pj harvey, neil young, portishead, daft punk, david bowie, air, god is an astronaut, nightwish, sonic youth, amy winehouse, muse
anti-flag, against me!
elton john, céline dion, the beatles, david bowie, keane, pet shop boys, rhapsody of fire, scorpions, nelly furtado, roxette, franz ferdinand, van morrison
3 doors down, system of a down, linkin park, timbaland, red.jumpsuit.apparatus, amy macdonald, robbie williams, the distillers, marilyn manson, cradle of filth, avril lavigne, good charlotte, red hot chili peppers, jimmy eat world, kelly clarkson, sonic syndicate, nightwish, scar symmetry, the clash, radiohead, onerepublic, hoobastank
nine inch nails, linkin park, eagles of death metal, foo fighters, queens of the stone age, the smashing pumpkins, deftones, deus, the mars volta, mogwai, red hot chili peppers, muse, the killers, a perfect circle, black rebel motorcycle club, mgmt, velvet revolver, system of a down, guns n roses, oasis, rammstein, death from above 1979, editors, tool, incubus, led zeppelin, radiohead, kings of leon, franz ferdinand, interpol
imogen heap, frou frou, the new pornographers, beck, the who, counting crows, metric, avenged sevenfold, alkaline trio, the shins, the cranberries, coldplay, the cure, r.e.m., nelly furtado, 3 doors down
radiohead, sufjan stevens, ben folds, the beatles, the shins, the national, elliott smith, coldplay, jack johnson, bright eyes, beck, iron & wine, the arcade fire, interpol, m. ward, nick drake, sigur rós, death cab for cutie, andrew bird, modest mouse, gorillaz, broken social scene, bob marley, grateful dead, kings of convenience, john lennon, john mayer, sage francis, mew, the killers, the new pornographers, muse, shout out louds, dashboard confessional, belle and sebastian, the strokes, bloc party, fleet foxes
explosions in the sky, radiohead, mogwai, 65daysofstatic, low, sigur rós, arcade fire, slowdive, deerhunter, m83, the jesus and mary chain, animal collective, battles, tv on the radio, the notwist, godspeed you! black emperor, hot chip, okkervil river, final fantasy, the radio dept.
september, david guetta, madonna, my chemical romance, cascada, kt tunstall, katy perry, nickelback, the all-american rejects, breaking benjamin, britney spears, shakira, jamiroquai, good charlotte, jimmy eat world, mando diao
placebo, beastie boys, the subways, the offspring, muse, amon tobin, limp bizkit, sum 41, venetian snares, slipknot, nine inch nails, the cardigans, fall out boy, ti?sto, bloc party, adema, boards of canada, ludacris, audioslave, linkin park, the prodigy, foo fighters, breaking benjamin, sean paul, the crystal method, paramore, r?yksopp, kosheen, good charlotte, shpongle, papa roach, mgmt, 30 seconds to mars
tom waits, skinny puppy, frank zappa, wu-tang clan, cypress hill, neil young, sonic youth, my bloody valentine, ministry, joy division, king crimson, faith no more, pj harvey, david bowie, philip glass, ghostface, leonard cohen, autechre, aesop rock, jedi mind tricks, the breeders, pixies
ayreon, opeth, jethro tull, emery, dream theater, cannibal corpse, morbid angel, megadeth, apocalyptica, thin lizzy, as i lay dying
the sounds, muse, anberlin, imogen heap, sonic syndicate, enya, paramore, lady gaga, pain, nightwish, killswitch engage, basshunter, seether
sonic youth, otis redding, joy division, interpol, bonnie prince billy, the cribs, portishead
underworld, mogwai, the beatles, david bowie, tom waits, sonic youth, kings of leon, unkle, burial, primal scream, pixies, public enemy, black rebel motorcycle club, amon tobin, the fall, arctic monkeys, led zeppelin, the pogues, the kinks, the jam, nightmares on wax, oasis, beck, the rolling stones, mos def, the fratellis, god is an astronaut, joy division, gorillaz, the arcade fire, amy winehouse, eric clapton, kasabian
tracy chapman, alicia keys, norah jones, sarah mclachlan, beyoncé, coldplay, john mayer, sade, journey, 2pac, belle and sebastian, band of horses, matchbox twenty, bob marley, bob marley & the wailers, bat for lashes, common, junior boys, seal, alanis morissette, bj?rk, tegan and sara, kanye west, katy perry, otis redding, atmosphere, kelly clarkson, the knife, black eyed peas, michael jackson, beastie boys, snoop dogg, spice girls, ladytron, christina aguilera
bad religion, millencolin, pennywise, afi, misfits, social distortion, nofx, anti-flag, rise against, comeback kid, lagwagon, rancid, ska-p, descendents, refused
rammstein, oomph!, metallica, avril lavigne, in flames, slipknot, nightwish, soilwork, lacuna coil, children of bodom, hans zimmer, ennio morricone, linkin park, sonata arctica, scar symmetry, evanescence, dream theater, 36 crazyfists, 30 seconds to mars, my chemical romance, norther, lamb of god, pendulum, dark tranquillity, trivium
air, emilie simon, bj?rk, amon tobin, yann tiersen, the white stripes, mr. scruff, the beatles, the herbaliser, ella fitzgerald, justice, feist, nouvelle vague, eminem, norah jones, lady gaga, radiohead, amy winehouse, tortoise
blind guardian, rhapsody of fire, all shall perish, symphony x, dethklok, heaven shall burn, hypocrisy, stratovarius, the shins, eluveitie, dream theater, nile, amon amarth, kamelot, equilibrium, lamb of god, meshuggah, hot hot heat
pendulum, lily allen, kylie minogue, linkin park, goldfrapp, mark ronson, morrissey
muse, system of a down, the cranberries, dead can dance, the beatles, garbage, koЯn, nirvana, placebo, nightwish, pink, ashlee simpson, evanescence, the cardigans, avril lavigne, scissor sisters, t.a.t.u., metallica, oasis, pink floyd, marilyn manson
calexico, kings of convenience, beirut, camera obscura, god is an astronaut, mono
led zeppelin, tool, bloodbath, lamb of god, rage against the machine, queens of the stone age, morbid angel
anathema, myslovitz, enigma, happysad, sonata arctica, linkin park, tarja turunen, ayreon, bruce springsteen, marillion, snow patrol, dire straits, howard shore, lacuna coil, mike oldfield
muse, jennifer lopez, the pussycat dolls, lady gaga, duffy, kylie minogue, rihanna, amy macdonald, arctic monkeys, amy winehouse, tricky, joy division, coldplay, no doubt, ashlee simpson, abba, gwen stefani, linkin park, leona lewis, justin timberlake, clint mansell, katy perry, radiohead, 30 seconds to mars, duran duran, shakira, travis, the verve, black eyed peas, nelly furtado, maroon 5
einstürzende neubauten, nine inch nails, pantera, the rolling stones, deus, slayer, amy winehouse, placebo, babyshambles, bright eyes, interpol, portishead, the hives, marilyn manson, the strokes, max?mo park, editors, franz ferdinand, the libertines, muse, arctic monkeys, the killers, beirut, adam green, the streets, depeche mode, turbonegro, the notwist, eels, the sisters of mercy
him, apoptygma berzerk, guns n roses, the 69 eyes, prince, m?tley crüe, a perfect circle, aerosmith, kiss, afi, vnv nation, faith no more, velvet revolver, duran duran, anathema, red hot chili peppers, talking heads, the sisters of mercy, manic street preachers, lacuna coil, sneaker pimps, iamx, avenged sevenfold, the faint, misfits, depeche mode, goldfrapp, david bowie, skid row, tool, type o negative
john mayer, norah jones, rilo kiley, kt tunstall, groove armada, sia, snow patrol, alicia keys, garbage, david gray, lily allen, diana krall, coldplay, feist, jem, air, hard-fi, damien rice, stereophonics, red hot chili peppers, de-phazz, fatboy slim, the cranberries, sarah mclachlan, keane, aimee mann, basement jaxx, goo goo dolls, travis, bloc party, imogen heap
b?hse onkelz, the offspring, blink-182, linkin park, papa roach, billy talent, breaking benjamin, basshunter
bob marley, cypress hill
ska-p, the fratellis, green day, manu chao, sum 41, avril lavigne, blink-182, koЯn, fatboy slim, akurat, garbage, u2, foo fighters, various artists, pearl jam, bob marley & the wailers, pink floyd
skinny puppy, depeche mode, nine inch nails, kmfdm, loreena mckennitt
t.a.t.u., r?yksopp, guano apes, sum 41, linkin park, my chemical romance, coldplay, him, audioslave, bj?rk, evanescence, the cranberries, hoobastank, red hot chili peppers, muse, the killers, the prodigy, the white stripes, moloko, foo fighters, basshunter, faithless, 3 doors down, no doubt, stratovarius, death cab for cutie, anathema, die toten hosen
pink martini, emilie simon, misfits, janis joplin, cat power, the decemberists, édith piaf, system of a down, type o negative, pj harvey, bj?rk, lacuna coil, danny elfman, pantera, portishead, cradle of filth, rammstein, the birthday massacre, alice in chains, red hot chili peppers
arctic monkeys, band of horses, morrissey, the doors, the white stripes, ryan adams, the kooks, sufjan stevens, black rebel motorcycle club, mgmt, coldplay, the killers, hot chip, the libertines, adam green, kent, belle and sebastian, the shins, vampire weekend, elliott smith, modest mouse, the cribs, david gray, bloc party, bright eyes, cansei de ser sexy, anna ternheim, ramones, the postal service, cocteau twins, the magnetic fields, babyshambles, the raconteurs, johnny cash, of montreal, the hives, yeah yeah yeahs, lily allen, klaxons
phoenix, belle and sebastian, burial, nightmares on wax, apparat, the national, deus, bonnie prince billy, mogwai, booka shade, the last shadow puppets
soulfly, sublime, blink-182, disturbed, the offspring, hatebreed, drowning pool, red hot chili peppers, bob marley, flogging molly, avril lavigne, alexisonfire, slipknot, iron maiden, minor threat, godsmack
breaking benjamin, apocalyptica, linkin park, epica, skillet, avenged sevenfold, metallica, anberlin, disturbed, nightwish, sigur rós, 30 seconds to mars, system of a down, koЯn, happysad, drowning pool, my chemical romance, the rasmus, lady gaga, guano apes, sugarcult, howard shore, onerepublic, clint mansell, serj tankian, hoobastank, saosin, foo fighters, papa roach, hammerfall, evanescence, good charlotte, matchbox twenty, the chemical brothers, the rolling stones, u2, enter shikari, atb, hans zimmer, akurat, him
james blunt, led zeppelin, jethro tull, bruce springsteen, supertramp, electric light orchestra, the who, fleetwood mac, pink floyd, deep purple, the rolling stones, billy joel, aerosmith, journey, eric clapton, rush, tom petty and the heartbreakers
sigur rós, muse, biffy clyro, mogwai, josé gonzález, coheed and cambria, nine inch nails, pj harvey, ray charles, tool, kate nash, from autumn to ashes, jeff buckley, against me!, anathema, moby, seether, band of horses, the dresden dolls, the raveonettes, thursday
nouvelle vague, duffy, gnarls barkley, the knife, thievery corporation, tosca, high contrast, mark ronson, kings of leon, de-phazz, blank & jones
tenacious d, queen, peter fox, dire straits, sum 41, red hot chili peppers, jamiroquai, ac/dc, michael bublé, genesis, bad religion, santana, die ?rzte, seeed, maroon 5, system of a down, george michael, depeche mode, lynyrd skynyrd, michael jackson
incubus, boards of canada, jack johnson, prefuse 73, radiohead, amy winehouse, mobb deep, death cab for cutie, nas, pink floyd, jedi mind tricks, cunninlynguists, morcheeba, guns n roses, squarepusher
kosheen, atb, nelly furtado, sarah mclachlan, garbage, the killers, the cranberries, tool, a-ha, bryan adams, moloko, depeche mode, róisín murphy, hooverphonic, pj harvey, the bravery, tricky, lamb, faithless, gorillaz, blank & jones, justin timberlake, duran duran, bloc party, tori amos, ani difranco, benny benassi, coldplay, goldfrapp
hey, myslovitz, massive attack, sigur rós, apocalyptica, red hot chili peppers, michael jackson, zero 7, marilyn manson, placebo, yeah yeah yeahs, guano apes, the beatles, iamx, interpol, madonna, portishead, frou frou, kate nash, morcheeba, refused
bob marley, razorlight, groove armada, daft punk, john legend, maroon 5, john williams, prince, justin timberlake, blur, frank sinatra, moby, george michael, kanye west, michael jackson, the fratellis, franz ferdinand, nelly furtado, norah jones, kaiser chiefs, soundtrack, coldplay
ben folds, the academy is..., cobra starship, ben folds five, fall out boy, brand new, panic at the disco, paramore, all time low, the white stripes, britney spears, miley cyrus, jonas brothers, boys like girls, rage against the machine, kings of leon, rise against, beyoncé, something corporate, john mayer, christina aguilera, arctic monkeys, green day, guns n roses, regina spektor, cute is what we aim for, anberlin, taking back sunday, motion city soundtrack, the fray, afi, hilary duff
linkin park, nickelback, the prodigy, robbie williams, queen, serj tankian, faithless, limp bizkit, enrique iglesias, keane, infected mushroom, depeche mode
pink floyd, led zeppelin, bob marley & the wailers, ac/dc, shpongle, jimi hendrix, the doors, mew, snoop dogg, mot?rhead, iron maiden, 2pac, black sabbath, def leppard, deep purple, enigma, slipknot, gym class heroes, kiss, eric clapton, infected mushroom, the prodigy, king crimson, van halen, neil young, the jimi hendrix experience
r.e.m., counting crows, u2, nada surf, eels, elliott smith, the beatles, elton john, bright eyes, bruce springsteen, genesis, death cab for cutie, jason mraz, the police, the shins, pink floyd, doves, bush, my morning jacket, the rolling stones, barenaked ladies, neil young, simon & garfunkel, the who, foo fighters, moby, ben folds
rihanna, the white stripes, evanescence, danny elfman, fort minor
bj?rk, megadeth, muse, kreator, machine head, helloween, the beach boys, fear factory, hatebreed, lamb of god, mastodon, soilwork, pantera, napalm death, chimaira, dimmu borgir, in flames
kings of leon, john frusciante, incubus, beastie boys, sufjan stevens, john mayer, queens of the stone age, red hot chili peppers, stevie wonder, coldplay, the mars volta, led zeppelin, the fray, radiohead, lou reed
lykke li, o.s.t.r., róisín murphy, foals, jens lekman, max?mo park, m.i.a., pink, craig david, arctic monkeys, alicia keys, the rapture, bloc party, the police, nelly furtado, the whitest boy alive, panic at the disco, lily allen, the ting tings, hot chip, scissor sisters, band of horses, justice, kings of leon, sean paul, talking heads, david guetta, [unknown], sting, michael bublé
gotan project, kt tunstall, sara bareilles, kate nash, de-phazz, pink martini, yann tiersen, feist, fiona apple, thievery corporation, regina spektor, st. germain, duffy, sia, tosca, amy winehouse, maria mena, adele, a fine frenzy, colbie caillat, imogen heap, natasha bedingfield, tori amos, air, r?yksopp, electric light orchestra, jem, koop, supertramp, moby, ben folds, joss stone, amy macdonald, corinne bailey rae, dido, télépopmusik, james morrison, leona lewis, massive attack
breaking benjamin, bob dylan, cobra starship, ozzy osbourne, pavement, the national, pixies, tegan and sara, thrice, the magnetic fields, lynyrd skynyrd, johnny cash, louis armstrong, goo goo dolls, 30 seconds to mars, placebo, guided by voices
kaiser chiefs, linkin park, ladytron, the dandy warhols, enya, gorillaz, nelly furtado, roxette, madonna, robbie williams, depeche mode, goldfrapp, daft punk, the chemical brothers, system of a down, a-ha, fatboy slim, franz ferdinand, sugababes, natasha bedingfield, evanescence
queen, alicia keys, air, sting, red hot chili peppers, infected mushroom, bob marley, santana, nirvana, nelly furtado, depeche mode, eric clapton, dire straits, led zeppelin, bryan adams, norah jones, diana krall
bob dylan, supergrass, the specials, cake, the hives, primal scream, jack johnson, maria mena, the raconteurs, tom petty and the heartbreakers, johnny cash, bob marley, beck, queens of the stone age, rancid, eagles of death metal, dio, the clash, ben folds five, adele
beyoncé, sugababes, lady gaga, the pussycat dolls, miley cyrus, kelly clarkson, katy perry, jennifer lopez, amy winehouse, lily allen, amy macdonald, leona lewis, rihanna, christina aguilera, mariah carey, gwen stefani, a fine frenzy, natasha bedingfield, avril lavigne, alicia keys, the ting tings, black eyed peas, shakira, september, jordin sparks, madonna, pink, taylor swift, within temptation, nelly furtado, nightwish, ashlee simpson, kylie minogue
the flaming lips, deerhoof, captain beefheart & his magic band, pj harvey, ennio morricone, the cure, nick cave and the bad seeds, my bloody valentine, elliott smith, radiohead, the knife, the magnetic fields, fugazi, the beach boys, regina spektor, modest mouse, neil young, depeche mode, alkaline trio, buzzcocks, bj?rk, low, tom waits, kraftwerk, blonde redhead, the fall
anti-flag, escape the fate, rancid, three days grace, slipknot, aerosmith, nightwish, rise against, nirvana, bullet for my valentine, machine head, papa roach, less than jake, children of bodom, ramones, helloween, him, ac/dc, the clash, dream theater, nofx, system of a down, avenged sevenfold, alesana, dead kennedys, led zeppelin, the bouncing souls, black flag, trivium, scorpions, sonata arctica, marilyn manson, sex pistols, hammerfall, a day to remember
gwen stefani, lady gaga, cascada, christina aguilera, pink, nelly furtado, kylie minogue, avril lavigne, kelly clarkson, beyoncé, t.a.t.u., timbaland, fergie, gorillaz, ashlee simpson, september, kanye west, spice girls, ne-yo, gnarls barkley, justin timberlake, robyn, david guetta, duffy, leona lewis, groove coverage
nine inch nails, ministry, afi, marilyn manson, machine head, trivium, chimaira, lamb of god, static-x, fear factory, new order, rammstein, pet shop boys, metallica, pantera, meshuggah, children of bodom, skinny puppy, mudvayne, satyricon
arctic monkeys, dark tranquillity, gorillaz, portishead, satyricon, depeche mode, nirvana, tokyo police club, kraftwerk, the last shadow puppets, r?yksopp, vampire weekend, the knife, death, siouxsie and the banshees, interpol, m.i.a., foals, sting, fleet foxes, pet shop boys, editors, hypocrisy, massive attack, agalloch, the beatles, spoon, pink martini, onerepublic, michael jackson, t.a.t.u., burzum, manic street preachers, the pussycat dolls, george michael, arch enemy, dimmu borgir, my dying bride, david bowie, led zeppelin, enrique iglesias, mgmt
50 cent, dizzee rascal, timbaland, black eyed peas, michael jackson, j dilla, john legend, jay-z, david guetta, kanye west, t.i., usher, outkast, justin timberlake
the smiths, sonic youth, van morrison, belle and sebastian, four tet, simon & garfunkel, gorillaz, the beatles, avril lavigne, the white stripes, babyshambles, the stone roses, bloc party, morrissey, the clash, the fall, lcd soundsystem, pet shop boys, the velvet underground, wilco, feist, the rolling stones, hot chip, the cure, buena vista social club, neil young, portishead, simian mobile disco, the chemical brothers, the pogues
tom waits, bruce springsteen, converge, against me!, johnny cash, radiohead, mogwai
the rolling stones, the bouncing souls, the kooks, eric clapton, clueso, frédéric chopin, peter fox, jack johnson, bob dylan, john mayer, rage against the machine, dr. dre, sum 41, billy joel, babyshambles, the police, jay-z
muse, paramore, the kooks, the killers, mando diao, michael jackson, jason mraz, regina spektor, linkin park, fleet foxes, death cab for cutie, damien rice, mgmt, the fray, the sounds, eddie vedder, vampire weekend, the used, h?kan hellstr?m, my chemical romance, iron & wine, lykke li, kent, coldplay, hellogoodbye, michael bublé, a fine frenzy, mika, fall out boy, onerepublic, arctic monkeys, james morrison, robyn
abba, hilary duff, evanescence, ashlee simpson, kelly clarkson, sentenced, mariah carey, switchfoot, miley cyrus, christina aguilera
depeche mode, peter bjorn and john, scissor sisters, sneaker pimps, chromeo, the clash, mika, air, the herbaliser, the chemical brothers, new order, portishead, marilyn manson, massive attack, muse, jet, simian mobile disco, kasabian
bon iver, the jesus and mary chain, the white stripes, r.e.m., mirah, pixies, the strokes, the smashing pumpkins, ramones, the pipettes, kate nash, spice girls, robyn, the go! team, ryan adams, avril lavigne, rilo kiley, the knife, tegan and sara, tori amos
radiohead, pixies, nirvana, the beatles, sneaker pimps, the breeders, my bloody valentine, oasis, gorillaz
helloween, scorpions, die ?rzte, bad religion, rise against, gamma ray, the kooks, dream theater, the killers, r.e.m., iron maiden, ayreon, ensiferum, the mars volta, blind guardian, sublime, radiohead, sepultura, children of bodom, system of a down, symphony x, red hot chili peppers, the offspring, manowar, in flames, pearl jam, anti-flag, guns n roses, ska-p
tegan and sara, snow patrol, portishead, against me!, paramore, broken social scene, the knife, sia, arctic monkeys, goldfrapp, damien rice, thrice, peter bjorn and john, placebo, third eye blind, radiohead, the kooks, breaking benjamin, sublime, avril lavigne, m.i.a., metric, billy talent, kt tunstall, the ting tings, massive attack, jimmy eat world, the rapture, the all-american rejects, n*e*r*d, reel big fish, frou frou, lamb, the wombats, lcd soundsystem, evanescence
the beatles, blackfield, lacuna coil, pink floyd, metallica, silverstein, dream theater, maroon 5, paramore, cypress hill, bob dylan, portishead, porcupine tree, ayreon, joe satriani, alanis morissette, evanescence, tool, muse
bruce springsteen, abba, the rolling stones, dire straits, elvis presley, the who, the killers, the raveonettes, arcade fire
city and colour, onerepublic, parkway drive
kiss, bruce springsteen, the beatles, inxs, alicia keys, queen, elton john, madonna, the rolling stones, kate bush, the police, neil young, bj?rk, van morrison, talking heads, kanye west, joni mitchell, sting, simon & garfunkel, pink floyd, ac/dc, david bowie, bob dylan, kylie minogue, led zeppelin, jordin sparks, iggy pop, prince, kraftwerk, u2, lily allen, fleetwood mac, guns n roses, the clash, regina spektor, steely dan, michael jackson, dizzee rascal, new order, avril lavigne, metallica, green day, the jam, morrissey, the doors, devo, abba, the cure, elvis presley, dire straits, radiohead, ice cube
slayer, napalm death, cannibal corpse, hypocrisy, bloodbath, iron maiden, amon amarth, samael, happysad, dethklok, darkthrone, vader, morbid angel, tenacious d, finntroll, korpiklaani, kreator, satyricon, hammerfall, bathory, behemoth, hatebreed
backstreet boys, sentenced, nightwish, gamma ray, sonata arctica, the offspring, guns n roses, groove coverage, serj tankian, enrique iglesias, cascada, dope, bon jovi, bryan adams, dragonforce, blondie, linkin park, mindless self indulgence
devendra banhart, beck, sex pistols, édith piaf, the gossip, the doors, arctic monkeys, the kinks, pink floyd, kings of leon, dirty pretty things, the beatles, david bowie, manu chao, patrick wolf, m.i.a., razorlight, iggy pop, led zeppelin, frédéric chopin, adam green, blur, kasabian, the zombies, the pigeon detectives, madness
system of a down, john frusciante, babyshambles, amy winehouse, lykke li, serj tankian, happysad, arctic monkeys, red hot chili peppers, billy talent, the libertines, hey, koЯn, the last shadow puppets, the beach boys, akurat, pid?ama porno, myslovitz, the subways, mgmt, tool, justice, the used, franz ferdinand, muse, the white stripes, the velvet underground, bob marley, sex pistols, joy division, the raconteurs, coma, daft punk
pain of salvation, the mars volta, ayreon, pj harvey, sigur rós, god is an astronaut, nine inch nails, jethro tull, porcupine tree, ulver, mogwai, blackfield, opeth, the album leaf, katatonia
chris brown, atb, ti?sto, craig david, 50 cent, cascada, depeche mode, lady gaga, linkin park, armin van buuren, rihanna, bon jovi, sabaton
thievery corporation, red hot chili peppers, blink-182, taking back sunday, third eye blind, isis, green day, the beatles, the rolling stones, the roots, arctic monkeys, senses fail, wu-tang clan, sublime, jay-z, my morning jacket, kanye west, cream, the offspring, death cab for cutie, weezer, ben folds, rjd2, linkin park, lupe fiasco, brand new, a tribe called quest, kings of leon, phoenix, coldplay, audioslave, mogwai, soilwork, red.jumpsuit.apparatus, jimi hendrix, t.i., emery, the killers, anathema, bloodhound gang, santogold, notorious b.i.g., matisyahu
alice cooper, dio, rainbow, queensr?che
paramore, disturbed, katy perry, lady gaga, eminem, dir en grey, t.a.t.u., akon, placebo, timbaland, pink, ulver
o.s.t.r., 2pac, eminem, dr. dre, fall out boy
oasis, the rolling stones, red hot chili peppers, green day, kings of leon, queen, the libertines, john lennon, the smiths, the white stripes, the beatles, radiohead, the verve, creedence clearwater revival, arctic monkeys, madonna, coldplay, bob marley & the wailers, depeche mode, stone temple pilots, the strokes, maroon 5, garbage, the cure, the smashing pumpkins, foo fighters, pearl jam, keane, the vines, u2, lenny kravitz, t. rex, inxs
black rebel motorcycle club, kings of leon, kings of convenience, the vines, the kills, the black keys, arctic monkeys, tegan and sara, the hives, kasabian, ladytron, the raconteurs, jack johnson, stereophonics, the beatles, jimi hendrix, the strokes, cat power, the sounds, the rolling stones, death cab for cutie, blur, interpol, the rapture, hot chip, dirty pretty things, beck, metric, the smiths, the subways, sex pistols, the killers
[tegan and sara]
the get up kids, mr. scruff, flying lotus, burial
the killers, placebo, bj?rk, depeche mode, coldplay, limp bizkit, dido, madonna, black eyed peas, alanis morissette, koЯn, portishead
the clash, tom petty and the heartbreakers, johnny cash, led zeppelin, the weakerthans, the who, creedence clearwater revival, frank sinatra, ac/dc, elvis costello, the pogues, nina simone, van morrison
the kooks, burial, the killers, the streets, cunninlynguists, mogwai, rjd2, klaxons, death cab for cutie, the cure, fischerspooner, coldplay, justice, max richter, elliott smith, roots manuva, bob marley
modest mouse, the mountain goats, rilo kiley, belle and sebastian, pixies, cat stevens, stars, electric six, guided by voices, the notwist, death cab for cutie, gorillaz, the weakerthans, pavement, beirut, johnny cash, architecture in helsinki, against me!, the flaming lips, kimya dawson, spoon, the decemberists, bob dylan, daft punk, broken social scene, jurassic 5, ...and you will know us by the trail of dead, mgmt, eels, david bowie
michael bublé, katie melua, diana krall, dido, red hot chili peppers, a-ha, antony and the johnsons, de-phazz, nina simone, norah jones, air, jamie cullum, mary j. blige, gnarls barkley, audioslave, george michael, lou reed, manic street preachers, joss stone, band of horses, erykah badu, missy elliott, alicia keys, john legend, morcheeba, guns n roses, arctic monkeys, madonna, prince
jeff buckley, jason mraz, antony and the johnsons
róisín murphy, the future sound of london, paradise lost, katatonia, depeche mode, bj?rk, tool, anathema, theatre of tragedy, the knife, combichrist, a perfect circle, tricky, dark tranquillity, pet shop boys, massive attack, meshuggah, my dying bride, moloko, u2, nouvelle vague, m.i.a., ladytron, isis, new order, the cure, orbital, kraftwerk
elliott smith, broken social scene, sigur rós, beyoncé, death cab for cutie, phoenix, the sounds, saves the day, the strokes, alkaline trio, misfits, silverchair, bright eyes, brand new, the shins, dr. dre, ne-yo, arcade fire, taking back sunday, tegan and sara, him, iron & wine, john mayer, a day to remember, new found glory, ben folds, shiny toy guns, notorious b.i.g., boys like girls, the smiths
the get up kids, jimmy eat world, cursive, cold war kids, motion city soundtrack, wilco, saves the day, lagwagon, radiohead, millencolin, alkaline trio, elliott smith, the shins, against me!, gym class heroes, the blood brothers, modest mouse, vampire weekend, anti-flag, the postal service, the weakerthans, nada surf, kings of leon, weezer, ok go, refused, foo fighters, built to spill, peter bjorn and john
mando diao, the rolling stones, the sounds, ramones, the clash, the killers, bob dylan, the decemberists, elvis presley, razorlight, the shins, the cardigans, oasis, the hellacopters, paramore, the hives, placebo, feeder, franz ferdinand, the cranberries, the raveonettes, kings of leon, manu chao, the strokes, [unknown], the white stripes, camera obscura, the pipettes, beck, janis joplin, kaiser chiefs, pink floyd
mariah carey, enrique iglesias
the doors, morphine, system of a down, the beatles, jefferson airplane, guano apes, the cure, nine inch nails
iron maiden, judas priest, dio, def leppard, rammstein, ac/dc, slayer, bon jovi, led zeppelin, therion, black sabbath, ozzy osbourne, the who, the doors, epica, system of a down, haggard, the jimi hendrix experience, metallica, nickelback, scorpions, kiss
creed, nirvana, tori amos, ella fitzgerald, katie melua, helloween
sum 41, good charlotte, the offspring, blink-182, slipknot
eric clapton, prince, alicia keys, mariah carey, john legend, aretha franklin, journey, billy joel, helloween, foo fighters, ne-yo, john lennon, queen, seal, maroon 5, lenny kravitz, muse, leona lewis, john mayer, ray charles, aerosmith, avenged sevenfold, coldplay
dropkick murphys, rancid, less than jake, good charlotte, in flames, death cab for cutie, new found glory, sublime, no doubt, boards of canada, anti-flag, eminem, green day, atreyu, mindless self indulgence, bowling for soup, red hot chili peppers, reel big fish, christina aguilera, the shins, from autumn to ashes, chiodos
[gotan project]
the smiths, dead can dance, morrissey, the cure, joy division, bat for lashes, depeche mode, nick cave and the bad seeds, siouxsie and the banshees, cocteau twins
nightwish, a-ha, moonspell, marilyn manson, aerosmith, bruce springsteen, 311
behemoth, cannibal corpse
dj shadow, nick drake, aesop rock, gorillaz, antony and the johnsons, led zeppelin, boards of canada, the streets, flying lotus, the doors, coldplay, bob marley & the wailers, cocorosie, fatboy slim, parov stelar, regina spektor, queen, iamx, jimi hendrix, arcade fire, portishead, the beatles, carla bruni, metallica, akira yamaoka, explosions in the sky, kings of leon, ulver, johnny cash, the velvet underground, bloc party, the police, radiohead, sonic youth
in flames, pendulum, system of a down, cypress hill, ti?sto, basshunter, him, scooter, children of bodom, disturbed, cradle of filth, paul van dyk, infected mushroom, rammstein, cascada
anathema, slipknot, muse, placebo, pink floyd, katatonia, koЯn, stone sour, tiamat, lacuna coil, the decemberists, the last shadow puppets
justin timberlake, rise against, lostprophets, james blunt, eminem, rihanna, kanye west, natasha bedingfield, three days grace, incubus, onerepublic, maroon 5, limp bizkit, panic at the disco, ne-yo, guano apes, system of a down, apocalyptica, stone sour, the smashing pumpkins, the white stripes, billy talent, timbaland
the album leaf, the game, mobb deep, 2pac, coldplay, snoop dogg, ghostface, t. rex, frank sinatra, gang starr, nas, jay-z, michael jackson, sigur rós, busta rhymes, notorious b.i.g., u2, chris brown
green day, colbie caillat, hellogoodbye, mgmt, lady gaga, avril lavigne, stereophonics, roxette, camera obscura, sugababes, kelly clarkson, alanis morissette, kylie minogue, depeche mode, leona lewis, norah jones, my bloody valentine, snow patrol, foo fighters, lily allen, basshunter, primal scream, goo goo dolls, gym class heroes, taylor swift, duffy, linkin park, rihanna, spice girls, fall out boy
ani difranco, the shins, jimmy eat world, fall out boy, neutral milk hotel, sufjan stevens, johnny cash
ti?sto, metallica, pendulum, linkin park, stratovarius, scooter, flo rida, in flames, the offspring, groove coverage, sonata arctica, iron maiden, him, rammstein, 50 cent, nightwish, atb, cascada, scorpions, 3 doors down, disturbed, chamillionaire
muse, akira yamaoka, aphex twin, amon tobin, the rolling stones, the white stripes, patrick wolf, the killers, interpol, dredg, pink floyd, frank sinatra, marilyn manson, the raconteurs, the beatles, depeche mode, portishead, editors, the doors, godsmack, the album leaf, franz ferdinand, nickelback, 30 seconds to mars, moby, air, placebo, red hot chili peppers, led zeppelin, modest mouse, pj harvey, thom yorke, the cure, foo fighters, death cab for cutie
tenacious d, system of a down, evanescence, linkin park, jimmy eat world, avril lavigne, miley cyrus, within temptation, nirvana, papa roach, christina aguilera, sirenia, franz ferdinand, lacuna coil, the killers, good charlotte, green day, dido, rammstein, ramones
aesop rock, interpol, nofx, badly drawn boy, peter bjorn and john, bright eyes, death cab for cutie, calexico, nick drake, aimee mann, black rebel motorcycle club, sufjan stevens
rancid, rush, girl talk, stars, say anything, rilo kiley, bright eyes, feist, vampire weekend, the get up kids, sufjan stevens, dredg, of montreal, the shins, radiohead, the academy is..., architecture in helsinki, coheed and cambria, phoenix, pixies, the weakerthans, death cab for cutie, saves the day, broken social scene, circa survive, ghostface, tokyo police club
the kooks, the strokes, the libertines, arctic monkeys, kings of leon, dirty pretty things, the pigeon detectives, babyshambles, the fratellis, the beatles, the cribs, the subways, underoath, the wombats, explosions in the sky, the white stripes, incubus, interpol
nile, agalloch, equilibrium, behemoth, finntroll, opeth, incubus, porcupine tree, immortal, ensiferum, the black dahlia murder, eluveitie, nightwish, korpiklaani, symphony x, children of bodom, carcass
the gathering, chico buarque, jack johnson, rammstein, billie holiday, the smiths, elvis presley, the strokes, eagles, mika
katatonia, arctic monkeys, 30 seconds to mars, god is an astronaut
archive, yann tiersen, mika, the cinematic orchestra, eric clapton, angra, deep purple, gotan project, the beatles, coldplay, maroon 5, hey, robbie williams, led zeppelin, joe satriani, james blunt, jimi hendrix
boards of canada, nick drake, animal collective, elliott smith, air, m83, the books, of montreal, kings of leon, crystal castles, radiohead, grizzly bear, andrew bird, the dandy warhols, cocorosie, ray lamontagne, iron & wine, justice, stars, architecture in helsinki, deftones, death cab for cutie, neko case, goldfrapp, sigur rós, arcade fire, the raconteurs, sufjan stevens, feist, fleet foxes, the distillers, the shins, aphex twin, devendra banhart, the knife
justice, andrew bird, daft punk, rjd2, dj shadow, led zeppelin, mgmt, the black keys, arcade fire, the prodigy, kanye west, beastie boys
belle and sebastian, ok go, the flaming lips, justice, air, klaxons, lcd soundsystem, jack johnson, the beach boys, the chemical brothers, arctic monkeys, the libertines, the beatles, clap your hands say yeah, t. rex, daft punk, radiohead, prince, hot chip, the pipettes, bob marley & the wailers, the knife, foals
beastie boys, frank sinatra
beck, fugazi, belle and sebastian, mos def, bob dylan, okkervil river, alkaline trio, rancid, afi, beastie boys, at the drive-in, bob marley & the wailers, red hot chili peppers, modest mouse, bad religion, sublime, neutral milk hotel, the pogues, tool, talib kweli, devendra banhart, johnny cash, pinback, bon iver, ignite, social distortion, the raveonettes, outkast, the flaming lips, leonard cohen
blink-182, slipknot, fall out boy, boys like girls, simple plan, my chemical romance, panic! at the disco, good charlotte, system of a down, koЯn, lifehouse, new found glory, nirvana, p.o.d., 3 doors down, avenged sevenfold
helloween, manowar, cradle of filth, blind guardian, arch enemy, die apokalyptischen reiter, rhapsody of fire, amon amarth, stratovarius, nightwish, hammerfall, therion, children of bodom, satyricon, tiamat, alice cooper, apocalyptica, gamma ray, haggard, norther, theatre of tragedy, moonspell, slayer, oomph!, avantasia, red hot chili peppers, kiss
equilibrium, dark tranquillity, ensiferum, eluveitie, howard shore, children of bodom, amon amarth, in flames, dead can dance, hans zimmer, mot?rhead, korpiklaani, nightwish, ac/dc, apocalyptica, metallica, finntroll
sonata arctica, system of a down, stratovarius, rihanna, groove coverage, serj tankian, nightwish, bloodhound gang, linkin park, apocalyptica, cascada, placebo, good charlotte, kanye west, him, fergie, basshunter, gwen stefani, poets of the fall, christina aguilera, panic at the disco, t.a.t.u., scooter
fall out boy, the mountain goats, cobra starship, the hush sound, tegan and sara, the academy is..., sufjan stevens, muse, gym class heroes, andrew bird, modest mouse, the new pornographers, placebo, beirut, metric, ben folds, okkervil river, the killers, arcade fire, ok go, the decemberists, dave matthews band, patrick wolf, matchbox twenty, flogging molly, the kooks, beck, iron & wine, stars, belle and sebastian, the shins, the national
boards of canada, john coltrane, pink floyd, miles davis, nirvana, erykah badu, stereolab, amon tobin
apocalyptica, arch enemy, metallica, amorphis, sum 41, eluveitie, koЯn, cradle of filth, the offspring, marilyn manson, epica, limp bizkit, amon amarth, clint mansell, in flames, sabaton
the whitest boy alive, cocorosie, flying lotus, cut copy, of montreal, [unknown]
pink, editors, onerepublic, nelly furtado, the bravery, coldplay, lifehouse, arctic monkeys, the killers, architecture in helsinki, maroon 5, le tigre, the veronicas, the all-american rejects, the decemberists, the faint, daft punk, imogen heap, she wants revenge, rihanna, matisyahu, dido, jem
dimmu borgir, eluveitie, ayreon, after forever, rhapsody of fire, blind guardian, angra, epica, kamelot, avantasia, hans zimmer, dark tranquillity
nightwish, madonna, samael, dimmu borgir, therion, sonata arctica, moby, haggard, black sabbath, metallica, in flames, robbie williams, iced earth, u2, led zeppelin, van halen
lupe fiasco, 50 cent, t.i., jay-z, eminem, the game, lil wayne, nas, ludacris, n*e*r*d, wu-tang clan
jedi mind tricks, lady gaga, 2pac
fugazi, sublime, streetlight manifesto, minor threat, green day, bad religion, rage against the machine, rancid, misfits, buckethead, explosions in the sky, dead kennedys, aesop rock, rjd2, comeback kid, m83, dropkick murphys, atmosphere, avenged sevenfold, the clash, reel big fish, aphex twin, nofx, afi, black flag
muse, the killers, sum 41, the raveonettes, billy talent, kaiser chiefs, rihanna, the strokes, arctic monkeys, lily allen, mika, fall out boy, franz ferdinand, keane, maroon 5, coldplay, alicia keys, mando diao, kings of leon, beyoncé, mark ronson, nelly furtado, mgmt, death cab for cutie, linkin park, paramore, john mayer, adele, editors, blink-182, lady gaga, bloc party, amy winehouse, the libertines, the last shadow puppets, leona lewis, radiohead, green day, ashlee simpson, david guetta, foo fighters, robyn
josé gonzález, kings of convenience, bat for lashes, max richter, enya, joanna newsom, lykke li, jens lekman, [unknown], digitalism
linkin park, queen, rihanna, the veronicas, mika, fergie, paramore, nightwish, britney spears, alanis morissette, gwen stefani, chris brown, panic at the disco, kanye west, red hot chili peppers, avril lavigne, corinne bailey rae, justin timberlake, the used, gym class heroes, pink, depeche mode, spice girls, aerosmith, the pussycat dolls, u2, fall out boy, the smiths, akon, 30 seconds to mars, michael jackson, natasha bedingfield, my chemical romance, beyoncé
deep purple, marillion, black sabbath, dio, scorpions, metallica, tarja turunen, judas priest, def leppard, skid row
rammstein, system of a down, godsmack, amorphis, nirvana, children of bodom, misfits, the offspring, eluveitie, equilibrium, machine head, korpiklaani, hatebreed, dimmu borgir, lamb of god, norther, amon amarth, chimaira, die apokalyptischen reiter, kreator, dropkick murphys, opeth
r?yksopp, james morrison, kylie minogue, panic at the disco, franz ferdinand, michael jackson, duran duran, chromeo, lily allen, paolo nutini, madonna, keane, pet shop boys, kaiser chiefs, thomas newman, calvin harris, electric light orchestra, adam green, sia, the gossip, ben folds, the pussycat dolls, digitalism, duffy, depeche mode, the whitest boy alive, adele, antony and the johnsons, jamiroquai, of montreal, róisín murphy, chris cornell, m.i.a.
elliott smith, the smashing pumpkins, the cure, pink floyd, van morrison, sigur rós, mono, neutral milk hotel, bright eyes, slowdive, damien rice, low, the radio dept., my bloody valentine, okkervil river, autechre, aphex twin, counting crows, ben harper, radiohead, boards of canada, nick drake, cocteau twins, iron & wine, isis
dio, rainbow, rihanna, nick cave and the bad seeds, black sabbath, anathema, massive attack, bob marley, dream theater
sting, depeche mode, zero 7, massive attack, joss stone, norah jones, katie melua, george michael, sade, amy winehouse, miles davis, faith no more, michael bublé, st. germain, nelly furtado, inxs, paradise lost, incubus, david bowie, diana krall, the gathering, deep purple, peter gabriel, madonna, archive, kosheen, justin timberlake
joe satriani, de-phazz, dream theater, pink floyd, dead can dance, meshuggah, buckethead, porcupine tree, radiohead, metallica, rush, eluveitie, django reinhardt
sonic youth, blonde redhead, sigur rós, air, joy division, radiohead, the cure, nouvelle vague, interpol, agalloch, arctic monkeys, crystal castles, hard-fi, bauhaus, kings of leon, the bravery, the rapture, clap your hands say yeah, cut copy, édith piaf, beirut, thievery corporation, god is an astronaut
the beatles, r.e.m., belle and sebastian, stereophonics, new order, eric clapton, the cure, avril lavigne, franz ferdinand, alicia keys, coldplay, radiohead, john mayer, blink-182, oasis, travis, ben harper, green day, the strokes, múm, the beach boys, bloc party, dave matthews band, death cab for cutie, primal scream
anna ternheim, stevie wonder, feist, bon iver, lykke li, damien rice, johnny cash, beirut, fleet foxes, m. ward, kings of convenience, morrissey, john legend, robyn, bonnie prince billy, common, carla bruni, keane, cat power, antony and the johnsons, chet baker, eddie vedder, h?kan hellstr?m, otis redding, ray lamontagne, bob dylan, nina simone, kanye west, regina spektor, rufus wainwright, leonard cohen, coldplay, band of horses, josé gonzález, the shins, jack johnson, miles davis, sigur rós, gang starr
elvis presley, rage against the machine, depeche mode, massive attack, def leppard, the rolling stones, a-ha, red hot chili peppers, no doubt, godspeed you! black emperor, kent, the byrds, ulver, sonic youth, manic street preachers
slayer, metallica, iron maiden, elliott smith, pinback, anthrax, pantera, radiohead, guided by voices, faith no more, black sabbath, the shins, slipknot, r.e.m., soundgarden, misfits, buzzcocks, mot?rhead
chico buarque, caetano veloso
black label society, dream theater, in flames, [unknown], down, ayreon, bob dylan, metallica, led zeppelin, nirvana, ozzy osbourne, social distortion
rise against, from autumn to ashes, blink-182, eminem, system of a down, millencolin, thrice, atreyu, as i lay dying, angels & airwaves, fall out boy, 50 cent, 2pac, alexisonfire, sum 41, cypress hill, pennywise, lagwagon, akon, the game, busta rhymes, dmx, billy talent, black eyed peas, bad religion, dr. dre, ludacris, green day, nelly, taking back sunday, notorious b.i.g., snoop dogg, jay-z, anti-flag, evanescence, nas, senses fail, immortal technique
fall out boy, alkaline trio, bullet for my valentine, three days grace, papa roach, daft punk, red.jumpsuit.apparatus, deathstars, reel big fish, basshunter, disturbed, funeral for a friend, arctic monkeys, cute is what we aim for, the used, sugarcult, 30 seconds to mars, linkin park, the beatles, red hot chili peppers, the white stripes, mindless self indulgence, skillet, system of a down, nirvana, creed, the all-american rejects, modest mouse, placebo, foo fighters, nickelback, green day, pink floyd, aerosmith, something corporate, matchbox twenty
nine inch nails, eagles of death metal, sneaker pimps, garbage, deftones, kent, marilyn manson, madonna, peaches, bloodhound gang, the smashing pumpkins, britney spears, queens of the stone age, placebo, jamiroquai, foo fighters, spice girls, ludacris, interpol, snoop dogg, type o negative, kylie minogue, [unknown], elliott smith, justin timberlake, basement jaxx, jay-z, air, n*e*r*d, the distillers, turbonegro, the stone roses, depeche mode
the killers, enrique iglesias, the all-american rejects, sigur rós, snow patrol, lifehouse, arctic monkeys, atb, foo fighters, sum 41, switchfoot
deerhoof, regina spektor, tegan and sara, nightmares on wax, muse, crystal castles, goldfrapp
mando diao, tegan and sara, david bowie, coldplay, deftones, h?kan hellstr?m, peter bjorn and john, kings of leon, sigur rós, kate nash, the killers, a perfect circle, morrissey, muse, arctic monkeys, oasis, kent, the last shadow puppets, in flames, anna ternheim, regina spektor, the fray, fatboy slim, marilyn manson, the hives
crystal castles, the flaming lips, the kinks, my bloody valentine, interpol, david bowie, doves, radiohead, animal collective, band of horses, air, róisín murphy, amon tobin, jens lekman, lcd soundsystem, unkle, arcade fire, the velvet underground, kings of leon, modest mouse, múm, brian eno, muse, the beach boys, the radio dept., beck, boards of canada, joy division, burial, bj?rk, the jesus and mary chain, the knife, the clash, fleet foxes
faith no more, r.e.m., misfits, tom waits, manu chao, the rolling stones, rush, pixies, they might be giants, jethro tull, pink floyd, sonic youth, primus, social distortion, the cure, johnny cash, morrissey, neil young, the beatles, the gathering, king crimson, stone temple pilots, joy division, queens of the stone age, counting crows, the stone roses, iron maiden, deep purple, pearl jam, akira yamaoka, therion, dinosaur jr., the velvet underground, bruce springsteen, blind guardian, led zeppelin, megadeth
metallica, iron maiden, black sabbath, anthrax, disturbed, megadeth, dream theater, testament, machine head, m?tley crüe, queensr?che, slayer, morcheeba, pantera, joe satriani, lamb of god, avenged sevenfold, brand new, bullet for my valentine, muse, killswitch engage, judas priest, dead kennedys, trivium, my chemical romance, pearl jam
iron maiden, hammerfall, queen, alice cooper, black sabbath, howard shore, therion, kiss, rainbow, ac/dc, scorpions, david bowie, deep purple, lacuna coil, ozzy osbourne, cradle of filth, apocalyptica, the rolling stones, judas priest, the who, the jimi hendrix experience, ramones, tenacious d, sodom, the beatles, symphony x, rhapsody of fire, aerosmith, the velvet underground
a day to remember, skillet, underoath, within temptation, dir en grey, alexisonfire, new found glory, story of the year, silverstein, lostprophets, pendulum, 30 seconds to mars, city and colour, yellowcard, chevelle, the dillinger escape plan, saosin, linkin park, less than jake, alter bridge, funeral for a friend, death cab for cutie, enter shikari, dredg
tokyo police club, death cab for cutie, bon iver, the books, the shins, portishead, sigur rós, stars, broken social scene, the postal service, zero 7, múm, prefuse 73, spoon, squarepusher, radiohead, red hot chili peppers, tv on the radio, andrew bird
bon iver, belle and sebastian, fleet foxes, h?kan hellstr?m, ne-yo, flo rida, britney spears, the last shadow puppets, the whitest boy alive, camera obscura, beirut, okkervil river, blondie
the beatles, foo fighters, elvis presley, los hermanos, amy winehouse, bob dylan, oasis, the clash
pink floyd, beastie boys, the chemical brothers, santogold, roots manuva, gorillaz, fischerspooner, new order, justice, david bowie, the clash, digitalism, air, m.i.a., dj krush, the herbaliser, the knife, tosca, tom waits, prefuse 73, radiohead, lcd soundsystem, fatboy slim, junior boys, daft punk, hot chip, led zeppelin, hercules and love affair
pulp, led zeppelin, opeth, kiss, adam green, pixies, the doors, jefferson airplane, garbage, sonic youth, him, paul mccartney, lily allen, alesana, radiohead, stone temple pilots, cream, nirvana, the cure, kimya dawson, the ting tings, pink floyd, bright eyes, muse, lenny kravitz, dream theater, the magnetic fields
the dandy warhols, belle and sebastian, the shins, the clash, beck, blur, gorillaz, the new pornographers, cold war kids, arcade fire, cake, jurassic 5, kaiser chiefs, radiohead, pavement, van morrison, kasabian, ryan adams, camera obscura, joy division, beastie boys, the strokes, stars, bruce springsteen, cat power, the beach boys, kings of convenience, the smiths, spoon, supergrass, broken social scene, feist, the rolling stones, razorlight, air, band of horses
neutral milk hotel, the beatles, the black keys, pavement, elliott smith, the books, bright eyes, death cab for cutie, beck, modest mouse, animal collective, nofx, the smiths, pink floyd, fleet foxes, wilco, the flaming lips, the beach boys, primus, the mountain goats, fugazi, cake, cold war kids, frank zappa, they might be giants, paul simon, of montreal, bonnie prince billy, calexico, spoon, the decemberists, the kinks, the mars volta, the postal service, radiohead, clap your hands say yeah, eels, the zombies
tv on the radio, lupe fiasco, mgmt, tom waits, outkast, aesop rock, girl talk, cansei de ser sexy, roots manuva, damian marley, crystal castles, cut copy, gogol bordello, the streets, beirut, sage francis
metro station, jonas brothers, new found glory, basshunter, rihanna, billy talent, panic! at the disco
regina spektor, saves the day, katy perry, silverstein, from autumn to ashes, jeff buckley, funeral for a friend, the sounds, boys like girls, alexisonfire, weezer, michael jackson, alesana, placebo, sublime, enter shikari, killswitch engage, antony and the johnsons, the blood brothers, the black dahlia murder
metallica, system of a down, slayer, evanescence, nightwish, dream theater, the distillers, soulfly, audioslave, slipknot
metallica, audioslave, disturbed, system of a down, machine head, serj tankian, him, ill ni?o, muse, trivium, lamb of god, koЯn, mastodon, marilyn manson, mudvayne, ac/dc, paradise lost, kreator, megadeth, atreyu, a perfect circle, as i lay dying, slipknot, red hot chili peppers, the chemical brothers, anathema, rob zombie, all that remains, black label society, alter bridge, at the gates, the haunted
the stone roses, primal scream, the clash, slowdive, iron maiden, faith no more, tenacious d, m83, junior boys, beck, pixies, queens of the stone age, converge, ratatat, depeche mode, my bloody valentine, the chemical brothers, cocteau twins, the smiths, lcd soundsystem, the jesus and mary chain, judas priest
coldplay, anathema, she wants revenge, joy division, alice in chains, nine inch nails, bush, silverchair, pearl jam, radiohead, god is an astronaut, soundtrack, katatonia, slipknot, the verve, the cinematic orchestra, therion, mogwai, sigur rós, morrissey, nickelback, the gathering, deerhunter, garbage, final fantasy, soundgarden, tool, haggard, deftones, ayreon
bob dylan, jimi hendrix, sufjan stevens, the offspring, u2, dave matthews band, nirvana, r.e.m., depeche mode, the police, the doors, cream, red hot chili peppers, john lennon, flogging molly, santana, josé gonzález, led zeppelin, porcupine tree, peter bjorn and john, the who, armin van buuren, scooter, kyuss
tori amos, alanis morissette, damien rice, philip glass, diana krall, jason mraz, sarah mclachlan, enya, dido, johann sebastian bach, van morrison, kanye west, kelly clarkson, madonna, billie holiday, eagles, u2, paul mccartney, jack johnson, kate bush, bruce springsteen, corinne bailey rae, norah jones, george michael, lily allen, tracy chapman, john williams, nine inch nails
daft punk, stars, the white stripes, modest mouse, cut copy, alexisonfire, feist, tegan and sara, iron & wine, the killers, kanye west, britney spears, m83, mylo, audioslave, no doubt, massive attack, mgmt, beirut
justice, jack johnson, the fray, pink floyd, ray charles, red hot chili peppers, oasis, placebo, archive, metallica, the white stripes, m83, death cab for cutie, phoenix, jamie cullum, massive attack, radiohead, queens of the stone age
the academy is..., all time low, panic at the disco, death cab for cutie, motion city soundtrack, cobra starship, paramore, cute is what we aim for, hot hot heat, fall out boy, metro station, ryan adams, good charlotte, say anything, jonas brothers, boys like girls, my chemical romance
damien rice, radiohead, eels, tool, johnny cash
linkin park, the chemical brothers, massive attack, the crystal method, orbital, paul oakenfold, the smashing pumpkins, morcheeba
alicia keys, timbaland, chris brown, janet jackson, jennifer lopez, missy elliott, joss stone, justin timberlake
guided by voices, pavement, deerhunter, dead can dance, boards of canada, tortoise, autechre
barenaked ladies, pixies, cake, the fall, pavement, the white stripes, the fratellis, the kinks, elvis presley, eels, beastie boys, dinosaur jr., spoon, guided by voices, ramones
paul mccartney, bruce springsteen, nina simone, devo, neil young, fleet foxes, joy division, bon iver, okkervil river, the kinks, miles davis, sonic youth, misfits
anathema, rush, queen, jimi hendrix, u2, dream theater, dire straits, kiss, arch enemy, dave matthews band, children of bodom, creedence clearwater revival, iced earth, bee gees, metallica, jethro tull, kaiser chiefs, cradle of filth, him, lamb of god, bj?rk, apocalyptica, black sabbath, david bowie, nirvana, the jimi hendrix experience, the rolling stones, the killers, pink
after forever, fatboy slim, enya, faithless, muse, die apokalyptischen reiter, the cure, kult, asian dub foundation, joy division, manu chao
manic street preachers, feeder, doves, arctic monkeys, travis, aphex twin, from first to last, enter shikari, blur, funeral for a friend, the cribs, panic! at the disco, vampire weekend, oasis, pendulum, daft punk, the kooks, the smiths, the prodigy, [unknown], the beatles, the jam, the pigeon detectives, snow patrol, bullet for my valentine, hard-fi, bring me the horizon, hellogoodbye, max?mo park, kraftwerk, the strokes, taking back sunday, the smashing pumpkins
kamelot, soilwork, dark tranquillity, nightwish, scar symmetry, dethklok, katatonia, opeth, porcupine tree, blind guardian, dimmu borgir, amorphis, anathema, nile, in flames, testament, behemoth, cannibal corpse, cradle of filth, placebo, death, paradise lost, pantera, iron maiden
anberlin, janis joplin, linkin park, cat power, matchbox twenty, damien rice, r.e.m., 3 doors down, red hot chili peppers, foo fighters, coldplay, incubus, the kooks, placebo, bloc party, rise against, kt tunstall, radiohead, the fray, snow patrol, three days grace, riverside, the cure, beatsteaks, kings of leon, ryan adams, sum 41, seether, christina aguilera, air, mando diao, u2
hans zimmer, brian eno, incubus, pink floyd, thrice, death cab for cutie, coldplay, sigur rós, a perfect circle, radiohead, opeth, bonobo, imogen heap, fort minor, 30 seconds to mars, angels & airwaves, deftones, linkin park, bullet for my valentine, boards of canada, the strokes, anathema, the cinematic orchestra, kamelot
the cure, max richter, david gray, blank & jones, peter gabriel, de-phazz, m83, the radio dept., apparat, explosions in the sky, atb
rancid, ghostface, rjd2, cut copy, air, less than jake, 50 cent, coldplay, t.i., booka shade, chicane, beastie boys, fatboy slim, jay-z, bob dylan, daft punk, max?mo park, snow patrol, angels & airwaves, nas, chamillionaire, new found glory, lupe fiasco
bob marley, the beatles, bob dylan, mr. scruff, rufus wainwright, jack johnson
story of the year, cat stevens, the offspring, afi, rise against, pink floyd, jimmy eat world, paramore, killswitch engage, fleetwood mac, less than jake, alkaline trio, fall out boy, blink-182, lostprophets, foo fighters, metallica, goldfinger, system of a down, sum 41, new found glory, the used, journey, rage against the machine, queen, bullet for my valentine, linkin park, alter bridge, pennywise, dire straits, sugarcult, david bowie, slipknot, nickelback, my chemical romance, green day, the ting tings
franz ferdinand, trentem?ller, blur, coldplay, koop, r?yksopp, massive attack, booka shade, depeche mode, bj?rk, hard-fi, the postal service, underworld, nouvelle vague, oasis
eric clapton, james morrison, céline dion, eagles, bruce springsteen, bon jovi, ac/dc, sarah mclachlan, josé gonzález, ray lamontagne, john mayer, fleetwood mac, sheryl crow, david bowie, abba, the beatles, cat stevens, blondie
sum 41, beatsteaks, farin urlaub, fall out boy, blink-182, simple plan, system of a down, goldfinger, bowling for soup, panic at the disco, jimmy eat world, good charlotte, my chemical romance, the offspring, 44, queens of the stone age, streetlight manifesto, the beatles, nofx, billy talent, weezer, the wombats, nirvana, the all-american rejects, franz ferdinand, less than jake, 30 seconds to mars, rage against the machine, angels & airwaves, bullet for my valentine, the white stripes, jack johnson, stone sour
amon amarth, primus, opeth, led zeppelin, pantera, tenacious d, burzum, korpiklaani, the doors, judas priest, alice in chains, death, dethklok, megadeth, kreator, nile, finntroll, at the gates, rob zombie
talking heads, aimee mann, portishead, pj harvey, nina simone, pixies, cocteau twins, fleetwood mac, the breeders
alice cooper, fear factory, sepultura, mot?rhead, ice cube, testament, slayer, carcass, type o negative, cannibal corpse, helloween, philip glass, kiss, rage against the machine, machine head, guns n roses, black sabbath, beastie boys
depeche mode, daft punk, marilyn manson, jack johnson, feist, emilie autumn, garbage, nine inch nails, emilie simon, robbie williams, the smiths, fiona apple, audioslave, muse, the dresden dolls, him, the cure, britney spears, stone temple pilots, u2, moby, damien rice
cradle of filth, ulver, bathory, nile, hypocrisy, immortal, morbid angel, darkthrone, sodom, burzum
the birthday massacre, nightwish, evanescence, lacuna coil, emilie autumn, groove coverage, ayreon, shiny toy guns, koЯn, mindless self indulgence, ladytron, enya, t.a.t.u., armin van buuren, linkin park
shpongle, system of a down, portishead, boards of canada, evanescence, the prodigy, aphex twin, the future sound of london, dido, armin van buuren
skid row, him, bullet for my valentine, m?tley crüe, arctic monkeys, death cab for cutie, bon jovi, kaiser chiefs, oasis, children of bodom, the kooks, aerosmith, hammerfall, kiss, franz ferdinand, blind guardian, symphony x, the fratellis, angra, dimmu borgir, dream theater, metallica, ac/dc, sonata arctica, iron maiden, kamelot, trivium, pet shop boys, guns n roses, britney spears, the hives, ozzy osbourne, dragonforce
kelly clarkson, chico buarque, duffy, rihanna, lily allen, pink, beyoncé, britney spears, cold war kids, christina aguilera, lady gaga, the pussycat dolls, jason mraz, caetano veloso, kt tunstall, damien rice, justin timberlake, los hermanos, amy winehouse, paramore, matchbox twenty
less than jake, shpongle, the academy is..., minus the bear, maroon 5, infected mushroom, frou frou, dropkick murphys, keane, rise against, the fray, the shins, snow patrol, fort minor, death cab for cutie, ti?sto, linkin park, the ataris, muse, jimmy eat world, papa roach, alkaline trio, the postal service, sugarcult, 30 seconds to mars, sum 41, basshunter, franz ferdinand, social distortion, the get up kids, ferry corsten, panic at the disco, something corporate, vnv nation, hoobastank, taking back sunday
t.a.t.u., pendulum, róisín murphy, hooverphonic, portishead, fatboy slim, faithless, moloko, the prodigy, garbage, r?yksopp, abba, kosheen, infected mushroom, paul oakenfold, alanis morissette, dido, morcheeba, jennifer lopez, enigma, the cardigans, alicia keys, basement jaxx, fergie, christina aguilera, ferry corsten, beyoncé, the chemical brothers, shpongle, jamiroquai, koЯn, paul van dyk, sugababes, mariah carey, janet jackson, madonna, missy elliott
blink-182, all time low, the beatles, sum 41, the cure, 44, goldfinger, pink floyd, silverstein, angels & airwaves, linkin park, green day, the beach boys
slipknot, lamb of god, biffy clyro, blink-182, disturbed, system of a down, trivium, pantera, lordi, machine head, devildriver, billy talent, angels & airwaves, killswitch engage, avenged sevenfold, green day, bullet for my valentine, children of bodom, tenacious d, marilyn manson, creed, stone sour, dropkick murphys
radiohead, david bowie, the cure, kings of leon, sia, adele, james morrison, antony and the johnsons, the killers, duffy, billy joel, of montreal, metric, hellogoodbye, jason mraz, echo & the bunnymen, elton john, mirah, the wombats, ben folds, corinne bailey rae, the ting tings, elliott smith, elvis costello
radiohead, the beatles, portishead, eels, beck, the books, herbie hancock, air, the kinks, boards of canada, miles davis, squarepusher, the white stripes, pink floyd, the doors, the shins, the who, beastie boys, the raconteurs, sigur rós, animal collective, aphex twin, philip glass, fleetwood mac
king crimson, the doors, eminem, dead can dance, sepultura, frank zappa, cypress hill, queens of the stone age, david bowie, dead kennedys, deus, enya, faith no more, fugazi, fear factory, gorillaz, moby, goldfrapp
the hives, tenacious d, nirvana, rammstein, led zeppelin, serj tankian, gorillaz, the cranberries, ladytron, scorpions, bloc party, nickelback
jack johnson, billie holiday, kanye west, bob marley
the beatles, nine inch nails, bj?rk, depeche mode, david bowie, the cure, deftones, portishead, arcade fire, interpol, the knife, massive attack, m.i.a., radiohead, prince, new order, the smashing pumpkins, tricky, babyshambles, gorillaz, boards of canada, blur, pendulum, squarepusher, the chemical brothers, the prodigy, aphex twin, róisín murphy, the rolling stones, rjd2, kasabian, lupe fiasco, klaxons, alanis morissette, oasis, r?yksopp, goldfrapp, venetian snares, crystal castles, lcd soundsystem, max?mo park, feist, marilyn manson, the decemberists, unkle, coldplay, daft punk
madonna, tristania, scorpions, paradise lost, the gathering, ensiferum, rammstein, lacuna coil, evanescence, tori amos, oomph!, therion, tarja turunen, iron maiden, britney spears, subway to sally, sirenia, metallica, epica, depeche mode, in extremo, christina aguilera, after forever, him, queen, a-ha, emilie autumn, burzum
radiohead, the smashing pumpkins, deftones, beck, eddie vedder, muse, coldplay, sublime, a perfect circle, pixies, ben harper, jimi hendrix, queens of the stone age, nofx, cake, pink floyd, eels, pearl jam, dire straits, air, isis, placebo, thrice, metallica, supergrass, cat power, pink martini, portishead, nada surf, the mars volta, feist, mgmt, jeff buckley, deus, refused
immortal technique, gang starr, portishead, rage against the machine, wu-tang clan, madlib, cypress hill, jedi mind tricks, the game, social distortion, led zeppelin, nas, rjd2, mf doom, dj shadow
weezer, the zombies, the beatles, melvins, tom waits, eels, modest mouse, of montreal, the kinks, beck, they might be giants, t. rex, the smiths, devo, the magnetic fields, radiohead, talking heads, david bowie, flight of the conchords, soundgarden, spoon, guided by voices, the flaming lips, pavement, sonic youth, tv on the radio, sufjan stevens, pink floyd, faith no more, animal collective, dinosaur jr., r.e.m., stereolab, van morrison, fleet foxes, aphex twin
bloc party, vampire weekend, girl talk, jay-z, santogold, notorious b.i.g., the ting tings, ludacris, radiohead, kt tunstall, lykke li, mgmt, motion city soundtrack, kings of leon, mariah carey, m.i.a., moby, lil wayne, the killers, blink-182, feist, john legend, r?yksopp
robyn, goldfrapp, lady gaga, leona lewis, amy winehouse, katy perry, lykke li, peaches, cansei de ser sexy
télépopmusik, bob marley & the wailers
the beatles, elvis presley, bee gees, depeche mode, keane, duran duran, led zeppelin, lenny kravitz, goo goo dolls, bruce springsteen, david gray, robbie williams, joss stone, the who, david bowie, the beach boys
ulver, delerium, enigma
[thin lizzy]
millencolin, the dandy warhols, snow patrol
...and you will know us by the trail of dead, rise against, turbonegro, coheed and cambria, placebo, peaches, bad religion, tracy chapman, the streets, nofx, tenacious d, caliban, the doors, rammstein, justice, the specials, anti-flag, tegan and sara, santogold, ignite, ramones, against me!, simian mobile disco, millencolin, black rebel motorcycle club, the clash, atreyu, manu chao, m83, daft punk, system of a down
sonic youth, nirvana, madlib, yo la tengo, john frusciante, j dilla, mf doom, the flaming lips, wilco, elliott smith, beck, the velvet underground, madvillain, the beatles, the brian jonestown massacre, erykah badu
nirvana, r.e.m., radiohead, kasabian, joy division, metric, the who, muse, the killers
jennifer lopez, britney spears, m.i.a., t.a.t.u., kate nash, digitalism, rihanna, klaxons, the gossip, the prodigy, hellogoodbye, hot chip, panic! at the disco, santogold, nas, peaches
the mountain goats, radiohead, captain beefheart & his magic band, brian eno, fleet foxes, broken social scene, final fantasy, kate bush, camel, deerhunter, deerhoof, portishead, sigur rós, joni mitchell, battles, genesis, mgmt, tokyo police club
a day to remember, papa roach, slipknot, 36 crazyfists, bullet for my valentine, hoobastank, caliban, thrice, breaking benjamin, chevelle, 30 seconds to mars, rammstein, immortal, rise against, story of the year, katatonia, killswitch engage, deftones, comeback kid, my chemical romance, heaven shall burn, the dillinger escape plan, enter shikari, in flames, parkway drive, atreyu, linkin park
tom waits, the beatles, kate bush, jethro tull, manu chao, pink floyd, nick cave and the bad seeds, johnny cash, wilco, r.e.m., genesis, stevie wonder, paul mccartney, bj?rk, radiohead, queen, blonde redhead, air, morrissey, beastie boys, eric clapton, dire straits
cat power, soundtrack, aimee mann, nouvelle vague, him, antony and the johnsons, nick drake, the national, the rasmus, jennifer lopez, elliott smith, morrissey, tracy chapman, rufus wainwright, nirvana, bryan adams, eddie vedder, goldfrapp, jeff buckley, shakira, lenny kravitz, josé gonzález, kings of convenience, manu chao, elvis costello
the clash, the rolling stones, misfits, kiss, the who, pixies, eagles of death metal, fugazi, dinosaur jr., the jesus and mary chain, the kinks, social distortion, pavement, the jam, mf doom, bad brains, built to spill, david bowie, beastie boys, descendents, johnny cash, elvis costello, the pogues, beck, the police
pearl jam, tool, koЯn, dredg, deus, audioslave, massive attack, nine inch nails, the white stripes, blur, tori amos, radiohead, green day, red hot chili peppers, rage against the machine, coldplay, deftones, the killers, placebo, portishead, system of a down, garbage, guano apes, r.e.m., gorillaz, the smashing pumpkins, u2, franz ferdinand, lamb, the cure, madonna, goldfrapp, alanis morissette, moloko, air, metallica, travis, beck, incubus, 3 doors down, staind, morcheeba, ska-p, tracy chapman, nirvana
helloween, megadeth, 3 doors down, sonata arctica, angra, black label society, m?tley crüe, foo fighters, mot?rhead, iced earth, blind guardian, iron maiden, avantasia, edguy, lacuna coil, dio, black sabbath, pantera, testament, ac/dc, gamma ray, bon jovi, kamelot
coldplay, creed, evanescence
nightwish, schandmaul, within temptation, era, theatre of tragedy, in extremo, céline dion, epica
children of bodom, dream theater, eluveitie, megadeth, dark tranquillity, equilibrium, hypocrisy, sodom, death, era
the beatles, gogol bordello, bloc party, razorlight, the fratellis, pink martini, bad religion, soundtrack, parov stelar, the offspring, the cure, ben folds five, tori amos, coldplay, dream theater, the ting tings, the last shadow puppets, elvis presley, nina simone, norah jones, feeder, regina spektor, green day, portishead, édith piaf, cake, air, echo & the bunnymen, red hot chili peppers, madonna, imogen heap, stratovarius, david bowie, tom waits, diana krall, james blunt, blonde redhead, queen, leonard cohen, him
radiohead, porcupine tree, explosions in the sky, mogwai, elliott smith, incubus, foo fighters, joe satriani, blackfield, sigur rós, r.e.m., nine inch nails
beyoncé, christina aguilera, the rolling stones, duffy, alicia keys, lenny kravitz, mariah carey, amy winehouse, britney spears, the beatles, leona lewis, mika, ac/dc, avril lavigne, aerosmith, michael bublé, elton john, nelly furtado, maroon 5, michael jackson, guns n roses, rihanna, jennifer lopez, bon jovi, céline dion, evanescence, u2, coldplay, justin timberlake, avantasia, kylie minogue, nickelback, sugababes, colbie caillat, kelly clarkson, queen, bryan adams, dido, black eyed peas, aretha franklin, marvin gaye
ramones, dinosaur jr., black flag, outkast, creedence clearwater revival, ghostface, green day, misfits, nirvana
the prodigy, slipknot, notorious b.i.g., coldplay, gym class heroes, jedi mind tricks, kanye west, outkast, chamillionaire, gang starr, dmx, infected mushroom, immortal technique, gorillaz, linkin park, nickelback, the offspring
darkthrone, hammerfall, helloween, immortal, katatonia, behemoth, ludwig van beethoven
serj tankian, in extremo, the 69 eyes, backstreet boys, queen, metallica, bloodhound gang, [unknown], soundtrack, pink floyd, dio, era, michael jackson, nirvana, system of a down
the who, paul simon, pink floyd, depeche mode, neil young, eagles, peter gabriel, david bowie, iggy pop, dido, billy joel, simon & garfunkel, johnny cash, journey, dire straits, sheryl crow, leonard cohen, garbage, creedence clearwater revival, genesis, tracy chapman, steely dan, the smiths
beck, amon tobin, hot chip, nick drake, buckethead, burial, johnny cash, autechre, eddie vedder, mgmt, lou reed, creedence clearwater revival, squarepusher, depeche mode, air, guns n roses, vangelis
portishead, franz ferdinand, manic street preachers, kaiser chiefs, snow patrol, the verve, rainbow, archive, pj harvey, tool, massive attack, r.e.m., the cure, unkle
arctic monkeys, amy winehouse, system of a down, silverstein, slipknot, tool, billy talent, the cure, foo fighters, muse, the killers, manu chao, beatsteaks, hatebreed, linkin park, 30 seconds to mars, incubus, the white stripes, bloc party, coldplay, babyshambles, chimaira, eagles of death metal, koЯn, farin urlaub, limp bizkit, stone sour, alice in chains, max?mo park, saosin, seether, staind, [unknown], fall out boy, pixies
the radio dept., the kooks, koЯn, marilyn manson, eminem, yeah yeah yeahs, razorlight, keane, the fratellis, hot hot heat, the offspring, ok go, the strokes, kent, pink, jet, death cab for cutie, damien rice, the cure, radiohead
the white stripes, johnny cash, creedence clearwater revival, the rolling stones, eric clapton, queen, the who, die toten hosen, groove armada, pearl jam, r.e.m., the kooks
goldfinger, fort minor, n*e*r*d, jem, lady gaga, gym class heroes, timbaland, the game, alicia keys, outkast, bloodhound gang, basshunter, john legend, coldplay
pink floyd, the doors, the herbaliser, asian dub foundation, serge gainsbourg, bob marley & the wailers, the velvet underground, jefferson airplane, the who, led zeppelin, dj shadow
nick drake, miles davis, elliott smith, manu chao, kanye west, thievery corporation, iron & wine, air, lil wayne, jay-z, santogold, j dilla, radiohead, josé gonzález, my morning jacket, mos def, bon iver, girl talk, the beatles, john coltrane, norah jones, a tribe called quest, m.i.a., depeche mode, neil young, bob dylan, lupe fiasco, nas, atmosphere, vampire weekend, kings of leon, adam green, the roots, ratatat, sigur rós, michael jackson, feist
nofx, cat power, iron & wine, blink-182, misfits, hatebreed, the beatles, matisyahu, jack johnson, pixies, the bouncing souls, modest mouse, bad religion, sonic youth, less than jake, the clash, ben harper, john coltrane, flogging molly, bob marley, sublime, bob dylan, ramones
moby, chimaira, koЯn, soulfly, slipknot, incubus, benny benassi
sugarcult, ok go, evanescence, taking back sunday, motion city soundtrack, snow patrol, porcupine tree, the all-american rejects, mae, onerepublic, kasabian, franz ferdinand, switchfoot, green day, 3 doors down, fall out boy, cute is what we aim for, cobra starship, the kooks, the subways, arctic monkeys, biffy clyro, rage against the machine
in flames, nightwish, iron maiden, scorpions, sonata arctica, enigma, infected mushroom, lacrimosa, dark tranquillity, tristania, avenged sevenfold, cradle of filth, soilwork, rammstein, helloween, armin van buuren, children of bodom, theatre of tragedy, pain, pink, god is an astronaut, bullet for my valentine
the smashing pumpkins, mew, death cab for cutie, deftones, papa roach, coldplay, nine inch nails, the killers, fall out boy, 311, the beach boys, gorillaz, basement jaxx, ben harper, bloc party, nofx, 30 seconds to mars, afi, green day, arctic monkeys, corinne bailey rae, jack johnson, the beatles, the smiths, linkin park, 44, a perfect circle, los hermanos, pink, pet shop boys, muse, the distillers, maroon 5
beirut, eminem, modest mouse, led zeppelin, the beatles, coldplay, interpol, sufjan stevens, wolfgang amadeus mozart, grizzly bear, radiohead, hot chip, girl talk, andrew bird, death cab for cutie, animal collective, 2pac, iron & wine, neutral milk hotel, fleet foxes, the shins, jay-z, the mountain goats, the white stripes, pinback, of montreal, the books, prefuse 73, belle and sebastian, stars, peter bjorn and john, sigur rós, vampire weekend, spoon, bon iver, m.i.a., regina spektor, the decemberists, air, ben folds, built to spill, kate nash, tegan and sara
adam green, coldplay, kimya dawson, the kooks, t. rex, paolo nutini, dirty pretty things, death from above 1979, razorlight, johnny cash, talking heads, bloc party, crystal castles, amy winehouse, the beatles, the cribs, billie holiday
the zombies, deerhoof, okkervil river, beyoncé, animal collective, paul simon, the books, the beach boys, gang starr, the clash
frank sinatra, sex pistols, the cranberries
rise against, metro station, the ting tings, franz ferdinand, lostprophets, the hives, eminem, the kooks, funeral for a friend, say anything, alesana, akon, the prodigy, the strokes, kings of leon, lil wayne, bring me the horizon, 50 cent, silverstein, ice cube, the cribs, gym class heroes, max?mo park, the sounds, the subways, fall out boy, nas, lupe fiasco, millencolin, arctic monkeys, thrice, good charlotte, taking back sunday, kanye west, mando diao, chris brown, queens of the stone age, the used, rage against the machine, rjd2, 2pac, bloc party, dr. dre
regina spektor, silverstein, sonata arctica, flyleaf, atreyu, norah jones, metallica, theatre of tragedy, lifehouse
placebo, the kooks, lostprophets, muse, the wombats, mr. scruff, queens of the stone age, billy talent, the strokes, jurassic 5, daft punk, audioslave, bonobo, taking back sunday, stars, the fratellis, lynyrd skynyrd, snow patrol, bullet for my valentine, supertramp, chris cornell, bowling for soup, the white stripes, gorillaz, the fray, ben folds five, maroon 5, fatboy slim, led zeppelin, alice in chains, the rolling stones, queen, the raconteurs, arctic monkeys
justice, girl talk, the chemical brothers, final fantasy, digitalism, daft punk, underworld, [unknown], ben folds, ludwig van beethoven, simian mobile disco, flight of the conchords, gorillaz, death from above 1979, the white stripes, sufjan stevens, goldfrapp, of montreal, incubus, mylo, r?yksopp, beck, boys noize, ratatat, arcade fire, soundtrack, fatboy slim, andrew bird, ben folds five, basement jaxx, chromeo, orbital, the shins, antonio vivaldi, frédéric chopin
dinosaur jr., amy winehouse, otis redding, joy division, ella fitzgerald, band of horses, frank sinatra, fiona apple, ray charles, elliott smith, burial, misfits, tom waits, descendents, jethro tull, buzzcocks, chet baker, the distillers, édith piaf, against me!, the knife, pixies, turbonegro, the gossip, chromeo, the kinks, the streets, queen, deftones, erykah badu, bob dylan, dizzee rascal, apocalyptica, metallica
enigma, above & beyond, ferry corsten, armin van buuren, atb, paul van dyk, pendulum, scooter
alexisonfire, bad brains, incubus, killswitch engage, beastie boys, p.o.d., in flames, chimaira, black flag, bad religion, akira yamaoka, ramones, afi, comeback kid, trivium, james brown, dir en grey
nightwish, the prodigy, pendulum, the rasmus, the veronicas, rammstein, ti?sto, lady gaga, britney spears, scooter, faith no more, chris cornell, madonna, nine inch nails
the beatles, shpongle, thievery corporation, enigma, fleetwood mac, tosca, jazzanova, the rolling stones
nightwish, die ?rzte, metallica, bad religion, evanescence, ac/dc, schandmaul, iced earth, manowar, apocalyptica, linkin park, him, iron maiden, red hot chili peppers, die toten hosen, disturbed, guns n roses, blind guardian, sum 41, koЯn, bullet for my valentine, rage against the machine, the weakerthans, rammstein, sonata arctica, nirvana, blink-182, limp bizkit, my chemical romance, tarja turunen, foo fighters, electric six, farin urlaub, rhapsody of fire, alice in chains, drowning pool, oasis, queens of the stone age, guano apes
the jam, the who, the kinks, bob marley & the wailers, the zombies, madness, mando diao
green day, happysad, howard shore, coma, myslovitz, blink-182, coldplay, dashboard confessional, 30 seconds to mars, sum 41, damien rice, queen, rammstein, the used, city and colour
sonic youth, counting crows, amy winehouse, nouvelle vague, antony and the johnsons, gnarls barkley, frédéric chopin, tv on the radio, air, philip glass
jurassic 5, sonic youth, pulp, rjd2, michael jackson, supergrass, beck, david bowie, blur, prefuse 73, madlib, gang starr, dj shadow, nas
rhapsody of fire, haggard, wolfgang amadeus mozart, andrew lloyd webber, theatre of tragedy, blind guardian, therion, howard shore, frédéric chopin, dead can dance, ludwig van beethoven, johann sebastian bach, john williams, hans zimmer
queens of the stone age, the smiths, arctic monkeys, kasabian, hard-fi, the verve, morrissey, the stone roses, flogging molly, dirty pretty things, primal scream, foo fighters, john lennon, paul mccartney, paolo nutini, the strokes, the who, the last shadow puppets, beck, the prodigy, bob dylan, turbonegro, the hives, kings of leon, elbow, joy division, muse, radiohead, franz ferdinand, mgmt, coldplay
the clash, kiss, the beatles, ac/dc, the rolling stones, queen, johnny cash, prince, iron maiden, ozzy osbourne, they might be giants, the kinks, judas priest, ramones, barenaked ladies, cake, rush, jethro tull, fleetwood mac, pink floyd, david bowie, rob zombie, neil young, bob dylan
apocalyptica, queen, incubus, koЯn, three days grace, linkin park, seether, interpol, seeed, rammstein, audioslave, system of a down, 3 doors down, jack johnson, hard-fi, breaking benjamin, foo fighters, billy talent, good charlotte, tenacious d, howard shore, the used, red hot chili peppers, lostprophets, metallica, papa roach, lifehouse, hammerfall, staind, gorillaz, die ?rzte, blind guardian, u2, nirvana, death cab for cutie, the kooks, beatsteaks, nickelback, 30 seconds to mars, my chemical romance, the 69 eyes
sonata arctica, megadeth, slayer, kreator, oasis, stratovarius, helloween, rhapsody of fire, nightwish, metallica, clint mansell, epica, therion, dimmu borgir, judas priest, blind guardian, radiohead, guns n roses, the gathering, deathstars, trivium, cradle of filth, sepultura, lacuna coil, pantera, iron maiden, after forever, dragonforce
bloodbath, mogwai, lamb of god, meshuggah, radiohead, katatonia, gojira, at the gates, 65daysofstatic, justice, rage against the machine, a perfect circle, mastodon, slipknot, death, pantera, tool, vader, kreator, queens of the stone age, koЯn, devildriver, porcupine tree, behemoth, static-x
mot?rhead, slipknot, rage against the machine, jethro tull, jefferson airplane, the doors, nirvana, ac/dc, the blood brothers, kyuss, aesop rock, the dillinger escape plan, soulfly, mf doom, genesis, the prodigy, jimi hendrix, ozzy osbourne
alkaline trio, new found glory, minor threat, comeback kid, fall out boy, against me!
[napalm death]
september, david guetta, nickelback, slipknot, ti?sto, rihanna, eminem
vnv nation, the cure, tool, depeche mode, siouxsie and the banshees, anathema, autechre, the birthday massacre, porcupine tree, the sisters of mercy
cascada, nickelback, the offspring, scooter, ska-p, flo rida, ac/dc, groove coverage, lady gaga, paul van dyk, the killers, bon jovi, basshunter, the beatles, bryan adams, fall out boy, green day, rihanna, die ?rzte
coldplay, jason mraz, jack johnson, aretha franklin, regina spektor, belle and sebastian, amy winehouse, razorlight, tracy chapman, corinne bailey rae, lykke li, keane, colbie caillat, lily allen, shout out louds, feist, paolo nutini, the beatles, eagles, h?kan hellstr?m, kent, simon & garfunkel, the shins, josé gonzález, kt tunstall, mika, the killers, the cardigans, john mayer, jem, franz ferdinand, duffy, jordin sparks, dido, porcupine tree
crystal castles, the ting tings, klaxons, ladytron, le tigre, mgmt, santogold, johann sebastian bach, antonio vivaldi, digitalism, kraftwerk, late of the pier, lily allen
billie holiday, ani difranco, pink floyd
faithless, queen, enya, 3 doors down, 30 seconds to mars, nine inch nails, the strokes, massive attack, pink, the shins, the killers, joshua radin, eels, various artists, audioslave, fall out boy, dave matthews band, dido, beck, maroon 5
ferry corsten, above & beyond, r?yksopp, 2pac, gnarls barkley, the prodigy, black eyed peas, moby
die ?rzte, johnny cash, cannibal corpse, social distortion, reel big fish, darkthrone, deichkind, b?hse onkelz, me first and the gimme gimmes
cradle of filth, enter shikari, anathema, in flames, apoptygma berzerk, finntroll, marilyn manson, funeral for a friend
belle and sebastian, pulp, arcade fire, jens lekman, camera obscura, stars, ennio morricone, the national, the pipettes, shout out louds
ramones, pantera, volbeat, flogging molly, rancid, slipknot, metallica, rammstein
green day, garbage, the white stripes, the shins, blur, pink floyd, red hot chili peppers, tenacious d, bad religion, the beatles, tool, the faint, the smashing pumpkins, air, the who, flogging molly, foo fighters, the killers, the flaming lips, tom waits, ramones, the mountain goats, gorillaz, the postal service, led zeppelin, sonic youth, bright eyes, david bowie, interpol, frou frou, jimi hendrix, radiohead, they might be giants, the dandy warhols, pinback, against me!, beck, the cranberries
seether, paramore, red hot chili peppers, coldplay, elton john, the cure, streetlight manifesto, incubus, bob marley & the wailers, blink-182, stone temple pilots, the doors, hot hot heat, linkin park, new found glory, judas priest, the who, apocalyptica, good charlotte, green day, rush, radiohead, staind, foo fighters, anberlin, bowling for soup, ac/dc, switchfoot, dashboard confessional, brand new, papa roach, queen, bon jovi, the all-american rejects, flogging molly, the rolling stones, alice cooper, oasis, david bowie, reel big fish
the velvet underground, echo & the bunnymen, morrissey, dead can dance, cocteau twins, siouxsie and the banshees, the smiths, crystal castles, the last shadow puppets, lou reed, david bowie, the cure, bauhaus, depeche mode, joy division, leonard cohen, iggy pop, the sisters of mercy, the stone roses, the clash
neil young, bonnie prince billy, okkervil river, social distortion, bob dylan, dropkick murphys, b?hse onkelz, nada surf, wilco, iron & wine, ryan adams, bright eyes, bon iver, the national, r.e.m., leonard cohen, radiohead, stars, air
arctic monkeys, the killers, jimmy eat world, blink-182, angels & airwaves, taking back sunday, the hives, beatsteaks, linkin park, funeral for a friend, babyshambles, paramore, my chemical romance, thomas newman, kt tunstall, afi, n*e*r*d, the postal service, billy talent, [unknown], the cardigans, coheed and cambria, blur, the offspring, phoenix, muse, cobra starship, kosheen, the strokes, kate nash, kanye west, the dillinger escape plan, b?hse onkelz
converge, tool, isis, mastodon, queens of the stone age, meshuggah, minus the bear, opeth, nine inch nails, death from above 1979, interpol, m.i.a., melvins, the mars volta, misfits, minor threat, system of a down, explosions in the sky, a day to remember, sigur rós, alexisonfire, dethklok, gojira, primus
iron maiden, dio, manowar, black sabbath, nightwish, deep purple, metallica, judas priest, evanescence, vader, children of bodom, rammstein, queen, led zeppelin
los hermanos, maroon 5, nickelback, counting crows, the corrs, hard-fi, katy perry, u2, michael jackson, dashboard confessional, fergie, onerepublic, seeed, the fray, amy winehouse, kt tunstall, die ?rzte, colbie caillat, arctic monkeys
vnv nation, apoptygma berzerk, tori amos, nine inch nails, the cure, rammstein, faithless, morcheeba, moby, depeche mode, johnny cash, anna ternheim, r.e.m., kent, kosheen, combichrist, theatre of tragedy, moloko
marilyn manson, the cure, after forever, vnv nation, infected mushroom, lacuna coil, system of a down, the 69 eyes, scorpions, portishead, dark tranquillity, apocalyptica, nirvana, deftones, epica, tool
madonna, seal, chicane, the cure, nickelback, fleetwood mac, u2, high contrast, mary j. blige, aretha franklin
pink, chris brown, beyoncé, alicia keys, kelly clarkson, kate bush, avril lavigne, jordin sparks, ashlee simpson, 50 cent, jennifer lopez, panic at the disco
koЯn, vader, the offspring, pantera, slayer, dimmu borgir, static-x, nile, ska-p, the dillinger escape plan, metallica, in flames, bloodbath, hypocrisy, queen, rage against the machine
iron maiden, depeche mode, vangelis, helloween, metallica, ac/dc, queen, the cure, mot?rhead, u2, guns n roses, sepultura, inxs, kiss, deep purple, megadeth, manowar, aerosmith, van halen, mike oldfield, ozzy osbourne, bon jovi, roxette, johann sebastian bach, m?tley crüe, howard shore
the beatles, jason mraz, sublime, a fine frenzy, porcupine tree, clueso, queen, howard shore, jack johnson, incubus, the hush sound, feeder, good charlotte, nada surf, razorlight, abba, green day, the shins, joshua radin, mando diao, dashboard confessional, bob marley & the wailers, city and colour, thomas newman, elliott smith, nirvana, mika, vampire weekend, oasis, papa roach, paul mccartney, bob marley
cat power, ray charles, cold war kids, the kills, autechre, bat for lashes, spoon, the kooks, foals, kings of leon, black rebel motorcycle club, simian mobile disco, jedi mind tricks, m.i.a., eddie vedder, cut copy, kanye west, ratatat, cunninlynguists, the shins, daft punk, lykke li, mf doom
elvis presley, the beach boys, frank sinatra, simon & garfunkel, creedence clearwater revival, abba, the rolling stones, the kinks, the beatles, louis armstrong, aretha franklin, bee gees, stevie wonder, bob dylan, john lennon, ray charles, otis redding, the doors, marvin gaye, eagles, elton john, james brown, van morrison
the knife, enter shikari, atreyu, hot chip, iron maiden, kings of leon, mindless self indulgence, coheed and cambria, muse, nick drake, bloc party, pendulum, the white stripes, the pigeon detectives, daft punk, the verve, jet, john williams, the wombats, the dandy warhols, black eyed peas, the beach boys
pink martini, philip glass, antony and the johnsons, frank sinatra, the cinematic orchestra, louis armstrong, sting, sufjan stevens, buena vista social club, michael bublé, al green, queen, nouvelle vague, john coltrane, the doors, air, the dillinger escape plan, beirut, deep purple, the beatles, the white stripes, aphex twin, mike oldfield, moby, arcade fire, led zeppelin, katie melua, pink floyd, ludwig van beethoven, eric clapton, joy division, cat power, portishead, norah jones
dropkick murphys, apocalyptica, die toten hosen, deus, afi, foo fighters, me first and the gimme gimmes, manu chao, anthrax, in extremo, subway to sally, bad religion, pennywise, the hives, misfits, anti-flag, green day, nofx, reel big fish, nine inch nails, ska-p, gogol bordello, mando diao
god is an astronaut, slipknot, bullet for my valentine, avril lavigne, 36 crazyfists, 30 seconds to mars, static-x, skillet, p.o.d., three days grace, atb, in flames, papa roach, all that remains, trivium, 3 doors down, chiodos, linkin park, nickelback, mudvayne, hoobastank, atreyu, the rasmus, dope, sepultura, devildriver, lacuna coil, scar symmetry
descendents, dethklok, dead kennedys, ramones, chet baker, devo, the doors, the clash, madness, creedence clearwater revival, misfits, led zeppelin
placebo, muse, clint mansell, papa roach, system of a down, travis, apocalyptica, linkin park, guano apes, skillet, the prodigy, armin van buuren, paul van dyk, amon tobin, the rasmus, tarja turunen, era, paul oakenfold, moby, robbie williams, nirvana
amy winehouse, blondie, duffy, calexico, dj shadow, tricky, erykah badu
foo fighters, red hot chili peppers, common, 2pac, hans zimmer, eminem, u2, de la soul, nas, dmx, public enemy, beastie boys, audioslave, breaking benjamin, a tribe called quest, john williams, snow patrol, ac/dc, green day, incubus, alter bridge, enya, linkin park, lupe fiasco
pendulum, three days grace, system of a down, linkin park, rise against, paramore, skillet, fall out boy, apocalyptica, gorillaz, papa roach, fatboy slim, ill ni?o, pink, slipknot, lady gaga, basshunter, katy perry, 30 seconds to mars, disturbed, breaking benjamin, matisyahu
beirut, adam green, crystal castles, amy winehouse, madonna, goldfrapp, late of the pier, the magnetic fields, m83, cut copy, santogold, janis joplin, marilyn manson, devendra banhart, feist, duffy, yeah yeah yeahs, bj?rk, ratatat, the go! team, andrew bird, the beatles
tegan and sara, katie melua, bowling for soup, volbeat, my chemical romance, ramones, paramore, the white stripes, bullet for my valentine, the sounds, linkin park, panic at the disco, avril lavigne, franz ferdinand, amy macdonald, the subways, marilyn manson, billy talent
dmx, snoop dogg, ludacris, de la soul, mos def, nickelback, disturbed, nas, t.i., 50 cent, jamiroquai, kanye west, queen, red hot chili peppers, dj shadow, beastie boys, rihanna, blondie
belle and sebastian, the beatles, johnny cash, katie melua, dido, regina spektor, norah jones, elvis presley, dire straits, billy joel, abba, kylie minogue, queen, alicia keys, the who, kate bush, fleetwood mac, the kinks, emilie simon, kt tunstall, bryan adams, lily allen, green day, ennio morricone
faith no more, jedi mind tricks, rush, aesop rock, venetian snares, boards of canada, atmosphere, roots manuva, autechre, asian dub foundation, stone temple pilots, disturbed, amon tobin, the crystal method, the future sound of london, sneaker pimps, pearl jam, squarepusher, the prodigy, beastie boys, infected mushroom, aphex twin, alice in chains
daft punk, bob marley & the wailers, erykah badu, rise against, the white stripes, bob marley, cansei de ser sexy, the cardigans, amy winehouse, chico buarque, pearl jam, jamiroquai, corinne bailey rae, the cranberries, foo fighters, gnarls barkley, jurassic 5, chris cornell, imogen heap, counting crows, black eyed peas, radiohead, iron maiden, jamie cullum
akurat, katy perry, maroon 5, myslovitz, rihanna, lamb, red hot chili peppers, leona lewis
kings of leon, the kills, manu chao, kt tunstall, jack johnson, amy winehouse, kate nash, nirvana, eels, cocorosie, [unknown], eagles of death metal, queens of the stone age, norah jones, carla bruni, the strokes, frank sinatra, nelly furtado, sublime, the white stripes, arctic monkeys, no doubt, django reinhardt, system of a down, the doors, air, red hot chili peppers, ska-p
king crimson, the mars volta, tom waits, kult, black sabbath, porcupine tree, radiohead, talking heads, pain of salvation, the verve, genesis, pink floyd, portishead, metallica, opeth, deep purple, the who, faith no more, tool, peter gabriel, rush, isis, riverside, u2, frank zappa, joy division, elliott smith, steely dan, the jimi hendrix experience, nick drake, agalloch, bj?rk, manic street preachers, marillion, the velvet underground, the smiths, blur, mastodon, godspeed you! black emperor, queen
imogen heap, a perfect circle, linkin park, disturbed, hoobastank, breaking benjamin, evanescence, jimmy eat world, frou frou, funeral for a friend, koЯn, t.a.t.u., relient k, my chemical romance, michael jackson, paramore, lostprophets, lady gaga, mindless self indulgence, enrique iglesias, panic at the disco, godsmack, the used, kings of leon, nickelback, sum 41, kylie minogue, afi, aerosmith, dido, janet jackson
bob marley & the wailers, arctic monkeys, children of bodom, thin lizzy, the jimi hendrix experience, dream theater, jimi hendrix, farin urlaub, in flames, van halen, snow patrol, clueso, my chemical romance, nofx, limp bizkit, rise against, slipknot, amorphis, bob marley, kings of leon, the libertines, foo fighters, rancid, p.o.d., opeth
jason mraz, cobra starship, bon iver, shiny toy guns
justice, daft punk, the chemical brothers, groove armada, the prodigy, ferry corsten, moby, digitalism, m.i.a.
jay-z, morcheeba, dj shadow, talib kweli, jedi mind tricks, jack johnson, john legend, jurassic 5, amy winehouse, cunninlynguists, coldplay, gnarls barkley, mos def, james morrison, vampire weekend, kt tunstall, gorillaz, josé gonzález, alicia keys, thievery corporation, kings of leon, nelly furtado, razorlight, kanye west
guano apes, eminem, paramore, metallica, arctic monkeys, red hot chili peppers, dido, depeche mode, nickelback, green day, oasis, timbaland, the prodigy, flyleaf, lamb, kelly clarkson, roxette, clint mansell, limp bizkit, fall out boy, justin timberlake
fugazi, pixies, nofx, the new pornographers, nine inch nails, converge, amon tobin, flying lotus, beck, crystal castles, the go! team, metallica, dj shadow, john frusciante, eddie vedder, the distillers, at the drive-in, the hives, the dillinger escape plan
porcupine tree, black sabbath, incubus, rush, the cure, beck, u2
the beatles, dark tranquillity, ska-p, apocalyptica, iggy pop
[hans zimmer]
christina aguilera, róisín murphy, robyn, britney spears, beyoncé, garbage, kosheen, mika, kate nash, evanescence, morcheeba, nick cave and the bad seeds, regina spektor, september, rihanna, yeah yeah yeahs, paramore, enya, the cardigans
the beatles, they might be giants, the smashing pumpkins, neil young, creedence clearwater revival, lagwagon
four tet, m83, gorillaz, the beatles, radiohead, justice, girl talk, massive attack, red hot chili peppers, groove armada, plaid, grateful dead, nirvana, dethklok, the prodigy, zero 7, pixies, santana, aphex twin, grizzly bear, gnarls barkley, fatboy slim, john williams, david bowie, black sabbath, james brown, thievery corporation
shakira, amy winehouse, alicia keys, t.a.t.u., bj?rk, m.i.a., john legend, regina spektor, cocorosie, emilíana torrini, evanescence, rihanna, goldfrapp, keane, joss stone, devendra banhart, madonna, enya, fiona apple, the killers, britney spears, frou frou, ani difranco, cat power, céline dion, blonde redhead, mariah carey, r?yksopp, gnarls barkley, corinne bailey rae, the dresden dolls, dido, the white stripes, santogold, erykah badu, no doubt, chris brown
okkervil river, the shins, bonnie prince billy, broken social scene, neil young, simon & garfunkel, thin lizzy, tom waits, yo la tengo, pink floyd, tv on the radio, architecture in helsinki, death cab for cutie, neutral milk hotel, queen, ac/dc, built to spill, clap your hands say yeah, pavement, spoon, john lennon, stars, devendra banhart, ryan adams, bright eyes, m. ward, the magnetic fields
katie melua, aerosmith, seal, diana krall, sting, jamiroquai
tom waits, trentem?ller, talking heads, mgmt, johann sebastian bach, air, stereolab, kimya dawson, amy winehouse, the smiths, vampire weekend, deichkind, toto, the kinks, the cure
faithless, kosheen, radiohead, paul oakenfold, sugababes, eminem, moby, nelly furtado, air, the prodigy, soundtrack, manu chao, scooter, red hot chili peppers, various artists, david guetta, dido, howard shore, the cranberries, dredg, trentem?ller, oomph!, linkin park, delerium, scissor sisters, theatre of tragedy, r?yksopp, era, [unknown], guano apes
sufjan stevens, minus the bear, the get up kids, death cab for cutie, iron & wine
interpol, amy winehouse, pendulum, editors, john legend, spoon, r?yksopp, klaxons, morcheeba, britney spears, coldplay, asian dub foundation, the kooks, james blunt, bloc party, frou frou, lcd soundsystem, the killers, muse, the prodigy, thom yorke, nada surf, simian mobile disco, dido, panic! at the disco, arctic monkeys, incubus, moby, the wombats, imogen heap, placebo, the go! team
matchbox twenty, coldplay, jonas brothers, onerepublic, nine inch nails, kanye west, tegan and sara, shakira, the killers, oasis, placebo, pink floyd, the fray, jason mraz, the used, radiohead, lupe fiasco, britney spears, the all-american rejects, maroon 5, katy perry, jack johnson, paramore, the beatles, the academy is..., keane, mgmt, plain white ts, lily allen, kings of leon
[cypress hill]
air, devendra banhart, nick cave and the bad seeds, the smiths, johnny cash, radiohead, calexico, pixies, koop, nina simone, pj harvey, the jam, josé gonzález, buzzcocks, goldfrapp, leonard cohen, primal scream, philip glass
rise against, arctic monkeys, underoath, coldplay, taking back sunday, bullet for my valentine, bring me the horizon, the fall of troy, kings of leon, senses fail, motion city soundtrack, daft punk, switchfoot, escape the fate, parkway drive, the presets, sum 41, ac/dc, foo fighters, jet, bloc party, queens of the stone age, linkin park, my chemical romance, breaking benjamin, relient k, blink-182, anberlin, kanye west, mgmt, atreyu, system of a down
foals, panic at the disco, fall out boy, lostprophets, the beatles, coldplay, paramore, say anything, radiohead, coheed and cambria, vampire weekend, sum 41, fleet foxes, queens of the stone age, bring me the horizon, muse, billy talent, 30 seconds to mars, linkin park, david bowie, refused
depeche mode, girl talk, my chemical romance, goldfrapp, katie melua, bon jovi, foo fighters, mgmt, oasis, the killers, soundtrack, the beatles, snow patrol, linkin park, matchbox twenty, franz ferdinand, the offspring, lenny kravitz, [unknown], moby, tricky, blur, the streets, armin van buuren, amy winehouse, nine inch nails, various artists, electric six, kt tunstall, queen, ferry corsten
nofx, descendents, ramones, lagwagon, mot?rhead, green day, death cab for cutie, slayer, rise against, the weakerthans, the bouncing souls, rancid, the album leaf, metallica, dead kennedys
opeth, howard shore, mudvayne, koЯn, anathema, korpiklaani, drowning pool, guano apes, killswitch engage, finntroll, machine head, system of a down, soilwork, amon amarth, nine inch nails, katatonia, delerium, ensiferum, nightwish, rob zombie, apocalyptica, sonata arctica, rammstein, static-x, fear factory, moby, chimaira, soulfly, marilyn manson, various artists, deftones, serj tankian, slipknot
blink-182, lil wayne, the game, 44, akon, limp bizkit, 2pac, jedi mind tricks, kanye west, nirvana, immortal technique, eminem, sublime, red hot chili peppers, matisyahu
u2, enigma, clint mansell, pink floyd, linkin park
jamiroquai, busta rhymes
kamelot, enya, imogen heap, flogging molly, rammstein, manowar, frou frou, howard shore, stars, infected mushroom, dragonforce, mike oldfield, vnv nation
the cure, gorillaz, buena vista social club, coldplay, blur, oasis, st. germain, travis, u2, keane, fatboy slim, the verve, radiohead, stereophonics, adele, franz ferdinand, kate nash, kaiser chiefs, muse, goldfrapp, corinne bailey rae
cake, reel big fish, pink floyd, red hot chili peppers, gym class heroes, the offspring, incubus, jason mraz, panic at the disco, the all-american rejects, weezer, limp bizkit, jamie cullum, jet, black eyed peas, led zeppelin, ok go, outkast, my chemical romance
deftones, stone sour, ill ni?o, eluveitie, korpiklaani, disturbed, apocalyptica, rammstein, stratovarius, serj tankian, dope, godsmack, sepultura, mudvayne, chimaira, burzum, slipknot, drowning pool, in flames, arch enemy, guano apes, lordi, marilyn manson, katatonia, scar symmetry, amon amarth, seether, gojira
faithless, dr. dre, the roots, nas, notorious b.i.g., rage against the machine, the prodigy, massive attack, mylo, the game, groove armada, daft punk, fatboy slim, the crystal method, underworld, nelly furtado, dj shadow, orbital
caetano veloso, tom waits, soundtrack, bob marley & the wailers, peter gabriel, bob marley, nina simone, buena vista social club
mirah, the magnetic fields, paul simon, the raveonettes, my morning jacket, erykah badu, pj harvey, simon & garfunkel, loreena mckennitt
anthrax, bloodhound gang, me first and the gimme gimmes, gamma ray, ben folds, helloween, live, porcupine tree, reel big fish, ben folds five, flogging molly, garbage, system of a down, queen, green day, blink-182, the offspring, queensr?che, primus
nine inch nails, eminem, pearl jam, blink-182, marilyn manson, rage against the machine, u2, tool, papa roach, flogging molly, bryan adams, nirvana, him, afi, linkin park, me first and the gimme gimmes, sum 41, live, red hot chili peppers
sonata arctica, rhapsody of fire, stratovarius, nightwish, edguy, kamelot
the fall, yo la tengo, the beatles
moby, shpongle, clint mansell, system of a down, serj tankian, yann tiersen, editors, paul van dyk, pearl jam, trentem?ller
massive attack, groove armada, nine inch nails, the rasmus, avril lavigne, scissor sisters, madonna, green day, john williams, the dandy warhols, linkin park, maroon 5, electric six, t.a.t.u., black eyed peas, rammstein, digitalism, infected mushroom, gorillaz, robbie williams, the prodigy, morcheeba, kosheen, paul van dyk, goldfrapp, the corrs, coldplay, nickelback, marilyn manson, hans zimmer, high contrast, alanis morissette, ashlee simpson, fatboy slim, britney spears, the offspring, panic at the disco
coldplay, the chemical brothers, groove armada, underworld, faithless, elbow, the prodigy, pink floyd, madonna, moby, portishead, fatboy slim, radiohead, kings of leon, the beatles, massive attack, snow patrol, david bowie, r.e.m., rihanna, kaiser chiefs, the killers, the ting tings, robbie williams, vampire weekend, stereophonics, leona lewis, the white stripes, nickelback, goldfrapp, red hot chili peppers, basement jaxx, the verve, beastie boys, black sabbath, kanye west, kasabian, kylie minogue, u2, air, foo fighters, busta rhymes, cypress hill, duffy, led zeppelin, daft punk, michael jackson
red hot chili peppers, sonic youth, pearl jam, faith no more, the smashing pumpkins, nine inch nails, foo fighters, soundgarden, stone temple pilots, a perfect circle, rage against the machine, alice in chains, primus, at the drive-in, incubus, led zeppelin, nirvana, placebo, anathema, deftones, tool, opeth, silverchair, queens of the stone age, apocalyptica, apoptygma berzerk, radiohead, pantera, chris cornell, afi, green day, muse, audioslave, the mars volta, portishead, theatre of tragedy, the white stripes, depeche mode
sting, vangelis, aphex twin, pink floyd, tv on the radio, louis armstrong, guns n roses, amon tobin, pendulum, garbage, creedence clearwater revival, the beatles, simon & garfunkel, bob dylan, dj shadow, eric clapton, brian eno, enya, duran duran, aerosmith, hans zimmer, boards of canada, the white stripes, the cinematic orchestra, led zeppelin, bob marley, queen, the doors, moby
the presets, fischerspooner, she wants revenge, jurassic 5, ladytron, depeche mode, echo & the bunnymen, amy winehouse, the sisters of mercy, bad religion, sublime, digitalism, thievery corporation, siouxsie and the banshees, the offspring, the cure, new order, the stone roses, cut copy, daft punk, the police, morrissey, the clash, cypress hill, talking heads, duran duran, hot chip
bob dylan, the beatles, the rolling stones, los hermanos, tom waits, the doors, jimi hendrix, ryan adams, the kinks, coldplay, bon jovi, ac/dc, james brown, amy winehouse, iron maiden, manu chao, the last shadow puppets, johnny cash, eric clapton
anberlin, disturbed, papa roach, the prodigy, adema, pendulum, avenged sevenfold, breaking benjamin, armin van buuren, rise against, rammstein, dope, skillet, atb, stratovarius, bullet for my valentine, three days grace, sirenia, in flames, mindless self indulgence, static-x, ti?sto, apocalyptica, ill ni?o, sonata arctica, drowning pool, killswitch engage, theatre of tragedy, infected mushroom, saosin, all that remains
mando diao, booka shade, kings of leon, sigur rós, tenacious d, bloc party, rage against the machine, moby, digitalism, santogold, clueso, sufjan stevens, the prodigy, bonobo, the notwist, devendra banhart, goldfrapp, the album leaf, beck, crystal castles, the streets, the killers, tricky, editors, radiohead
the smiths, the beatles, no doubt, the cure, the smashing pumpkins, depeche mode, the beach boys, weezer, fall out boy, duffy, david bowie, 311, elvis presley, kanye west, u2, bob marley, britney spears, duran duran, social distortion, ramones, gwen stefani, jack johnson, morrissey, yeah yeah yeahs, interpol, incubus, beck, bj?rk, madonna, paramore, garbage, radiohead, blink-182, the police, rihanna, michael jackson, the killers, coldplay, james brown, miley cyrus, christina aguilera, jimmy eat world, new order, bright eyes, echo & the bunnymen, fiona apple, muse, nouvelle vague, tom petty and the heartbreakers, danny elfman, metallica, santogold
prince, in flames, metallica, joe satriani, dark tranquillity, foo fighters, skid row, kamelot, phil collins, iron maiden, rage against the machine, stone sour, jamiroquai, apocalyptica, stratovarius, slayer, breaking benjamin, alkaline trio, manowar, chimaira, edguy, frank sinatra, killswitch engage, megadeth, black label society, buckethead, howard shore
in flames, burial, paradise lost, anberlin, roots manuva, chevelle, volbeat, deftones, marilyn manson, silverstein, ill ni?o, breaking benjamin, opeth, katatonia, angels & airwaves, hellogoodbye, dark tranquillity, bon iver, 36 crazyfists, behemoth, mr. scruff, devildriver, evanescence, fort minor, koЯn
nine inch nails, black sabbath, pantera, queen, green day, soundtrack, the beatles, hans zimmer, soundgarden, alanis morissette, journey, disturbed
erykah badu, kanye west, n*e*r*d, gym class heroes, chris brown, the roots, hey, j dilla, róisín murphy, gorillaz, amy winehouse, happysad, lil wayne, daft punk, beastie boys, linkin park
mariah carey, beyoncé, britney spears, sugababes, jennifer lopez, leona lewis, rihanna, alicia keys, christina aguilera, lily allen, mary j. blige, amy winehouse, nelly furtado, girls aloud, timbaland
john mayer, kings of leon, pearl jam, the kooks, bruce springsteen, the rolling stones, jimi hendrix, the who, eric clapton, the beatles, santana, aerosmith, def leppard, r.e.m., paolo nutini
bob dylan, tom waits, cat power, nick drake, the shins, anna ternheim, the strokes, the smiths, babyshambles, the clash, the white stripes, beirut, belle and sebastian, fleet foxes, the libertines, radiohead, bj?rk, eels, pixies, nina simone, lou reed, yo la tengo, devendra banhart, vampire weekend, antony and the johnsons, the cardigans, feist, sonic youth, thom yorke, modest mouse, josé gonzález
andrew bird, the beatles, emilíana torrini, the roots, sufjan stevens, roots manuva, amon tobin, snow patrol, bonnie prince billy, kate nash, the rolling stones, dizzee rascal, fall out boy, n*e*r*d
nick cave and the bad seeds, infected mushroom, isis, david bowie, tool, bj?rk, tortoise, the birthday massacre, combichrist, the gathering, skinny puppy, god is an astronaut, meshuggah, pj harvey, autechre, einstürzende neubauten, mogwai, down, the dillinger escape plan, placebo, the sisters of mercy
led zeppelin, the jimi hendrix experience, moby, eric clapton, black sabbath, nirvana, jimi hendrix, foo fighters, coldplay, radiohead, cream, miles davis, red hot chili peppers, james brown, the doors, ac/dc, the rolling stones, deep purple
massive attack, various artists, dead can dance, the chemical brothers, the doors
chico buarque, los hermanos, the who, radiohead, nick drake, ben harper, the kinks, elliott smith, johann sebastian bach, neil young, jack johnson, simon & garfunkel, the doors, alice cooper, the zombies, the byrds, caetano veloso, dire straits, queen
kate nash, mika, massive attack, faithless, fischerspooner, joshua radin, gwen stefani, coldplay, air, kanye west, fergie, kimya dawson
joy division, bad brains, minor threat, descendents, dinosaur jr., tom waits, black flag, afi, interpol, my bloody valentine, radiohead, sonic youth, explosions in the sky, brand new
paramore, poets of the fall, avril lavigne, finntroll, the all-american rejects, the hush sound, lady gaga, lordi, september, evanescence, katy perry, red hot chili peppers, bowling for soup, my chemical romance, fall out boy, howard shore, nine inch nails, sigur rós, elbow, blink-182, the prodigy, muse
rihanna, dire straits, sugababes, queen, robbie williams, pink, madonna, britney spears, creedence clearwater revival, sean paul, enrique iglesias, kylie minogue, genesis, fatboy slim, within temptation, bruce springsteen, george michael, james blunt, kate nash, mika, roxette, bloodhound gang, the kooks, kelly clarkson, limp bizkit, shakira, black eyed peas, maria mena, christina aguilera, red hot chili peppers, robyn, timbaland, amy macdonald, avril lavigne, evanescence, michael jackson, bryan adams, lenny kravitz, nickelback
[unknown], various artists
iron maiden, velvet revolver, breaking benjamin, godsmack, the offspring, akurat, nirvana, sepultura, bullet for my valentine, rise against, mot?rhead, aerosmith, coldplay, dragonforce, metallica
moby, deftones, muse, system of a down, u2, dir en grey, rammstein, marilyn manson, the books, the prodigy, morcheeba, franz ferdinand, unkle, depeche mode, beck, dredg, tool, fatboy slim, blur, placebo, pain, peter bjorn and john
dropkick murphys, ignite, lagwagon, rise against, misfits, die toten hosen, comeback kid, tenacious d, deichkind, black flag, hatebreed, anti-flag, gogol bordello
darkthrone, judas priest, bathory, iron maiden, morbid angel, amorphis, blind guardian, johann sebastian bach, black sabbath, immortal, genesis, at the gates, rush, burzum, kraftwerk, slayer
epica, korpiklaani, nightwish, therion, my dying bride, finntroll, tristania, satyricon, dimmu borgir, opeth
the hives, panic at the disco, dropkick murphys, adam green, fall out boy, the streets, cansei de ser sexy, lil wayne, r?yksopp, dizzee rascal, nelly, kaiser chiefs, maroon 5, the killers, millencolin, kanye west, basement jaxx, the fratellis, linkin park, franz ferdinand, blur, sneaker pimps, lily allen, rancid, the kills, the whitest boy alive, timbaland, arctic monkeys, the clash
david guetta, the cardigans, dj krush, yann tiersen, enigma, red hot chili peppers, the crystal method, nirvana, pink floyd, [unknown], morcheeba, moby
dead can dance, manowar, metallica, queen, bob marley & the wailers
john mayer, sara bareilles, regina spektor, bon iver, corinne bailey rae, kings of leon, kate nash, imogen heap, colbie caillat, john legend, coldplay, dave matthews band, sia, frou frou, jamie cullum, john coltrane
the shins, josé gonzález, cocorosie, sufjan stevens, norah jones, radiohead, rilo kiley, damien rice, [unknown], red hot chili peppers, akira yamaoka, metric, hans zimmer, the kooks, paolo nutini, tracy chapman, feist, pj harvey, the dresden dolls, the cranberries, tegan and sara, the postal service, kate nash, pearl jam, lykke li, oasis, the police, eels, enter shikari, howard shore, staind, joanna newsom, mogwai
the flaming lips, beck, neutral milk hotel, death from above 1979, led zeppelin, simon & garfunkel, vampire weekend, tegan and sara, daft punk, the academy is..., the shins, animal collective, crystal castles, red hot chili peppers, the beatles, rilo kiley, modest mouse, the postal service, nirvana, explosions in the sky, mgmt, sonic youth, foo fighters, panic at the disco, taking back sunday, radiohead, incubus, pink floyd, ac/dc, kings of leon, a-ha, the killers, john mayer, sufjan stevens, ratatat, aerosmith, bright eyes, the strokes
linkin park, delerium, enter shikari, escape the fate, atb, senses fail, funeral for a friend, finch, story of the year, bring me the horizon, bullet for my valentine, 30 seconds to mars, ti?sto
the prodigy, limp bizkit, the chemical brothers, moby, mylo, alicia keys, cut copy, daft punk, pendulum, amy winehouse, bob marley & the wailers, m83, gorillaz, placebo, crystal castles, fatboy slim, ti?sto, t.a.t.u., digitalism, apparat, high contrast
delerium, paul oakenfold, enigma, goldfrapp, ti?sto, dj shadow, air, shpongle, tricky, mike oldfield, tosca, depeche mode, m83, télépopmusik, vangelis, kosheen, groove armada, blank & jones, jazzanova, pet shop boys, st. germain
roxette, r.e.m., madonna, duran duran, the beatles, queen, u2, depeche mode, kylie minogue, electric light orchestra, pet shop boys, blondie, tori amos, barenaked ladies, scissor sisters, the smiths, blur, morrissey, stereophonics, oasis, snow patrol, sheryl crow, kasabian, new order, keane
jens lekman, modest mouse, camera obscura, sigur rós, m.i.a., iron & wine, okkervil river, cat power, the flaming lips, the magnetic fields, feist, the shins, the beatles, bob dylan, beirut, joanna newsom, lily allen, the go! team, animal collective, neutral milk hotel, the smashing pumpkins, bon iver, belle and sebastian, the decemberists, kanye west, the arcade fire
mf doom, mastodon, bad brains, madvillain, the white stripes, red hot chili peppers, tv on the radio, outkast, ratatat, cream, justice, black flag, dj shadow, the go! team, m83, misfits, nas, bob marley & the wailers, air, wu-tang clan, the strokes, queens of the stone age, j dilla, rage against the machine, flying lotus, aesop rock, portishead, the fall of troy, tokyo police club, sublime, animal collective, mot?rhead, at the drive-in, arctic monkeys, m.i.a., built to spill, iron maiden, notorious b.i.g., public enemy, rjd2
elvis presley, the magnetic fields, bonnie prince billy, miles davis, the white stripes, devendra banhart, animal collective, le tigre, the books, andrew bird, philip glass, prefuse 73, chet baker, the flaming lips, the zombies, spoon, nick drake, belle and sebastian, architecture in helsinki, the shins, clap your hands say yeah
jack johnson, queens of the stone age, red hot chili peppers, three days grace, arctic monkeys, antony and the johnsons, the black keys, the smashing pumpkins, akon, low, n*e*r*d, iron & wine, john frusciante, eminem, oasis, 50 cent, kaiser chiefs, the last shadow puppets, atmosphere, franz ferdinand, the beatles, basement jaxx, josé gonzález, babyshambles, the white stripes, 65daysofstatic, snoop dogg, beastie boys, cocorosie, metallica, foo fighters, ben harper, tool, the raconteurs, 3 doors down, eagles of death metal, the streets, the chemical brothers
pj harvey, brian eno, beirut, tegan and sara, gotan project, david gray, belle and sebastian, radiohead, antony and the johnsons, faithless, bruce springsteen
dead can dance, bauhaus, anathema, skinny puppy, portishead, black sabbath, the cure, nightwish, combichrist, amorphis, dream theater, siouxsie and the banshees, led zeppelin, paradise lost, dimmu borgir, aphex twin, cannibal corpse, leonard cohen, tool, cradle of filth
sonic youth, crystal castles, burial, deerhoof, stereolab, the knife, ratatat, cocorosie, late of the pier, animal collective, cut copy, architecture in helsinki, boards of canada, cansei de ser sexy, deerhunter
the beatles, billy joel, simon & garfunkel, bob dylan, coldplay, the rolling stones, tom waits, johnny cash, cat stevens, weezer, the who, death cab for cutie, wilco, mika, the beach boys, red hot chili peppers, queen, flight of the conchords, pink floyd, blink-182, bon jovi, keane, u2, ramones, jimmy eat world, sarah mclachlan, franz ferdinand, electric light orchestra, frank sinatra, green day, bowling for soup, feist
bob marley, foo fighters, ozzy osbourne, elvis presley, scorpions, switchfoot, phil collins, iron maiden
coldplay, jack johnson, shakira, the killers, radiohead, paolo nutini, lifehouse, james blunt, imogen heap, damien rice, frou frou, snow patrol, jem, sara bareilles, bob marley
moby, parov stelar, coldplay, r.e.m., radiohead, garbage, manu chao, the crystal method, travis, anathema, gotan project, abba, nouvelle vague, pink floyd, r?yksopp, morcheeba, the smashing pumpkins, kings of convenience, metallica, unkle, katatonia, the beatles, placebo, razorlight, faithless, massive attack, oasis, deep purple, bad religion, moloko, red hot chili peppers, iron maiden, kings of leon, linkin park, nirvana, rage against the machine, arctic monkeys, sting, blink-182, blur
inxs, 3 doors down, red hot chili peppers, bryan adams, oasis, enigma, papa roach, the doors, green day, pearl jam, fort minor, coldplay, the verve, deep purple
led zeppelin, aphex twin, pink floyd, bad brains, devo, brian eno, buzzcocks, the smashing pumpkins
foo fighters, damien rice, ben harper, jack johnson, rage against the machine, pearl jam, nine inch nails, james brown, audioslave, sufjan stevens, feist, nirvana, johnny cash, josé gonzález, clueso, tenacious d, bob marley & the wailers, erykah badu, stevie wonder
sting, john mayer, matchbox twenty, frank sinatra, pearl jam, barenaked ladies, third eye blind, counting crows, beastie boys, tom petty and the heartbreakers, santana
tiamat, anathema, the dresden dolls, nightwish, the white stripes, the beatles, gojira, agalloch, theatre of tragedy, gorillaz, moonspell, helloween, clint mansell, a perfect circle
the distillers, anti-flag, metric, britney spears, the faint, pixies, red hot chili peppers, the smiths
the beatles, dave matthews band, jack johnson, ben folds, john mayer, jason mraz, u2, led zeppelin, coldplay, ryan adams, ben folds five, the smashing pumpkins, pearl jam, simon & garfunkel, counting crows, cake, van morrison, fleetwood mac, nirvana, the rolling stones, modest mouse, neil young, pink floyd, paul mccartney, damien rice, johnny cash, the flaming lips, elton john, creedence clearwater revival, the kinks, the who, michael jackson, feist, [unknown], the mars volta, beck, iron & wine, gnarls barkley, outkast, ray charles
bj?rk, r?yksopp, madonna, robbie williams, dido, michael jackson, nine inch nails, kylie minogue, maroon 5, a-ha, moby, sigur rós, britney spears, avril lavigne, christina aguilera, kelly clarkson, mika, scissor sisters, lily allen, black eyed peas, nelly furtado, the beatles, gwen stefani
snow patrol, jack johnson, supergrass, placebo, red hot chili peppers, kelly clarkson, the clash, the killers, razorlight, queen, afi, panic! at the disco, feeder, kaiser chiefs, gorillaz, the kooks, the all-american rejects, coldplay, blur, the beatles, klaxons, damien rice, britney spears, the white stripes, alkaline trio
sufjan stevens, robbie williams, death cab for cutie, flight of the conchords, john mayer, hellogoodbye, saves the day, elliott smith, kanye west, against me!, nada surf, mgmt, damien rice, enrique iglesias, justin timberlake, motion city soundtrack, brand new, beastie boys, the smiths, frank sinatra, the white stripes, taking back sunday, prince, akon, bright eyes, elvis presley, third eye blind, ani difranco, jason mraz
anna ternheim, mike oldfield, fleetwood mac, basement jaxx, enya, imogen heap, dream theater, breaking benjamin, tool, infected mushroom, depeche mode, metallica, toto, nickelback, audioslave, jamiroquai, bob dylan, the knife, johnny cash, abba, morcheeba, the cranberries, robyn, in flames, radiohead
the beatles, nick drake, tortoise, radiohead, grizzly bear, hot chip, cat power, dizzee rascal, burial, johnny cash, talking heads, the velvet underground, kraftwerk, j dilla, neil young, marvin gaye, animal collective, deerhunter, the roots, josé gonzález, tv on the radio
kylie minogue, madonna, a-ha, prince, pet shop boys, girls aloud, atb, janet jackson, sarah mclachlan, céline dion, robyn, sugababes, elton john, michael jackson, britney spears, george michael, tori amos, enrique iglesias, onerepublic
talib kweli, 50 cent, eminem, the game, jay-z
imogen heap, burial, a-ha, jamiroquai, booka shade, justin timberlake, limp bizkit, bj?rk, underworld, hot chip, fischerspooner, trentem?ller, apparat
depeche mode, radiohead, the cure, pink floyd
girl talk, tenacious d, justice, bloodhound gang, hans zimmer, cansei de ser sexy, clint mansell, simian mobile disco, daft punk, kanye west, mark ronson, gym class heroes, danny elfman, digitalism, john williams, ratatat
imogen heap, david gray, john mayer, jeff buckley, queen, simon & garfunkel, the beatles, alanis morissette, billie holiday, sting, norah jones, red hot chili peppers, jamiroquai, james brown, radiohead, stevie wonder, jimi hendrix, nina simone, paul simon, blur, beastie boys, herbie hancock, nirvana, prince, jamie cullum, pink floyd, bob marley, miles davis, frank sinatra, lenny kravitz, gnarls barkley, beck, diana krall, nick drake, david bowie, foo fighters, incubus, michael jackson, coldplay, erykah badu, outkast
paramore, ill ni?o, stone temple pilots, daft punk, nirvana, slipknot, coldplay, t.a.t.u., audioslave, blink-182, jack johnson, pantera, rjd2, afi, echo & the bunnymen
kings of leon, eric clapton, linkin park, ac/dc, evanescence, the strokes, creedence clearwater revival, black label society, kanye west, moby, aphex twin, the crystal method, james brown, bob dylan, dave matthews band, infected mushroom, bob marley, led zeppelin, papa roach, ratatat, journey, the smashing pumpkins, timbaland, def leppard, disturbed, modest mouse, rage against the machine, drowning pool, fall out boy, dr. dre, metallica, spoon, van halen, ti?sto, fatboy slim, the chemical brothers, massive attack, cypress hill
apocalyptica, dark tranquillity, flogging molly, ramones, hatebreed, caliban, sepultura
boards of canada, modest mouse, sufjan stevens, final fantasy, gogol bordello, neutral milk hotel, manu chao, belle and sebastian, the beatles, of montreal, david bowie, the chemical brothers, andrew lloyd webber, mogwai, the mountain goats, franz ferdinand, pavement, the decemberists, the books, cat power, ratatat, beirut, ladytron, depeche mode, beck, the smiths
mogwai, rise against, refused, 65daysofstatic, death cab for cutie, beastie boys, dredg, alexisonfire, thrice, minus the bear, mindless self indulgence, biffy clyro, nine inch nails, jurassic 5, explosions in the sky, radiohead, unkle, rage against the machine, the mars volta, ben folds, de la soul, opeth, air, silverchair, muse, chiodos, nofx, 36 crazyfists, dj shadow, ben folds five, sigur rós, tool
the bouncing souls, dark tranquillity, cannibal corpse, common, dream theater, rise against, god is an astronaut, porcupine tree, metallica, anti-flag, fall out boy, iron maiden, sum 41, afi, slayer, caliban, agalloch, isis, rage against the machine, a perfect circle, descendents, katatonia, immortal technique, mogwai, nine inch nails, ulver, pearl jam
the beatles, rufus wainwright, cat power, r.e.m., morrissey, leonard cohen, belle and sebastian, pink floyd, damien rice, keane, metallica, antony and the johnsons, queen, muse, chico buarque, david bowie, the smiths, travis, the dresden dolls, john lennon, caetano veloso, coldplay, elton john, pearl jam, nick drake, foo fighters, the flaming lips, eric clapton, silverchair, cake, oasis, simon & garfunkel, aerosmith, beirut, kraftwerk, james blunt, the white stripes, ben folds five
circa survive, as i lay dying, lamb of god, the mars volta, emery, thrice, a day to remember, radiohead, thursday, sufjan stevens, the shins, saosin, chiodos, parkway drive, sigur rós, alexisonfire, atreyu, opeth, matisyahu, bob marley & the wailers, killswitch engage, senses fail, funeral for a friend, all shall perish, the blood brothers, 311, lil wayne, from first to last
the sounds, infected mushroom, linkin park, disturbed, volbeat, michael jackson, the rolling stones, the who, bob marley, ac/dc, marilyn manson, bruce springsteen, phil collins, iron maiden, soilwork, nightwish, rammstein, thin lizzy, genesis, metallica, children of bodom, dragonforce, rage against the machine, limp bizkit, nirvana, the killers, foo fighters, gnarls barkley, blink-182
thievery corporation, bob marley, red hot chili peppers, kanye west, daft punk, sublime, parov stelar, black eyed peas, gorillaz, the strokes, cake, digitalism, groove armada, cypress hill, radiohead, snoop dogg, morcheeba, aretha franklin, dj shadow, nirvana, jamiroquai, michael jackson, franz ferdinand, kings of leon, tosca
bullet for my valentine, 44, lostprophets, flyleaf, 30 seconds to mars, linkin park, blink-182, beatsteaks, the all-american rejects, goldfinger, the ataris, paramore, evanescence, billy talent, metro station, skillet, limp bizkit, from autumn to ashes
serge gainsbourg, animal collective, neutral milk hotel, roots manuva, boards of canada, the knife, miles davis, deerhunter, battles, meshuggah, beirut, flying lotus
shakira, kelly clarkson, green day, atb, the pussycat dolls, benny benassi, delerium, nelly furtado, natasha bedingfield, roxette, sonata arctica, therion, kylie minogue, travis, pink, jennifer lopez, rihanna, no doubt
mindless self indulgence, venetian snares, akira yamaoka, mf doom, me first and the gimme gimmes, johnny cash, rob zombie, electric six, le tigre
arctic monkeys, john legend, radiohead, led zeppelin, common, the pipettes, flight of the conchords, gorillaz, n*e*r*d, timbaland, placebo, garbage, michael bublé, the subways, duffy, sade, gym class heroes, fleetwood mac, the beatles, the kooks, vampire weekend, duran duran, kanye west, loreena mckennitt, the hush sound
paradise lost, meshuggah, the dillinger escape plan, scorpions, death, rhapsody of fire, carcass, behemoth, queen, enya, cannibal corpse, rush, in flames, fear factory, sonata arctica, dream theater, hypocrisy, machine head, finntroll
madonna, enrique iglesias, evanescence, r.e.m., the cardigans, atb, the cranberries, maria mena, avril lavigne, robbie williams, nelly furtado, britney spears, pet shop boys, spice girls, backstreet boys, christina aguilera, dido, onerepublic, alanis morissette
reel big fish, less than jake, streetlight manifesto, blink-182, motion city soundtrack, bloc party, the hush sound, weezer, beirut, razorlight, say anything, elliott smith, flogging molly, mindless self indulgence, billy talent, regina spektor, sum 41, michael bublé, ska-p, no doubt
[ska-p]
grateful dead, van morrison, bob marley & the wailers, tom waits, neil young, bob dylan, johnny cash, the beatles, the shins, billie holiday, leonard cohen
koЯn, pink floyd, shakira, muse, bob marley & the wailers
queen, van halen, skid row, journey
radiohead, justice, daft punk, the wombats, sigur rós, lcd soundsystem, arctic monkeys, air, boys noize, cansei de ser sexy, coldplay, mgmt, bloc party, klaxons, fleet foxes, hot chip, incubus, simian mobile disco, cut copy, bon iver, deus, crystal castles, the last shadow puppets, zero 7, thom yorke, the chemical brothers, the ting tings, girl talk, r?yksopp, peter bjorn and john, bj?rk, digitalism, jamie cullum, beirut, the prodigy, the cinematic orchestra, death cab for cutie, fischerspooner, lily allen
die toten hosen, b?hse onkelz, the rolling stones, dropkick murphys, die ?rzte, green day, nickelback, blink-182, jimmy eat world, nightwish, basshunter, reel big fish, red hot chili peppers, the offspring, farin urlaub, eminem, guns n roses, the clash
queen, johann sebastian bach, antonio vivaldi, ludwig van beethoven, [unknown], frédéric chopin, electric light orchestra, paul mccartney, elton john
david bowie, the beatles, tom waits, the who, echo & the bunnymen, the rolling stones, t. rex, the kinks, led zeppelin, pixies, kate bush, the clash, the smiths, jack johnson, nouvelle vague, van morrison, jethro tull, u2, pink floyd, buzzcocks, otis redding, paul simon, the velvet underground
kings of leon, sum 41, babyshambles, modest mouse, yeah yeah yeahs, placebo, pixies, black sabbath, deep purple, ac/dc, 30 seconds to mars, the who, iron maiden, she wants revenge, afi, misfits, queen, muse
the beatles, simon & garfunkel, bob dylan, green day, belle and sebastian, afi, the who, bruce springsteen, stars, radiohead, the shins, led zeppelin, dead kennedys, the kinks, misfits, jeff buckley, camera obscura, system of a down, pixies, jefferson airplane, the smashing pumpkins, the beach boys, ramones, my chemical romance, iron & wine, spoon, the pipettes, band of horses, david bowie, grateful dead, the white stripes, of montreal, the stone roses, from first to last, r.e.m., the cure, pink floyd, the doors
green day, linkin park, creed, nickelback, coldplay, system of a down, eminem, red hot chili peppers, pantera, eagles, [unknown], hoobastank, the corrs, bryan adams, the killers, abba, rammstein, lifehouse, avril lavigne, kylie minogue, nirvana, evanescence, enrique iglesias
queen, abba, michael jackson, maroon 5, leona lewis, marilyn manson, wolfgang amadeus mozart, rammstein, daft punk, green day, nightwish, enya, black eyed peas, armin van buuren, the chemical brothers, no doubt, andrew lloyd webber, linkin park, gwen stefani, ti?sto, shakira, madonna, blink-182, garbage, coldplay, benny benassi, koЯn, era, infected mushroom, apocalyptica, evanescence, kylie minogue
bonobo, rjd2, burial, asian dub foundation, autechre, junior boys, of montreal, josé gonzález, cocorosie, the new pornographers, hot chip, amon tobin, four tet, nightmares on wax, venetian snares, aphex twin
foo fighters, nine inch nails, nirvana, mando diao, incubus, kings of leon, matchbox twenty, muse, dredg, tool, marillion, kt tunstall, radiohead, r.e.m., live, the fray, bon jovi, placebo, goo goo dolls, the cure, bush, elvis presley, johnny cash, 3 doors down, him, seether, seeed, prince, bright eyes, marilyn manson, depeche mode, queens of the stone age, red hot chili peppers, neil young, the smashing pumpkins, david gray, eddie vedder, deftones, jack johnson, amy winehouse, ben harper
the cure, rammstein, radiohead, opeth, porcupine tree, dredg, soilwork, moonspell, feist, beck, riverside, sigur rós, goldfrapp, koЯn, queen, children of bodom, metallica, mogwai, dream theater, portishead, dark tranquillity, massive attack, blind guardian, camel, tiamat, the smiths, iamx, cradle of filth, bullet for my valentine, the prodigy
the beatles, bob dylan, the clash, flogging molly, bruce springsteen, norah jones, enya, kimya dawson, john lennon, neil young, frank sinatra, oasis, billy joel, goo goo dolls, blink-182, michael bublé, the smiths, bon jovi, tokyo police club, tom petty and the heartbreakers, 44, simon & garfunkel
the beatles, john mayer, eric clapton, razorlight, snow patrol, norah jones, death cab for cutie, matchbox twenty, dave matthews band, spoon, james morrison, kaiser chiefs, paul mccartney, doves, jamie cullum, elvis presley, rufus wainwright, john williams, ok go, the strokes, oasis, josé gonzález
the beatles, radiohead, bob dylan, the shins, múm, clap your hands say yeah, animal collective, the smiths, blonde redhead, mew, weezer, joanna newsom, interpol, louis armstrong, joy division, aphex twin, rilo kiley, bj?rk, belle and sebastian, simon & garfunkel, aimee mann, boards of canada, motion city soundtrack, regina spektor, neutral milk hotel, pinback
dr. dre, the hellacopters, matisyahu, r?yksopp, bob marley & the wailers, bob marley, millencolin, armin van buuren
led zeppelin, pink floyd, the beatles, groove armada, fatboy slim, santana, bloodhound gang, the rolling stones, the cardigans, nelly furtado
bloc party, coldplay, sublime, the killers, queens of the stone age, system of a down, pink floyd, amy winehouse, los hermanos, counting crows, the kooks, rage against the machine, the smashing pumpkins, foo fighters, yeah yeah yeahs, placebo, alanis morissette, u2, saosin, weezer, the verve, kings of leon, james blunt, the white stripes, the raconteurs, the strokes, damien rice, the breeders, muse, death cab for cutie, clap your hands say yeah, eddie vedder, the hives, cypress hill, pixies, john mayer, the gossip, the raveonettes
finntroll, ensiferum, korpiklaani, turisas, darkthrone, amon amarth, burzum, mew
radiohead, cold war kids, godspeed you! black emperor, fugazi, gorillaz, circa survive, cursive, frank zappa, the dillinger escape plan, iron & wine, battles, pixies, explosions in the sky, converge, elbow, madvillain, the jimi hendrix experience, joy division, melvins, jimi hendrix, black rebel motorcycle club, the white stripes, death from above 1979, the rolling stones, black flag
timbaland, kanye west, 30 seconds to mars, james morrison, anathema, james blunt, ne-yo, rammstein, evanescence, staind, mogwai, schandmaul, nine inch nails, justin timberlake, incubus, slipknot, lenny kravitz, coldplay, die toten hosen, in flames, queen
three days grace, taking back sunday, shakira, justin timberlake, muse, nelly furtado, the postal service, abba, ok go, something corporate, maroon 5, cute is what we aim for, hellogoodbye, madonna, missy elliott, coldplay, britney spears
oomph!, manowar, guns n roses, breaking benjamin, slipknot, cradle of filth, combichrist
the gathering, the mars volta, volbeat, helloween, rush, riverside, avenged sevenfold, dream theater
the knife, shpongle, air, buena vista social club, trentem?ller, explosions in the sky, boards of canada, crystal castles, aphex twin, bonobo
cascada, groove coverage, above & beyond, scooter, blank & jones, atb, kelly clarkson
wu-tang clan, django reinhardt, the beach boys, paul simon, billie holiday, kiss, phil collins, the kinks, the rolling stones, deep purple, scorpions, creedence clearwater revival, sabaton, the stone roses, iron maiden, ella fitzgerald, dr. dre, queen, genesis
placebo, jack johnson, the decemberists, robbie williams, alice in chains, marilyn manson, faith no more, lenny kravitz, pixies, phil collins, led zeppelin, black sabbath, silverchair, creed, the smiths, pearl jam, ryan adams, nirvana, rage against the machine, soundgarden, blur, stevie wonder, radiohead, audioslave, snoop dogg
within temptation, placebo, lacuna coil, three days grace, volbeat, poets of the fall, rise against, my chemical romance, him, paramore, the 69 eyes, 30 seconds to mars, sentenced, breaking benjamin, nightwish, red.jumpsuit.apparatus, fall out boy, sonata arctica, panic at the disco, evanescence, ignite, system of a down, the rasmus, apocalyptica
bauhaus, sodom, édith piaf, rammstein, wolfgang amadeus mozart
alicia keys, usher, mark ronson, chris brown, jay-z, ne-yo, kanye west, justin timberlake, damian marley, the roots, john legend
vangelis, howard shore, delerium, madonna, u2, enya, enigma, tori amos, koЯn, vnv nation, nirvana, bj?rk, hans zimmer, john williams, pink floyd, faithless, moby, the rolling stones, linkin park, massive attack, the police, phil collins, alanis morissette, the prodigy, him, the beatles, thomas newman, coldplay
the kooks, kings of leon, joy division, death cab for cutie, the pigeon detectives, razorlight, the libertines, the kills, ratatat, foals, mgmt, hot chip, the beatles, crystal castles, vampire weekend, franz ferdinand, the sounds, babyshambles, kaiser chiefs, adam green, mando diao, late of the pier, coldplay, the ting tings
the gathering, epica, kamelot, ella fitzgerald, after forever, slowdive, death, my bloody valentine, tristania, paradise lost, siouxsie and the banshees, dead can dance, cocteau twins, haggard, loreena mckennitt, katie melua, rhapsody of fire, fiona apple, lacrimosa, emilie autumn, nightwish, carcass, stratovarius, isis, symphony x
erykah badu, dj shadow, the roots, santogold, nas
sia, portishead, dido, moloko, christina aguilera, lamb, feist, nouvelle vague, róisín murphy, bj?rk, trentem?ller, morcheeba, beyoncé, coldplay, air, télépopmusik, placebo, emilie simon, bat for lashes, explosions in the sky, cat power, massive attack, enigma
the smiths, sigur rós, regina spektor, the beatles, gotan project, the cure, jamiroquai, los hermanos, radiohead, the dresden dolls, silverchair, coldplay, lacuna coil, blonde redhead, édith piaf, the cranberries
switchfoot, relient k, anberlin, a fine frenzy, sufjan stevens, mae, dashboard confessional, jimmy eat world, all time low, coldplay, nada surf, onerepublic
slipknot, flyleaf, godsmack, a perfect circle, mudvayne, rage against the machine, my chemical romance, hatebreed, linkin park, system of a down, the prodigy, afi, britney spears, tool, killswitch engage, kasabian
gamma ray, korpiklaani, blind guardian, edguy, ensiferum, manowar, avantasia, sabaton, nightwish, turisas, helloween, hammerfall, eluveitie, dragonforce, sonata arctica, stratovarius, iron maiden, dropkick murphys, judas priest, therion, equilibrium, flogging molly, ramones, dio, angra, ayreon
joshua radin, the shins, the postal service, incubus, alanis morissette, regina spektor, pendulum, pink, reel big fish, brand new, dashboard confessional, enya, rufus wainwright, maroon 5, fall out boy, my chemical romance, panic at the disco, placebo, james blunt, the mountain goats, motion city soundtrack, moby, snow patrol, james morrison, lifehouse, feist, damien rice, aimee mann, tricky, dave matthews band, dido, andrew bird, the who, imogen heap, linkin park, david bowie, neutral milk hotel, bloodhound gang, sugababes, oasis, jimmy eat world
faithless, the prodigy, the crystal method, the chemical brothers, moby, paul oakenfold, basement jaxx, blondie, madonna, fatboy slim, beastie boys, groove armada, rage against the machine, the rolling stones, u2, kylie minogue, the streets, antonio vivaldi, red hot chili peppers, massive attack, the flaming lips, blur, scissor sisters, orbital, underworld, daft punk, simon & garfunkel, nirvana, delerium, gorillaz
backstreet boys, serj tankian, the pussycat dolls, oomph!, cascada, britney spears, ska-p, rihanna, maroon 5, ne-yo, chris cornell, flo rida, enrique iglesias, t.a.t.u., die ?rzte, bloodhound gang, beyoncé, scooter, timbaland
2pac, ghostface, cypress hill, ice cube, gang starr, alicia keys, public enemy, nas
fiona apple, metric, rhapsody of fire, apocalyptica, panic at the disco, my chemical romance, afi, the all-american rejects, linkin park, red.jumpsuit.apparatus, simple plan, alanis morissette, damien rice, death cab for cutie, after forever, coldplay, stars, breaking benjamin, 44, mika, hellogoodbye, dragonforce
pixies, the national, ben folds five, weezer, morrissey, the cure, the smiths, the jam, the beatles, guided by voices, jimmy eat world, elliott smith, r.e.m., ben folds, pavement, the mountain goats, ok go, the killers
relient k, sia, the used, placebo, m.i.a., the fall of troy, jack johnson, city and colour, tegan and sara, katy perry, final fantasy, nine inch nails, paramore, rage against the machine, saosin
guano apes, metallica, tori amos, papa roach, the killers, michael jackson, alanis morissette, placebo, kosheen, zero 7, green day
him, within temptation, shiny toy guns, apocalyptica, jonas brothers, hans zimmer, loreena mckennitt, britney spears, backstreet boys, john williams, madonna, enigma, kylie minogue, spice girls, lady gaga, snow patrol, michael jackson, the killers, howard shore, elvis presley, coldplay, katy perry, thomas newman, my chemical romance, frank sinatra, tenacious d, muse, the subways, kelly clarkson, the 69 eyes, the rasmus, justin timberlake, the birthday massacre, the smiths, scissor sisters, keane, pet shop boys
diana krall, jamiroquai, radiohead, the knife, kosheen, bj?rk, moloko, booka shade, bonobo, róisín murphy, mgmt, groove armada, apparat, daft punk, fischerspooner, cocorosie, amy winehouse, portishead, lykke li, digitalism
arctic monkeys, franz ferdinand, kaiser chiefs, the hives, the kills, cold war kids, daft punk, yeah yeah yeahs, phoenix, the strokes, portishead, the rapture, queens of the stone age, radiohead, beastie boys, maroon 5, the whitest boy alive, beck, kasabian, cansei de ser sexy, max?mo park, the chemical brothers, paolo nutini, ben harper, bloc party, klaxons, massive attack, emilíana torrini, air, digitalism, mgmt, the doors, architecture in helsinki, the killers, the gossip, hot chip, dirty pretty things, interpol, kings of convenience, clap your hands say yeah, simian mobile disco, bob marley, the raconteurs
sufjan stevens, elbow, coldplay, beirut, the ting tings, queens of the stone age, sigur rós, arcade fire, dj shadow, antony and the johnsons, cat power, the smashing pumpkins, archive, fatboy slim, calexico, the police, rjd2, devendra banhart, rammstein, the beach boys, clint mansell, muse, electric six, deftones, dj krush
prince, linkin park, madonna, fall out boy, kelly clarkson, eric clapton, evanescence, bryan adams, snow patrol, the killers, amy macdonald, u2, cascada, katy perry, mark ronson, sarah mclachlan, onerepublic, rihanna, keane
bright eyes, bob dylan, kate nash, regina spektor, the national, damien rice, h?kan hellstr?m, beck, the killers, kanye west, m. ward, elliott smith, bruce springsteen, led zeppelin, johnny cash, sigur rós, coldplay, the new pornographers, my morning jacket, the raconteurs, the rolling stones, animal collective, the flaming lips
jason mraz, green day, metallica, rage against the machine, eddie vedder, red hot chili peppers, the offspring, blink-182, the beatles, arctic monkeys, travis, coldplay, stereophonics, muse, linkin park
the smiths, new order
the prodigy, linkin park, bob marley, breaking benjamin, foo fighters, creedence clearwater revival, tool, limp bizkit, rob zombie, b?hse onkelz, judas priest, u2, nine inch nails, type o negative, faith no more
air, manu chao, queensr?che
captain beefheart & his magic band, cream, frank zappa, kyuss, jethro tull
jamiroquai, boards of canada, lamb, r?yksopp, ben harper, pink floyd, gnarls barkley, thievery corporation, gorillaz, hooverphonic, tosca, bonobo, cypress hill, daft punk, ratatat, de-phazz, faithless, audioslave, alice in chains, portishead, the cinematic orchestra, calexico, moloko, clint mansell, groove armada, infected mushroom
amy macdonald, the gathering, kosheen, mariah carey, morcheeba, beirut, eddie vedder, pink martini, johnny cash, moloko, lamb
the beach boys, paul mccartney, pink floyd, clint mansell, the zombies, al green, bee gees, the kinks, howard shore, marvin gaye, wolfgang amadeus mozart, queen, madonna, abba, david bowie, the doors, soundtrack
kate bush, cocteau twins, siouxsie and the banshees, abba, tori amos, ladytron, róisín murphy, garbage, depeche mode, gwen stefani, madonna, bat for lashes, alanis morissette, the killers, santogold, imogen heap, portishead, goldfrapp, animal collective, lady gaga, peaches, britney spears, neko case, pj harvey
sufjan stevens, bright eyes, eels, antony and the johnsons, bj?rk, nine inch nails, aimee mann, cat power, death cab for cutie, beirut, joanna newsom, arcade fire, otis redding, philip glass, brian eno, clint mansell, the notwist, peaches, regina spektor, sigur rós
django reinhardt, wolfgang amadeus mozart, the beatles, thomas newman, howard shore, moby, foo fighters, thievery corporation, antonio vivaldi, faithless, sheryl crow, the rolling stones, snow patrol, john williams, édith piaf, soundtrack
jack johnson, sigur rós, counting crows, the postal service, van morrison, tv on the radio, kanye west, doves, n*e*r*d, john mayer, the beatles, badly drawn boy, ben folds, bright eyes, travis, the smashing pumpkins, ben harper, pearl jam, damien rice, beck, fleetwood mac, mark ronson, modest mouse
van morrison, tom waits, norah jones, paul simon
david bowie, portishead, bloc party, devendra banhart, sublime, eagles of death metal, broken social scene, various artists, band of horses, tricky, kanye west, cocorosie, myslovitz, hercules and love affair, asian dub foundation, 311, pulp, m.i.a., lykke li
guano apes, three days grace, gwen stefani, p.o.d., the veronicas, t.a.t.u., dir en grey, good charlotte, ashlee simpson, paramore, my chemical romance, mindless self indulgence, linkin park, hilary duff, avril lavigne, nightwish
j dilla, flying lotus, burial, interpol, brand new, joy division, napalm death
mindless self indulgence, koЯn, parkway drive, hatebreed, bring me the horizon, venetian snares, alexisonfire, the dillinger escape plan, underoath, infected mushroom, converge, reel big fish, heaven shall burn, metallica, all shall perish, aphex twin, at the drive-in, the black dahlia murder, the used, led zeppelin, bob marley & the wailers, enter shikari
mando diao, max?mo park, the kooks, sonic youth, the kills, phoenix, the libertines, travis, oasis, architecture in helsinki, kaiser chiefs, radiohead, arctic monkeys, camera obscura, kasabian, coldplay, franz ferdinand, mgmt, the beatles
boards of canada, mindless self indulgence, jefferson airplane, plaid, nine inch nails, imogen heap, squarepusher, feist, system of a down, aphex twin, lily allen, autechre, bj?rk, daft punk, lcd soundsystem, moloko, frou frou, sia, radiohead, kate nash
paramore, metallica, angra, ramones, iron maiden, bob marley, avantasia, kt tunstall, matchbox twenty, sepultura
justin timberlake, lady gaga, lily allen, pink, frank sinatra, madonna, the pussycat dolls, moby, britney spears, cunninlynguists, t.a.t.u., beyoncé, enrique iglesias, alicia keys, 50 cent, cobra starship, david guetta, christina aguilera, busta rhymes, death cab for cutie, kanye west, snoop dogg, black eyed peas, red hot chili peppers, paramore, timbaland
ramones, siouxsie and the banshees, anti-flag, napalm death, kings of leon, dead kennedys, razorlight, the fratellis, the sisters of mercy
pixies, siouxsie and the banshees, beastie boys, pink floyd, portishead, the smiths, the chemical brothers, ramones, madonna, no doubt, garbage, nirvana, the prodigy, johann sebastian bach
sufjan stevens, pinback, sigur rós, the beatles, beirut, devendra banhart, final fantasy, neko case, broken social scene, manu chao, jimmy eat world, architecture in helsinki, the decemberists, explosions in the sky, the album leaf, andrew bird, regina spektor, elliott smith, iron & wine, damien rice, feist, nada surf, the clash, josé gonzález, minus the bear, ray lamontagne, tori amos, phoenix
schandmaul, dropkick murphys, the beatles, green day, the distillers, die ?rzte, die toten hosen, ac/dc, the rolling stones, in extremo, anberlin, r.e.m., peter fox, in flames, limp bizkit, bob dylan, coldplay, silverstein, as i lay dying, bob marley, the cure, killswitch engage, system of a down, james blunt, senses fail, ska-p, oasis, the subways, rancid, jethro tull
jefferson airplane, joni mitchell, emilíana torrini, david gray, ella fitzgerald, bruce springsteen, nouvelle vague, devendra banhart, joanna newsom, the beatles, amy winehouse, the kinks, moloko, coldplay, jeff buckley, paul simon, tracy chapman, andrew bird, paolo nutini, the knife, beirut, frank sinatra, nina simone, u2, aretha franklin, caetano veloso, sufjan stevens, josé gonzález, mark ronson, lykke li, clap your hands say yeah, janis joplin, jason mraz, jack johnson
lil wayne, daft punk, the beatles, senses fail, sublime, notorious b.i.g., afi, atreyu, jedi mind tricks, bob marley, as i lay dying, m83, the prodigy, eminem, aphex twin, michael jackson, weezer, bullet for my valentine, atmosphere, basement jaxx, the who, dave matthews band, in flames, jay-z, dr. dre, rilo kiley, architecture in helsinki, ti?sto, mindless self indulgence, motion city soundtrack, the blood brothers, at the drive-in, pink floyd, modest mouse, the fray, something corporate, the academy is..., arctic monkeys, led zeppelin, david bowie, garbage, dead kennedys, taking back sunday, cake, aerosmith, misfits, the rolling stones, underoath
a tribe called quest, goldfrapp, god is an astronaut, cypress hill, cake, nine inch nails, bloc party, anberlin, tokyo police club, pearl jam, shiny toy guns, killswitch engage
oasis, shpongle, streetlight manifesto, infected mushroom, madness, the streets, rage against the machine, the chemical brothers, babyshambles, the kinks, gogol bordello, the libertines, razorlight, ratatat, the doors, the go! team, the beatles
mudvayne, bloodhound gang, led zeppelin, black label society, m?tley crüe, queensr?che, aerosmith, iron maiden, judas priest, staind, beastie boys, three days grace, queen
the killers, foo fighters, coldplay, maroon 5, michael jackson, christina aguilera, pink, the fray, u2, the pussycat dolls, lifehouse, ac/dc, michael bublé, john mayer, abba
emilie autumn, nine inch nails, marilyn manson, moby, the crystal method, the future sound of london, tori amos, counting crows, the smashing pumpkins, alanis morissette, rammstein, múm, thomas newman, philip glass, sigur rós, coldplay, dead can dance, tristania, lacuna coil, howard shore, guano apes, kate bush, sarah mclachlan, enya, garbage, koЯn, placebo, deathstars, aimee mann, a perfect circle, feist, clint mansell, loreena mckennitt
pet shop boys, dave matthews band, new order, the cure, the herbaliser, bob dylan, bryan adams
koЯn, asian dub foundation, zero 7, morcheeba, fatboy slim, serj tankian, radiohead, thievery corporation, bonobo, parov stelar, atmosphere, cake, the prodigy, morphine, deftones, kosheen, chevelle, no doubt, portishead, gorillaz, red hot chili peppers, beastie boys
dire straits, bruce springsteen, ramones, mika, tom petty and the heartbreakers, the rolling stones, u2, soundtrack, mike oldfield, bon jovi, nickelback, him, franz ferdinand, green day, no doubt, shakira, ska-p, bryan adams, pet shop boys, the cranberries, the rasmus
maria mena, damien rice, jordin sparks, flyleaf, backstreet boys, evanescence, james morrison, sara bareilles, natasha bedingfield, adele, shakira, rihanna, tegan and sara, beyoncé, alicia keys, john mayer, paramore, my chemical romance, robyn, paolo nutini, lifehouse, imogen heap, chris brown, michael bublé, frou frou, incubus, the veronicas, mariah carey, feist, duffy, the pussycat dolls, maroon 5, coldplay, jason mraz
parkway drive, explosions in the sky, caliban, hatebreed, ac/dc, the raconteurs, as i lay dying, tenacious d, jimi hendrix, comeback kid, enter shikari, queens of the stone age, arctic monkeys, nirvana, atreyu, iron maiden
foo fighters, red hot chili peppers, tenacious d, keane, diana krall, journey, joshua radin, jack johnson, rufus wainwright, the postal service, paramore, fall out boy, placebo, beatsteaks, children of bodom, jimmy eat world, eels, incubus, snow patrol, koЯn, muse, the all-american rejects, motion city soundtrack, dream theater, metallica, biffy clyro, nickelback, 30 seconds to mars, deichkind, norah jones, 44
atmosphere, lupe fiasco, city and colour, common, the roots, sage francis, kanye west, akon, mos def, jedi mind tricks, a tribe called quest, gang starr, outkast, wu-tang clan, talib kweli, j dilla, de la soul, aesop rock, jay-z, cunninlynguists, the game, jurassic 5
children of bodom, sonata arctica, linkin park, stone sour, dir en grey, hoobastank, evanescence, 3 doors down, katatonia, rise against, breaking benjamin, slipknot, papa roach, billy talent
the decemberists, the national, the mountain goats, brand new, say anything, minus the bear, final fantasy, kings of leon, enter shikari, alkaline trio, coheed and cambria, the dresden dolls, the killers, the hives, seether, mew, jimmy eat world, cake, the mars volta, the smashing pumpkins, franz ferdinand, foo fighters
sum 41, skillet, taking back sunday, 44, good charlotte, new found glory, three days grace, underoath, billy talent, yellowcard
minor threat, deerhoof, mirah, blink-182, the mountain goats, saves the day, the weakerthans, fugazi, black flag, descendents, bad brains
archive, pink floyd, eagles, led zeppelin, scorpions, depeche mode, james blunt, oasis, red hot chili peppers, linkin park, lenny kravitz, queen, mot?rhead, u2, james morrison, michael jackson, ac/dc, aerosmith, deep purple, iggy pop, radiohead, 3 doors down, hoobastank, nirvana, the beach boys, the clash
elvis presley, in flames, m?tley crüe, the hives, the haunted, rancid, peaches, judas priest, slayer, the distillers, misfits, deftones, bruce springsteen, koЯn, ac/dc
boards of canada, modest mouse, nine inch nails, the mars volta, aphex twin, rjd2, built to spill, the future sound of london, madvillain, dj shadow, matisyahu, shiny toy guns, mf doom, death cab for cutie, tool, the smashing pumpkins, massive attack, 30 seconds to mars, incubus, radiohead, arcade fire
jimmy eat world, fall out boy, dropkick murphys, good charlotte, bowling for soup, the all-american rejects, the offspring, pink, rise against, paramore, new found glory, johnny cash, blink-182, me first and the gimme gimmes, sum 41, less than jake, nickelback, something corporate, brand new, bright eyes, kings of leon, plain white ts, simple plan, kanye west, queens of the stone age, robbie williams, rihanna, snow patrol, barenaked ladies, linkin park, gym class heroes, 3 doors down, tegan and sara, reel big fish, lupe fiasco, millencolin
pearl jam, johnny cash, napalm death, isis, the smashing pumpkins, metallica, red hot chili peppers, green day, mastodon, koЯn, melvins, radiohead, faith no more, system of a down, caliban, incubus, mogwai, blink-182, cannibal corpse, deftones, hatebreed, primus, thrice, tom waits, lamb of god, nirvana, dead kennedys, rancid, sigur rós, queens of the stone age, enter shikari, [unknown], converge, foo fighters
50 cent, john legend, mobb deep, jedi mind tricks, ghostface, amy winehouse
avril lavigne, 50 cent, black eyed peas, linkin park, papa roach, snoop dogg, eminem, coldplay, pink, kanye west, maroon 5, blink-182, sum 41, justin timberlake, beyoncé, bob marley, gym class heroes, rihanna, nirvana, t.i., craig david, lostprophets, chris brown, akon, plain white ts, simple plan, red hot chili peppers, fergie, sean paul, mobb deep, usher, 2pac, moby, relient k, three days grace, jennifer lopez
amy winehouse, radiohead, keane, norah jones, phoenix, nirvana, maroon 5, jet, the ting tings, coldplay, blur, justice, justin timberlake, depeche mode, cansei de ser sexy, guns n roses, travis, franz ferdinand, the doors, lily allen, garbage, damien rice, elvis presley, metallica, arctic monkeys
the all-american rejects, oasis, razorlight, kanye west, the killers, the beatles, farin urlaub, deichkind, timbaland, fall out boy, david guetta, rihanna, green day, britney spears, snow patrol
taking back sunday, funeral for a friend, something corporate, blink-182, billy talent, dashboard confessional, thrice, motion city soundtrack, new found glory, arctic monkeys, good charlotte, the fray, coldplay, rise against, saves the day, avenged sevenfold, my chemical romance, p.o.d., 30 seconds to mars, sugarcult, tenacious d, saosin, incubus, papa roach, less than jake, joshua radin, justin timberlake, the killers, breaking benjamin, 36 crazyfists, goo goo dolls, senses fail, the game, the used, finch, the offspring
cut copy, of montreal, junior boys, beirut, feist, lykke li, crystal castles, cat power, m.i.a., late of the pier, peter bjorn and john, calexico, the kooks, the rapture, the sounds, róisín murphy, beck, camera obscura, mgmt, death from above 1979, arcade fire, bat for lashes, sigur rós, amy winehouse, cansei de ser sexy, the whitest boy alive, simian mobile disco, the knife, santogold, digitalism, tegan and sara, babyshambles, the presets, justice
circa survive, mono, mogwai, blackfield, a perfect circle, soundgarden, queens of the stone age, joe satriani, the mars volta, incubus, nine inch nails, isis, the dresden dolls, minus the bear, pearl jam, t. rex, radiohead
peaches, elton john, john mayer, moby, justice, coldplay, nickelback, 2pac, the police, red hot chili peppers, faithless, david guetta, john legend, counting crows, kanye west, gorillaz, live, morcheeba, timbaland, jimi hendrix, lil wayne, linkin park, katy perry
john frusciante, elliott smith, badly drawn boy, cocorosie, ...and you will know us by the trail of dead, air, dredg, band of horses, metric, stars, beirut, the shins, feeder, mew, morcheeba, cansei de ser sexy, boards of canada, bloc party, portishead, aphex twin, feist, biffy clyro, deftones, cat power, tenacious d, infected mushroom, the pipettes
danny elfman, thomas newman, john williams, hans zimmer, ben folds, frank sinatra, ray charles, ben folds five, foo fighters
rise against, billy talent, nofx, nine inch nails, dropkick murphys, millencolin, fall out boy, breaking benjamin, atreyu, saosin, the strokes, underoath, foo fighters, three days grace, thrice, the killers, blink-182, avenged sevenfold, comeback kid, jimmy eat world, linkin park, koЯn, daft punk, rage against the machine, the offspring, hot hot heat, anti-flag, new found glory, the white stripes, alexisonfire, paramore, audioslave, flyleaf, 30 seconds to mars, parkway drive, dashboard confessional
nirvana, aphex twin, boards of canada, portishead, burial, max richter, blur, nouvelle vague, charlie parker, sonic youth, 65daysofstatic, janis joplin, amon tobin, radiohead, four tet, explosions in the sky, placebo, tricky, bob marley & the wailers, nina simone, the cinematic orchestra
dave matthews band, christina aguilera, eminem, dashboard confessional, ashlee simpson, jack johnson, the fray, john mayer, girl talk, nelly
aphex twin, the white stripes, bonobo, thievery corporation, rjd2, the flashbulb, boards of canada, burial, gorillaz, plaid, high contrast, the chemical brothers, the prodigy, mylo, the future sound of london, massive attack, bob marley, squarepusher, dj krush, morcheeba, mr. scruff, autechre, daft punk, rage against the machine, radiohead
norther, the 69 eyes, ensiferum, amon amarth, korpiklaani, the birthday massacre, amorphis, deathstars, combichrist, equilibrium, manowar, eluveitie, nightwish
mando diao, the kooks, the killers, mgmt, foo fighters, panic at the disco, hot hot heat, nada surf, razorlight, the sounds, red hot chili peppers, the beach boys, shout out louds, kings of leon, babyshambles, jack johnson, arctic monkeys, deichkind, die toten hosen, queens of the stone age, feist, adam green, seeed
manu chao, jimi hendrix, nick cave and the bad seeds, eric clapton, tom waits, air, leonard cohen, the jimi hendrix experience, gogol bordello, cream, django reinhardt, johann sebastian bach, nina simone
a tribe called quest, die toten hosen, mobb deep, 50 cent, clueso, air, rammstein, t.i., deichkind, lil wayne, busta rhymes, the game, chamillionaire, nas, metallica, die ?rzte, 2pac, oasis, dr. dre, guns n roses, ghostface, depeche mode, jamiroquai, kanye west
dire straits, manu chao, the beatles, down, jamiroquai, blind guardian, daft punk, dream theater, jimi hendrix, in flames, mike oldfield, arctic monkeys, black sabbath, pantera, moby, iron maiden, megadeth, janis joplin, joe satriani, dark tranquillity, anathema, sepultura, the rolling stones
kings of convenience, nick drake, boys noize, trentem?ller, antony and the johnsons, cat power, the whitest boy alive, mirah, bright eyes, feist, air, sigur rós, iron & wine, manu chao, bob marley, peter fox, tom waits, daft punk
pink floyd, aphex twin, they might be giants, radiohead, the beatles, megadeth, the who, portishead, metallica, the prodigy, squarepusher, frank zappa, mastodon, nirvana, queen, slayer, venetian snares, ben folds five
jimmy eat world, the killers, coldplay, switchfoot, peter fox, foo fighters, epica, metallica, [unknown], nickelback, 3 doors down, maria mena, creed, breaking benjamin, snow patrol, taylor swift, goo goo dolls, alanis morissette, clueso, amy macdonald, the fray, avril lavigne, james morrison, beyoncé, alicia keys
placebo, kmfdm, klaxons, god is an astronaut, 65daysofstatic, air, beirut, massive attack, gentleman, depeche mode, the cure, moloko, moonspell, tool, joy division, the police, rage against the machine, moby, the clash, kraftwerk, rammstein, muse, isis
sufjan stevens, modest mouse, death cab for cutie, david gray, the decemberists, spoon, calexico, the arcade fire, the beatles, cold war kids, sigur rós, bob dylan, dave matthews band, radiohead, fiona apple, arctic monkeys, tokyo police club, coldplay, bright eyes, feist, explosions in the sky, the postal service, stars
cradle of filth, blind guardian, dimmu borgir, children of bodom, in flames, die apokalyptischen reiter, eluveitie, slipknot, equilibrium, after forever, sabaton, ensiferum, soilwork, arch enemy, ayreon, sirenia, scar symmetry
rob zombie, cradle of filth, ramones, muse, leonard cohen, dead kennedys, kmfdm, sonata arctica, 2pac, system of a down, rancid, oomph!, nine inch nails, eminem, subway to sally, nirvana, pendulum, him, scooter, kings of leon, bloodhound gang, marilyn manson, linkin park, sex pistols
paramore, jonas brothers, blink-182, red.jumpsuit.apparatus, from autumn to ashes, death cab for cutie, backstreet boys, hilary duff, stars, the postal service, fall out boy, taylor swift, alexisonfire, cute is what we aim for, the killers, dashboard confessional, enrique iglesias, flight of the conchords, abba, andrew lloyd webber, britney spears, the veronicas, coheed and cambria, journey
coldplay, panic! at the disco, the kooks, arctic monkeys, evanescence, incubus, 44, system of a down, chevelle, sum 41, the postal service, coheed and cambria, rage against the machine, the all-american rejects, rise against, razorlight, senses fail, taking back sunday, daft punk, snow patrol, 30 seconds to mars, simple plan, him, kaiser chiefs, bowling for soup, the sounds, tori amos, red hot chili peppers, death cab for cutie, new found glory, pantera, paolo nutini, 3 doors down, epica, mika
pink floyd, iron maiden, the beatles, system of a down, red hot chili peppers, led zeppelin, myslovitz, jimi hendrix, queen, him, akurat, coma, the doors, deep purple, the rolling stones, bob marley, pid?ama porno, the offspring, bob dylan, marilyn manson, green day, nightwish, slayer, linkin park, blind guardian, happysad, black sabbath, p.o.d., ray charles, metallica, the white stripes, michael jackson, the who
serj tankian, infected mushroom, metallica, [unknown], rammstein
death cab for cutie, ramones, franz ferdinand, jack johnson, coldplay, peter fox, interpol, james morrison
dimmu borgir, finntroll, howard shore, korpiklaani, tarja turunen, apocalyptica, sepultura, loreena mckennitt, symphony x, amon amarth, nile, behemoth, rammstein, the prodigy, eluveitie, kraftwerk, static-x, opeth, in flames, aphex twin, vader, rage against the machine
killswitch engage, my bloody valentine, joy division, nine inch nails, blink-182, the smashing pumpkins, isis, m83, mono, ti?sto, howard shore, faith no more
muse, biffy clyro, mogwai, the white stripes, arcade fire, interpol, the new pornographers, the faint, lcd soundsystem, the strokes, black rebel motorcycle club, the decemberists, the raconteurs, band of horses, the raveonettes, max?mo park, bright eyes, bloc party, modest mouse, the rapture, queens of the stone age, the cribs, patrick wolf
bob marley, outkast, gang starr, busta rhymes, a tribe called quest, matchbox twenty, 2pac, clueso, public enemy, nas, rage against the machine, the roots, kanye west, cypress hill
say anything, hellogoodbye, the shins, chiodos, incubus
neil young, joni mitchell, the kinks, moby, talking heads, air, the police, david bowie, cake, dido, beirut, joanna newsom, animal collective, the cure, simon & garfunkel, the rolling stones, red hot chili peppers, the beach boys, feist, cat stevens, otis redding, louis armstrong, the books, sufjan stevens, john lennon
hey, akon, o.s.t.r., coma, timbaland, kult, nelly furtado, myslovitz, britney spears, dream theater
low, cat power, antony and the johnsons, bob dylan, frank zappa, r.e.m., nirvana, sepultura, devendra banhart, red hot chili peppers, sarah mclachlan, joanna newsom, pink floyd, soundgarden, the sounds, counting crows, tori amos, the byrds, the rolling stones, bonnie prince billy
all time low, hellogoodbye, rihanna, iron & wine, bright eyes, jason mraz, kanye west, jay-z, ice cube, kings of leon, the beatles
belle and sebastian, bob dylan, beck, kings of leon, captain beefheart & his magic band, the rolling stones, the herbaliser
relient k, underoath
michael bublé, metallica, ratatat, strapping young lad, infected mushroom, pink floyd, apocalyptica, jack johnson, the offspring, eric clapton, rage against the machine, led zeppelin, guns n roses, audioslave, m?tley crüe, scissor sisters, goo goo dolls, muse, boards of canada, megadeth, opeth, mr. scruff, katy perry, pantera, system of a down, m.i.a., arch enemy, bonobo, ac/dc, alice in chains, girls aloud, lamb of god, manu chao, bob marley & the wailers, pendulum, carcass, massive attack, seeed
[venetian snares]
bullet for my valentine, children of bodom, eluveitie, korpiklaani, opeth, as i lay dying, billy talent, sonata arctica, at the gates, darkthrone, killswitch engage, all that remains, heaven shall burn, lamb of god, amon amarth, turisas, stone sour, iron maiden, dream theater, blind guardian, judas priest, megadeth, hammerfall, amorphis, iced earth, soilwork, led zeppelin, arch enemy, meshuggah
red hot chili peppers, aerosmith, simon & garfunkel, pennywise, the doors, jefferson airplane, eric clapton, [unknown], the byrds, creedence clearwater revival, metallica, misfits, descendents, beastie boys, turbonegro, the who, lou reed, nofx, the rolling stones, johnny cash, kiss, ac/dc, in flames, the jimi hendrix experience, queen, van halen
system of a down, bring me the horizon, lamb of god, the black dahlia murder, the prodigy, enter shikari, parkway drive, jimi hendrix, the dillinger escape plan, all shall perish, heaven shall burn, the hives, metallica, pendulum, caliban, venetian snares, nofx, as i lay dying, converge, fear factory, static-x, dethklok, the mars volta, slipknot, devildriver, machine head, the fall of troy, from autumn to ashes, lostprophets, underoath, nine inch nails, chimaira, mudvayne, rage against the machine
soilwork, morphine, avenged sevenfold, devildriver, gojira, queensr?che, sonata arctica, alexisonfire, all that remains, scar symmetry, mot?rhead, rammstein, faith no more, bullet for my valentine, m?tley crüe, sepultura
bob marley, ben harper, 50 cent, serge gainsbourg, iggy pop, bj?rk, busta rhymes, mobb deep, fatboy slim, public enemy, nirvana, jamiroquai, the roots, the streets, placebo, primus, gang starr, the prodigy, asian dub foundation, moby, sonic youth, amon tobin, the beatles
disturbed, breaking benjamin, less than jake, sum 41, jimmy eat world, billy talent, enter shikari, gorillaz, mindless self indulgence, koЯn, slipknot, hoobastank, dropkick murphys, kaiser chiefs, system of a down, anti-flag, bullet for my valentine, the offspring, children of bodom, static-x, the killers, godsmack, three days grace, u2, rammstein, linkin park, good charlotte, papa roach, guano apes, green day, blink-182, funeral for a friend, plain white ts, soulfly, sugarcult, rob zombie, simple plan, the veronicas, nirvana, staind
pinback, daft punk, beck, nine inch nails, queens of the stone age, blonde redhead, death cab for cutie, girl talk, simon & garfunkel, boys noize, ben harper, zero 7, dave matthews band, tosca, thievery corporation, prefuse 73, sufjan stevens, led zeppelin, interpol, the beatles, sneaker pimps, tv on the radio, above & beyond, air, benny benassi, modest mouse, brand new, broken social scene, cake, radiohead, m.i.a., the roots, aphex twin, boards of canada
venetian snares, r.e.m., saosin, meshuggah, atmosphere, immortal technique, mindless self indulgence, nine inch nails, vnv nation, jay-z, boards of canada, napalm death, children of bodom, anthrax, ani difranco
rammstein, system of a down, guano apes, scooter, marilyn manson, blink-182, the chemical brothers, green day, the prodigy, limp bizkit, linkin park, papa roach, atb, dido, ti?sto, p.o.d., the cranberries, blank & jones, sugababes, 44, nelly furtado, the killers, benny benassi, frou frou, kelly clarkson, alanis morissette, a perfect circle, fort minor, eminem, apocalyptica, evanescence, story of the year, madonna, senses fail
funeral for a friend, muse, jimmy eat world, green day, red hot chili peppers, bloc party, lostprophets, stereophonics, motion city soundtrack, blink-182, kanye west, jamiroquai, feeder, snow patrol, linkin park, my chemical romance, eminem, coldplay, rage against the machine, afi, dmx, iron maiden, fall out boy, goo goo dolls, billy talent, deftones, foo fighters, incubus, jet, limp bizkit, thrice, avenged sevenfold, finch, blur, aerosmith, panic at the disco, radiohead, coheed and cambria, gorillaz, story of the year, atreyu, placebo, the all-american rejects, arctic monkeys
sonic youth, miles davis, the white stripes, converge, serge gainsbourg, cunninlynguists, sage francis, wu-tang clan, de la soul, autechre, pj harvey, aesop rock, the dillinger escape plan, the hives
50 cent, queen, daft punk, kanye west, ramones, metallica, rihanna, arcade fire, sugababes, lady gaga, david gray, children of bodom, franz ferdinand, tv on the radio, dark tranquillity, robbie williams, arctic monkeys, no doubt, de-phazz, britney spears, jay-z, guns n roses, helloween, oasis, the who, david guetta, lily allen, linkin park, system of a down, him, ghostface, marilyn manson, avril lavigne, paul oakenfold, the pussycat dolls
enter shikari, the specials, streetlight manifesto, bad religion, public enemy, rage against the machine, ramones, mot?rhead, megadeth, anthrax, black sabbath
b?hse onkelz, die toten hosen, fort minor, a fine frenzy, apocalyptica, dire straits, metallica, jack johnson, serj tankian, peter fox, clueso, jay-z, red hot chili peppers, eminem, 2pac, the kooks, beatsteaks, leona lewis
manu chao, the beatles, blur, caetano veloso
evanescence, tenacious d, sentenced, korpiklaani, my chemical romance, incubus, fall out boy, sonata arctica, bullet for my valentine, from first to last, the used, iced earth, scar symmetry, devildriver, die apokalyptischen reiter, die ?rzte, taking back sunday
the kooks, hot chip, shout out louds, death cab for cutie, the killers, bloc party, kings of leon, hercules and love affair, jack johnson, razorlight, modest mouse, chromeo, josé gonzález, kings of convenience, interpol, klaxons, the shins, radiohead, the last shadow puppets, mgmt, lykke li, pink floyd, the libertines, the national, coldplay, hot hot heat, kaiser chiefs, oasis, the white stripes, h?kan hellstr?m, led zeppelin, bright eyes, metallica, nine inch nails, the bravery, velvet revolver, plain white ts
sum 41, koЯn, guano apes, slipknot, system of a down, pearl jam, the prodigy, atreyu, arctic monkeys, marilyn manson, a perfect circle, linkin park, radiohead, muse, alexisonfire, nofx, metallica, ben harper, lamb, nirvana, massive attack, yeah yeah yeahs, bush, yellowcard, lagwagon, p.o.d., stone sour, velvet revolver, green day, blink-182, the offspring, coldplay, télépopmusik, anti-flag, coheed and cambria, panic at the disco, good charlotte, daft punk, serj tankian, thrice, placebo
the rolling stones, sonic youth, the beatles, the velvet underground, my bloody valentine, deerhunter, bob dylan, deerhoof, david bowie, radiohead, u2, pink floyd, fleetwood mac, neil young, the smashing pumpkins, t. rex, the kinks, stevie wonder, andrew bird, nirvana, caetano veloso, wilco, doves, paul mccartney, vampire weekend
a tribe called quest, gang starr, cypress hill, seeed, [unknown], r?yksopp, koЯn, gentleman, dire straits, a-ha, peter gabriel, howard shore, de la soul, alicia keys, bob marley
abba, cascada, the kooks, green day, imogen heap, kings of leon, queen, toto
my morning jacket, elliott smith, the black keys, pinback, grizzly bear, bon iver, minus the bear, built to spill, radiohead, bj?rk, modest mouse, death cab for cutie, beck, the album leaf, iron & wine, belle and sebastian, devendra banhart, crystal castles, animal collective, boards of canada, girl talk, sigur rós, beirut, m83, the magnetic fields, air, the kinks, broken social scene, four tet, the flaming lips, fleet foxes, bob dylan, cut copy, mirah
the beatles, radiohead, feist, the kooks, u2, bloc party, sonic youth, kings of convenience, boards of canada, bob dylan, oasis, sufjan stevens, the rolling stones, belle and sebastian, the kinks, razorlight, cat power, eels, the shins, architecture in helsinki, jack johnson, nick drake, green day, the cribs, the weakerthans, pixies, joy division, my bloody valentine, the smiths, the decemberists, andrew bird, death cab for cutie, r.e.m., the wombats, kaiser chiefs, of montreal, modest mouse, hot hot heat
nine inch nails, slayer, mastodon, pantera, anthrax, lamb of god, ac/dc, misfits, queens of the stone age, led zeppelin, death from above 1979, the clash, madlib, black sabbath, elvis presley, radiohead, guns n roses, meshuggah, the white stripes, a tribe called quest, gogol bordello, the roots, dead kennedys, ghostface, david bowie, jimi hendrix, gorillaz, beck, the prodigy, sepultura, cypress hill, rjd2, minor threat, tool, johnny cash, primus, ramones, turbonegro, van halen, fugazi, m?tley crüe, tom waits, the hives
jonas brothers, paramore, the kooks, lifehouse, jimmy eat world, oasis, panic at the disco, the decemberists, bob marley
dropkick murphys, misfits, the bouncing souls, bad brains, rancid, nofx, dead kennedys, beastie boys, joy division, millencolin, the clash
burzum, darkthrone, satyricon, immortal, behemoth, nile, dethklok, morbid angel
johnny cash, dimmu borgir, disturbed, machine head, haggard, wolfgang amadeus mozart, mot?rhead, soulfly, the who, caliban
radiohead, asian dub foundation, cocorosie, yann tiersen, portishead, muse, bj?rk, arctic monkeys, duffy, klaxons, lenny kravitz, nirvana, rage against the machine, massive attack, bob dylan, james blunt, kaiser chiefs, sigur rós, bob marley, fatboy slim, the strokes, cypress hill, deus, tricky, babyshambles, the raconteurs, green day, lamb, pj harvey
atmosphere, jedi mind tricks, sublime, lil wayne, sage francis, aesop rock, disturbed, kanye west, 311, roots manuva, t.i., dj shadow, immortal technique, koЯn, pantera, cypress hill
lily allen, boys noize, beastie boys, the doors, t.i.
johnny cash, lynyrd skynyrd, kiss, misfits, black label society, journey, judas priest, bon jovi, ramones, van halen, bruce springsteen, dio, mot?rhead, rainbow, rob zombie, guns n roses, tenacious d, pantera, megadeth, iron maiden, soundtrack, m?tley crüe, black sabbath, frank sinatra, queen, skid row, deep purple, manowar, aerosmith, creedence clearwater revival, the rolling stones
minor threat, descendents, black flag, dead kennedys, buzzcocks
[unknown], blind guardian, rammstein, evanescence, oomph!, sum 41, within temptation, clint mansell
the libertines, fall out boy, metro station, lady gaga, good charlotte, say anything, mgmt, britney spears, foals, taking back sunday, anberlin, senses fail, red.jumpsuit.apparatus, elliott smith, shiny toy guns, the decemberists, the academy is..., hellogoodbye, funeral for a friend, the postal service, the used, the dandy warhols, daft punk, afi, the all-american rejects, underoath, blink-182, pink, m.i.a., lily allen, ashlee simpson, cute is what we aim for, mika, cursive, flo rida, goo goo dolls, sia, katy perry, kylie minogue, motion city soundtrack, finch, paramore, rihanna, rise against, relient k
blackfield, onerepublic, james blunt, coldplay, keane, pink floyd, loreena mckennitt, nelly furtado, leona lewis, sigur rós, goo goo dolls, enrique iglesias, riverside, the fray, bonobo, oasis, the album leaf, bryan adams, evanescence, the cinematic orchestra, dream theater, the cranberries, beirut, my morning jacket, mike oldfield, rufus wainwright, akon, duffy, pain of salvation, linkin park
kings of leon, the 69 eyes, jamiroquai, cradle of filth, the mars volta
nightwish, dope, m?tley crüe, misfits, stone sour, avenged sevenfold, marilyn manson, aerosmith, pantera, ac/dc, mudvayne, lamb of god, tool, guns n roses, children of bodom, system of a down, koЯn, him, ozzy osbourne
the beatles, chico buarque, deep purple, queen, mike oldfield, radiohead, tom waits, johnny cash, kate bush, infected mushroom, pink floyd, joss stone, r?yksopp, coldplay, u2, leonard cohen, portishead, morcheeba, king crimson, amon tobin, moloko, depeche mode, cake, sigur rós, ac/dc
pavement, deerhoof, brian eno, caetano veloso, pink floyd, bad brains, prince, the kinks, battles, stereolab, dinosaur jr., miles davis, talking heads, mot?rhead, captain beefheart & his magic band, the velvet underground
t.a.t.u., ti?sto, the kooks, britney spears, depeche mode, avril lavigne, u2, my chemical romance, the prodigy, miley cyrus
hypocrisy, metallica, pain, opeth, anathema, cannibal corpse, soilwork, bloodbath, silverchair
the prodigy, infected mushroom, god is an astronaut
the rasmus, alanis morissette, céline dion, september, t.a.t.u., groove coverage, backstreet boys, enrique iglesias
iron maiden, linkin park, tool, in flames, a perfect circle, joe satriani, koЯn, marilyn manson, bullet for my valentine, papa roach, p.o.d., nightwish, dragonforce, limp bizkit, deathstars, slipknot, system of a down, killswitch engage, breaking benjamin, queen, buckethead, metallica, red hot chili peppers, bon jovi, rammstein, static-x
supertramp, electric light orchestra, green day, elton john, scorpions, billy joel, the who, hans zimmer, lynyrd skynyrd, van halen, the killers, dragonforce, backstreet boys, hoobastank, journey, eric clapton, sum 41
red hot chili peppers, incubus, goo goo dolls, the postal service, third eye blind, death cab for cutie, jack johnson, panic! at the disco, thrice, beck, dave matthews band, bright eyes, jeff buckley, alanis morissette, dido
dredg, kreator, u2, queen, red hot chili peppers, coldplay, sepultura, tori amos, portishead, p.o.d., the doors, the killers, soulfly, pink floyd, morcheeba, queens of the stone age, system of a down, the prodigy, the mars volta, limp bizkit, god is an astronaut, bob marley & the wailers, papa roach, deep purple, faith no more, nightwish, foo fighters, era, jethro tull
green day, the distillers, cascada, linkin park, anberlin, lady gaga, rihanna, akon, david guetta, three days grace, paramore, britney spears, new found glory, sean paul, billy talent, enrique iglesias, flo rida, craig david, mgmt, good charlotte, the offspring, simple plan, nelly, the pussycat dolls, bon jovi, kanye west, blink-182, justin timberlake, sum 41
gang starr, jedi mind tricks, the game
nouvelle vague, dead can dance, nirvana, the cranberries, frank sinatra, nick cave and the bad seeds, elvis presley, portishead, depeche mode, morcheeba, stars, antony and the johnsons, nelly furtado, gogol bordello, tori amos, stereophonics
lil wayne, nas, snoop dogg, jay-z, the game, 2pac, incubus, bob marley, akon, chamillionaire, cascada, my chemical romance, foo fighters, afi, kanye west, blink-182, outkast, dr. dre, in flames, system of a down, him, mew, bruce springsteen, 50 cent, pearl jam, sean paul, beyoncé, busta rhymes, groove coverage, the kooks, ludacris
red hot chili peppers, the black dahlia murder, the fall of troy, death, behemoth, carcass, misfits, afi, dead kennedys, pantera, mastodon, slayer, tool, comeback kid, cypress hill, nile, bad brains, rage against the machine, ministry, vader
alexisonfire, city and colour, boards of canada, m83, tv on the radio, band of horses, elbow, travis, rise against, the knife, deftones, the weakerthans, the veronicas, underoath, flying lotus, me first and the gimme gimmes, high contrast, róisín murphy, senses fail, the prodigy, the streets, the subways, thom yorke, enter shikari, she wants revenge, the hellacopters, snow patrol, the chemical brothers, the postal service
lily allen, n*e*r*d, lagwagon, less than jake, blink-182, cursive, dashboard confessional, bring me the horizon
the shins, arcade fire, michael bublé, enya, bob marley & the wailers, louis armstrong, buena vista social club, michael jackson, the rolling stones, sublime, the white stripes
rufus wainwright, ladytron, patrick wolf, missy elliott, muse, hot chip, bj?rk, roots manuva, radiohead, the magnetic fields, nas, kylie minogue, the flaming lips, arcade fire, depeche mode, burial, bloc party, britney spears, girls aloud, amy winehouse, róisín murphy, calexico, tv on the radio, goldfrapp, talib kweli, the knife, prince, lupe fiasco, jay-z, portishead, dizzee rascal, stevie wonder
frank zappa, bob dylan, van morrison, david bowie, sonic youth, the white stripes, regina spektor, metallica, built to spill, ice cube, sufjan stevens, pink floyd, belle and sebastian, iron & wine, queens of the stone age, the black keys, nine inch nails, silverchair, devendra banhart, sublime, the magnetic fields, 50 cent, ryan adams, pixies, radiohead, eminem, slayer, bonnie prince billy, de la soul, pavement, eels, bright eyes, primus, spoon, andrew bird, jay-z, faith no more, frank sinatra
guided by voices, elliott smith, morphine, my bloody valentine, nada surf, girl talk
soundtrack, dir en grey
boards of canada, tokyo police club, sigur rós, bj?rk, the magnetic fields, the whitest boy alive, band of horses, a tribe called quest, the beatles, bonnie prince billy, john mayer, bright eyes, santogold, cut copy, radiohead, sufjan stevens, madonna, of montreal, common, outkast, sia, jay-z, m.i.a., elton john, janet jackson, kate nash, the new pornographers, m. ward, josé gonzález, moby, hercules and love affair, the streets, lil wayne, the beach boys, nas, stars, the presets
sade, david gray, manu chao, neil young, chet baker, nick drake, antonio vivaldi, faithless, johnny cash, kt tunstall, bonnie prince billy, bob dylan, lykke li, duffy, soundtrack, u2, moby, lenny kravitz
anberlin, motion city soundtrack, the used, lifehouse, joshua radin, mae, paramore, taking back sunday, maroon 5, all time low, incubus, the academy is..., dashboard confessional, jason mraz, coldplay, regina spektor, something corporate, cute is what we aim for, john mayer, onerepublic, kanye west, relient k, fall out boy, 3 doors down, boys like girls, matchbox twenty, akon, simple plan, finch, flyleaf, bullet for my valentine, coheed and cambria, plain white ts
pink floyd, queen, jeff buckley, green day, james blunt, coldplay, the cure, radiohead, kt tunstall, the doors, snow patrol, moby, u2, nightwish, fall out boy, r.e.m., arcade fire, hard-fi, dido, norah jones
the veronicas, three days grace, evanescence, the used, papa roach, kelly clarkson, katy perry, flyleaf, 30 seconds to mars, bullet for my valentine, madonna, my chemical romance, jimmy eat world, britney spears, sum 41, fall out boy, saosin, christina aguilera, simple plan, linkin park, ashlee simpson, sonic syndicate, billy talent, 44, blink-182, hilary duff, hoobastank, lady gaga, the killers, the all-american rejects
bat for lashes, radiohead, emilíana torrini, sigur rós, cat power, lamb, u2, the flaming lips, goldfrapp, m83, neko case, the beatles, mogwai, sneaker pimps, bj?rk, fleet foxes, nouvelle vague, the cardigans
katatonia, koЯn, the gathering, vader, hey, p.o.d., metallica, pain, coma, system of a down, tiamat, samael, deftones
apparat, coldplay, thievery corporation, booka shade, parov stelar
jack johnson, the arcade fire, coldplay, foo fighters, band of horses, josé gonzález, of montreal, red hot chili peppers, led zeppelin, peter bjorn and john, dave matthews band, sufjan stevens, phil collins, blonde redhead, iron & wine, the strokes, feist, belle and sebastian, neil young
unkle, the presets, bloc party, justice, the prodigy, moby, groove armada, the chemical brothers, daft punk, the killers, faithless, pendulum, kings of leon, eels, david guetta, róisín murphy, lamb, the bravery, the knife, orbital, simian mobile disco, lcd soundsystem, muse, mr. scruff, air, depeche mode, the crystal method, hot chip, kasabian, the white stripes, dj shadow
less than jake, metallica, anthrax, in flames, megadeth, slayer, testament, lamb of god, volbeat, iced earth, as i lay dying, the offspring, rage against the machine, dark tranquillity, shakira, iron maiden, rush, killswitch engage, children of bodom, flogging molly, black eyed peas, slipknot, system of a down, devildriver, mastodon, jack johnson, p.o.d., fear factory, dream theater, rancid, dead kennedys, trivium, death, rob zombie, bad religion, 3 doors down
new found glory, michael jackson, the fray, a day to remember, motion city soundtrack, common
the hives, the rolling stones, the kinks, foo fighters, frank sinatra, r.e.m.
beyoncé, chris brown, rihanna, missy elliott, gym class heroes, colbie caillat, black eyed peas, natasha bedingfield, coldplay, christina aguilera, alicia keys, linkin park, peter fox, timbaland, kanye west, amy winehouse, maria mena, kate nash, britney spears
evanescence, green day, shakira, jack johnson, ac/dc, moby, metallica, [unknown], linkin park, james blunt, bob dylan, lily allen, nirvana, radiohead, howard shore
him, shakira, paramore, the subways, lacuna coil, die toten hosen, bon jovi, die ?rzte, amy macdonald, katatonia, fall out boy, paradise lost, volbeat, guns n roses, enrique iglesias, the ataris, green day
new found glory, funeral for a friend, blink-182, enter shikari, killswitch engage, finch, as i lay dying, alexisonfire, 36 crazyfists, comeback kid, the black dahlia murder, from autumn to ashes, 44, angels & airwaves, sum 41, converge, atreyu, thrice, faith no more, lamb of god, rise against, all that remains, red.jumpsuit.apparatus, misfits, the all-american rejects
the magnetic fields, bright eyes, the white stripes, neutral milk hotel, clap your hands say yeah, the flaming lips, andrew bird
kings of convenience, r?yksopp, coldplay, beirut, the whitest boy alive, lily allen, depeche mode, jens lekman, h?kan hellstr?m, calvin harris, fleet foxes, koop, muse, mew, mgmt
ska-p, my chemical romance, the clash, amy winehouse, aerosmith, iron maiden, oasis, ramones
gym class heroes, as i lay dying, breaking benjamin, linkin park
belle and sebastian, plaid, jens lekman, buzzcocks, the arcade fire, the kooks, blonde redhead, peter bjorn and john, camera obscura, lily allen, the shins, interpol, thom yorke, modest mouse, kings of convenience, sufjan stevens, the fratellis, lcd soundsystem, serge gainsbourg, beck, django reinhardt, manu chao, clap your hands say yeah
pearl jam, jack johnson, kings of leon, alice in chains, red hot chili peppers, system of a down, ac/dc, franz ferdinand, alter bridge, coldplay, audioslave, faith no more, kt tunstall, black sabbath, queen, u2, linkin park, creed, the killers, iron maiden, timbaland
rainbow, lynyrd skynyrd, opeth, queensr?che, metallica, eric clapton, tenacious d, judas priest, dream theater, the rolling stones, van halen, ozzy osbourne, alice in chains
joy division, einstürzende neubauten
korpiklaani, nightwish, haggard, the sisters of mercy, blind guardian, radiohead, portishead, placebo, gamma ray, amorphis, sneaker pimps, nine inch nails, the smiths, joy division
groove armada, koop, morcheeba, high contrast, jazzanova, nelly furtado
koЯn, slipknot, dream theater, volbeat, machine head, opeth, rise against, avenged sevenfold, nickelback, atreyu, disturbed, incubus, system of a down, nine inch nails, bullet for my valentine, tenacious d, rage against the machine, trivium, soulfly, primus, alter bridge, fall out boy, mastodon, amon tobin, chimaira, the crystal method, godsmack, joe satriani, hoobastank, dope, papa roach, ska-p, queens of the stone age, ministry, lacuna coil, porcupine tree
koЯn, placebo, alter bridge, avenged sevenfold, iron maiden, good charlotte, limp bizkit, linkin park, jeff buckley, drowning pool, era, the birthday massacre, bullet for my valentine, trivium, rammstein, scorpions, guano apes, red hot chili peppers, pain
common, de la soul, cunninlynguists, eminem, notorious b.i.g., mos def, t.i., nas, kanye west, black eyed peas, busta rhymes, snoop dogg, wu-tang clan, jay-z, maroon 5, sean paul, moby, 2pac, dmx, mary j. blige, gym class heroes, atmosphere, shakira, lil wayne
brian eno, david bowie, sonic youth, aphex twin, devendra banhart, ladytron, peter bjorn and john, bauhaus, air, r?yksopp, radiohead, massive attack, apparat, sigur rós
ani difranco, nickelback, sting, tori amos, sarah mclachlan, evanescence, wolfgang amadeus mozart, howard shore, tracy chapman, bj?rk, david bowie, dead can dance, the rolling stones
bloc party, arctic monkeys, the pigeon detectives, the beatles, tom waits, oasis, kate nash, the killers, snow patrol, david bowie, belle and sebastian, the strokes, nirvana, kings of leon, green day, the wombats, coldplay, weezer, the cribs, bruce springsteen, the cure, the libertines, leonard cohen, hard-fi, manic street preachers, the jam, r.e.m., the smiths, the who, foo fighters, stereophonics, new order, blur
bad religion, millencolin, senses fail, from autumn to ashes, thrice, enigma, the dresden dolls, 2pac, underoath, afi, brand new, the academy is..., the bravery, cobra starship, the veronicas, alexisonfire, stars, death cab for cutie, alkaline trio, battles
mogwai, explosions in the sky, god is an astronaut, sigur rós, radiohead, the clash, mono, the album leaf, the raveonettes, frédéric chopin, pink floyd, 65daysofstatic
apocalyptica, marilyn manson, lacuna coil, disturbed, system of a down, iron maiden, bush, the offspring, nightwish, papa roach, type o negative, placebo, schandmaul, rage against the machine, in extremo, mot?rhead, guano apes, ayreon, creed, ac/dc, rammstein, nirvana, silverchair, 311
blink-182, beck, modest mouse, the offspring, rage against the machine, placebo, the cardigans, frank sinatra, the fratellis, the white stripes, rammstein, goldfinger, daft punk, ludacris, fatboy slim, fort minor, the hives, metallica, hoobastank, kanye west, 50 cent, muse, jay-z, godsmack, linkin park, the killers, cascada, damien rice, radiohead, lagwagon, blur, franz ferdinand, oasis, nirvana
boards of canada, the flashbulb, dj krush, the chemical brothers, m83, dj shadow, the cinematic orchestra, four tet, shpongle, massive attack, air, apparat, télépopmusik, trentem?ller, enigma, burial
against me!, brand new, dead kennedys, the cranberries, ignite, the beatles
rammstein, metallica, kult, the white stripes, system of a down, aerosmith, marilyn manson, richard cheese, pink floyd, franz ferdinand, kings of leon, led zeppelin, nick cave and the bad seeds, duffy, velvet revolver, red hot chili peppers, queens of the stone age, volbeat, o.s.t.r., lordi, him, elvis presley, farin urlaub, the doors, katy perry, placebo
common, the roots, massive attack, de la soul, the jimi hendrix experience, nas, michael jackson, portishead, mos def, j dilla, led zeppelin, zero 7, a tribe called quest, cunninlynguists, 2pac, wu-tang clan, bob dylan, jack johnson, the strokes, billie holiday, prefuse 73, the cure, bob marley & the wailers, lupe fiasco, jay-z, the beatles, red hot chili peppers, jimi hendrix, nirvana, norah jones, dream theater
moby, maroon 5, coldplay, diana krall, muse, pink martini, u2, ennio morricone
led zeppelin, kings of leon, red hot chili peppers, 311, regina spektor, damian marley, grateful dead, nirvana
the get up kids, minus the bear, bon iver, pavement, fugazi
dir en grey, the postal service, madlib, radiohead, the cure, 2pac, paramore, silverstein, anberlin, cat power, notorious b.i.g., at the drive-in, the faint, kanye west, senses fail, cocorosie, jefferson airplane, taking back sunday, a tribe called quest, bring me the horizon, death cab for cutie, the killers
dj shadow, the dresden dolls, four tet, télépopmusik, daft punk, the prodigy, fatboy slim, the smashing pumpkins, r.e.m., plaid, squarepusher, lamb, red hot chili peppers, interpol, thom yorke, jamiroquai, manu chao, nirvana, portishead, the beatles, joy division, ratatat, cypress hill, bonobo, orbital, sigur rós, r?yksopp, franz ferdinand, kosheen, bloc party, nick drake
the smiths, ramones, pixies, siouxsie and the banshees, the cure, portishead, tori amos, the jesus and mary chain, r.e.m., misfits, kate bush, the smashing pumpkins, primus, dead kennedys, joy division, pj harvey, alanis morissette, the dresden dolls, yeah yeah yeahs, massive attack, the clash, sonic youth, the white stripes, the beatles, they might be giants, the breeders, dropkick murphys, sarah mclachlan
r.e.m., fear factory, converge, peter gabriel, melvins, stereolab, faith no more, david bowie, down, isis, alice in chains, amon tobin, depeche mode, radiohead, tv on the radio
symphony x, sonata arctica, epica, sirenia, after forever, dream theater, pain of salvation, iced earth, porcupine tree, dragonforce, nightwish, tristania, avantasia, katatonia, queensr?che, stratovarius
wilco, m.i.a., joshua radin, bright eyes, yeah yeah yeahs, the beatles, iron & wine, sigur rós, cat power, mgmt, regina spektor, vampire weekend, band of horses, neutral milk hotel, santogold
porcupine tree, scorpions, depeche mode, children of bodom, ayreon, dream theater, within temptation, queen, symphony x, joe satriani, nightwish, opeth, metallica, therion, haggard, [unknown], leona lewis, kiss
bob dylan, the beatles, the rolling stones, talking heads, neil young, david bowie, led zeppelin, the velvet underground, the white stripes, my morning jacket, beck, jimi hendrix, tom waits, the kinks, van morrison, the flaming lips, nick drake, bob marley & the wailers, otis redding, feist, sonic youth, bruce springsteen
the national, nina simone, beirut, camera obscura, portishead, belle and sebastian, yann tiersen, nouvelle vague, carla bruni
elvis costello, kraftwerk, the beatles, klaxons, mew, manic street preachers, arcade fire, siouxsie and the banshees, buzzcocks, backstreet boys, modest mouse, the jesus and mary chain, architecture in helsinki, the killers, echo & the bunnymen, abba, the smashing pumpkins, toto, bloc party, belle and sebastian, of montreal, the shins, dire straits, the strokes
tool, eagles of death metal, radiohead, kyuss, calexico, norah jones, bush, pixies, billy talent, johnny cash, jack johnson, bob marley, koЯn, the white stripes, incubus, franz ferdinand, tom waits, a perfect circle, arctic monkeys, death cab for cutie, bloc party, the kooks, reel big fish, limp bizkit
kylie minogue, madonna, sugababes, britney spears, janet jackson, spice girls, nelly furtado, jennifer lopez, mariah carey, christina aguilera, rihanna, céline dion, girls aloud, kelly clarkson, alanis morissette, beyoncé, the pussycat dolls, robbie williams, gwen stefani, garbage, justin timberlake, no doubt, natasha bedingfield, avril lavigne, michael jackson, the cranberries
busta rhymes, snoop dogg, rise against, dashboard confessional, incubus, kanye west, new found glory, blink-182, chevelle, chris brown, beyoncé, millencolin, paramore, good charlotte, rihanna, finch, limp bizkit, from first to last, tool, 50 cent, afi, fort minor, as i lay dying, silverstein
los hermanos, public enemy, aphex twin, thievery corporation
radiohead, arcade fire, the notwist, broken social scene, the flaming lips, the kinks, the beatles, pavement, the shins, tv on the radio, the weakerthans, pixies, led zeppelin, the decemberists, simon & garfunkel, of montreal, girl talk, death cab for cutie, vampire weekend, modest mouse, hot chip, low, mogwai, stars, wilco, doves, weezer, johnny cash, the cure, flight of the conchords, arctic monkeys, sigur rós, kings of leon, queens of the stone age
mando diao, nick cave and the bad seeds, moby, the cure, placebo, the white stripes, nirvana, archive, massive attack, brian eno, einstürzende neubauten, the strokes, tom waits, coldplay, bonobo, lcd soundsystem, kasabian, bloodhound gang, tori amos, radiohead, madonna, bauhaus, the dresden dolls, the beatles, red hot chili peppers, the doors, joy division, regina spektor
john williams, antonio vivaldi, system of a down, alanis morissette, ennio morricone, nirvana, coldplay, soundtrack, [unknown], the rolling stones, led zeppelin
sigur rós, jens lekman, cocorosie, kings of convenience, kent, belle and sebastian, sufjan stevens, the beatles, explosions in the sky, h?kan hellstr?m, radiohead, the strokes, devendra banhart, neil young, bright eyes, múm, die toten hosen, simon & garfunkel, arctic monkeys, myslovitz, patrick wolf, arcade fire, broken social scene, mogwai, death cab for cutie, kings of leon, the shins, boards of canada, the white stripes, feist, neutral milk hotel, placebo, the flaming lips
miley cyrus, queen, r?yksopp, nightwish, camel, enigma, loreena mckennitt
the prodigy, soilwork, wu-tang clan, bob marley & the wailers, 2pac, cypress hill, mot?rhead, aphex twin, ghostface, guns n roses, nightmares on wax, snoop dogg, finntroll, beastie boys, ice cube, notorious b.i.g., ac/dc, gang starr, mobb deep, jurassic 5, strapping young lad, fleetwood mac, the smashing pumpkins, paul oakenfold, jimi hendrix, the who, napalm death, scissor sisters, lamb of god, bloodhound gang
belle and sebastian, hot chip, mgmt, crystal castles, the postal service, death cab for cutie, nick drake, the zombies, feist, flight of the conchords, cocorosie, leonard cohen, the flaming lips
blink-182, yann tiersen, the beatles, the all-american rejects, james morrison, editors, the cure, the doors, feist, foals, sia, biffy clyro, the verve, vampire weekend, placebo, panic at the disco, paramore, amy macdonald, frank sinatra, m.i.a., regina spektor, the cribs, cansei de ser sexy, kings of leon
dropkick murphys, rancid, social distortion, streetlight manifesto, the bouncing souls, the clash, u2, less than jake
red hot chili peppers, franz ferdinand, queens of the stone age, the beatles, max?mo park, ben harper, pearl jam, rage against the machine, incubus, arctic monkeys, the wombats, the libertines, the mars volta, the cure, babyshambles, audioslave, the strokes, joy division, r.e.m., foo fighters, jimi hendrix, placebo, the clash, late of the pier, eddie vedder, the smiths
black label society, volbeat, dope, death, vader, fear factory, deftones, gojira, strapping young lad, pantera, kyuss, bob marley & the wailers, cannibal corpse, arch enemy, metallica, static-x, megadeth, anthrax, devildriver, sepultura, dragonforce, tenacious d, slayer, kreator, testament, machine head, heaven shall burn, behemoth, the prodigy, ac/dc, avenged sevenfold
nina simone, aretha franklin, chico buarque, duffy, the doors, jimi hendrix, otis redding, cansei de ser sexy, amy winehouse, janis joplin, the beatles, billie holiday, caetano veloso, james brown
the dresden dolls, james blunt, coldplay, system of a down, brand new, queen, regina spektor, rammstein, u2, radiohead, franz ferdinand, kaiser chiefs, my chemical romance, keane, the mars volta, hellogoodbye, snow patrol, the magnetic fields, blur, reel big fish, linkin park, pendulum, thursday, [unknown], relient k
dire straits, diana krall
dirty pretty things, peter bjorn and john, édith piaf, cocorosie, miles davis, primal scream, the rapture, the kills, the cribs, the beatles, babyshambles, elliott smith, the brian jonestown massacre, ladytron, pinback, ray charles, vampire weekend, lcd soundsystem, the whitest boy alive
andrew bird, radiohead, adam green, morrissey, of montreal, david bowie, bob dylan, leonard cohen, ani difranco, the beatles, sufjan stevens
t.i., jay-z, kanye west, ghostface, chamillionaire, akon, dr. dre, jurassic 5, notorious b.i.g., usher, ice cube, the game
roxette, depeche mode, evanescence, nina simone, faithless, moby, the prodigy, scorpions, bob marley, mika, kosheen
the kooks, coldplay, the beatles, the strokes, the cranberries, sigur rós, the clash, jason mraz, simon & garfunkel, supertramp, the police, fleetwood mac, mika, abba, fall out boy, michael jackson
lacuna coil, metallica, killswitch engage, breaking benjamin, flyleaf, linkin park, nightwish, fall out boy, helloween, muse, avenged sevenfold, pink, skillet, daft punk, katy perry, dragonforce, my chemical romance, paramore, evanescence, jennifer lopez, system of a down, joss stone, lily allen, the used, bullet for my valentine, t.a.t.u., christina aguilera, disturbed
alkaline trio, rise against, the weakerthans, fall out boy, dashboard confessional, dredg, bloc party, from first to last, incubus, death cab for cutie, silverstein, calexico, new found glory, the shins, jimmy eat world, goldfinger, the ataris, band of horses, the academy is..., enter shikari, coldplay, justice, plain white ts, cobra starship, interpol, funeral for a friend, modest mouse
groove coverage, tenacious d, bon jovi, foo fighters, coldplay, green day, michael jackson, basshunter, roxette, the white stripes
saosin, atreyu, evanescence, three days grace, 30 seconds to mars, escape the fate, mudvayne, caliban, ill ni?o, linkin park, underoath, emery, papa roach, breaking benjamin, enter shikari
tegan and sara, the sounds, the ting tings, robyn, yeah yeah yeahs, britney spears, the gossip, bat for lashes, cansei de ser sexy, the breeders, shiny toy guns, peaches, mika, ladytron, feist, kelly clarkson, mark ronson, the killers, the cure, the veronicas, pink, sia, garbage, lady gaga, lily allen
atb, a-ha, pendulum, alanis morissette, madonna, shakira, clint mansell, nelly furtado, sting, apocalyptica
boards of canada, portishead, michael jackson, radiohead, morrissey, george michael, britney spears, r.e.m., the smiths, death from above 1979, erykah badu, bj?rk, m83, wolfgang amadeus mozart, coldplay, goldfrapp, calvin harris, feist, m.i.a., kanye west, prince, madonna, r?yksopp
groove armada, unkle, morcheeba, coldplay, eagles of death metal, cut copy
johann sebastian bach, tom waits, autechre, cocorosie, aphex twin, beck, tortoise, broken social scene, modest mouse, animal collective, 65daysofstatic, devendra banhart, radiohead, the cinematic orchestra, plaid, the notwist, múm, blonde redhead, squarepusher
metallica, p.o.d., limp bizkit, red hot chili peppers, system of a down, the offspring, muse, papa roach, the prodigy, evanescence, static-x, koЯn, guano apes, gorillaz, coldplay, black eyed peas, the crystal method, foo fighters, dream theater, tristania, nirvana, maroon 5, blur, fort minor, tarja turunen, ti?sto, serj tankian, sirenia
the beatles, die toten hosen, queens of the stone age, die ?rzte, gorillaz, billy talent, tenacious d, hellogoodbye, audioslave, maroon 5, foo fighters, nirvana, the offspring, keane, p.o.d., the killers, my chemical romance, led zeppelin, coldplay, metallica
girl talk, m.i.a., the strokes, of montreal, sonic youth, stereolab, deerhunter, clap your hands say yeah, bright eyes, the ting tings, beck, bon iver, joy division
moloko, thievery corporation, roots manuva, clint mansell, bonobo, thomas newman
guns n roses, velvet revolver, van halen, jimi hendrix, the jimi hendrix experience, creedence clearwater revival, the beach boys, ac/dc, led zeppelin, eric clapton, seether, helloween, dream theater, kiss, paul mccartney, blink-182, blondie, good charlotte, ramones, m?tley crüe, the offspring, dire straits, ozzy osbourne, queens of the stone age
atmosphere, jedi mind tricks, kanye west, the game, jay-z, 2pac, nas, aesop rock, sage francis, eminem, massive attack, red hot chili peppers
sigur rós, radiohead, tom waits, norah jones, arcade fire, muse, mogwai, the beatles, the stone roses, the flaming lips, bj?rk, sonic youth, the velvet underground, stereophonics, bright eyes
jethro tull, pink floyd, r.e.m., marilyn manson
bush, the knife, mindless self indulgence, the killers, modest mouse, t.a.t.u., paul oakenfold, new order, system of a down, linkin park
coldplay, kings of leon, silverchair, bloc party, max?mo park, the killers, the kooks, interpol, the cranberries, nick drake, a perfect circle, slipknot, the smiths, arctic monkeys, hot chip, muse, foo fighters, chico buarque, kings of convenience, red hot chili peppers, queens of the stone age
bonobo, cake, tosca, de-phazz, parov stelar, thievery corporation, télépopmusik, nightmares on wax, the herbaliser, mr. scruff, amon tobin
cat stevens, dave matthews band, dead can dance, eagles
the rolling stones, elbow, led zeppelin, pearl jam, the black keys, beastie boys, ac/dc, oasis, radiohead
james morrison, the raveonettes, michael jackson, ac/dc, paolo nutini, alicia keys, jack johnson, mgmt, digitalism, razorlight, alanis morissette, kanye west, nirvana, peter bjorn and john, cansei de ser sexy, the ting tings, coldplay, architecture in helsinki, kate nash, air, kings of convenience, jamie cullum, jay-z, red hot chili peppers, the white stripes, the pigeon detectives, andrew bird, buena vista social club, aerosmith, feist, nickelback, timbaland, kt tunstall, mary j. blige, 3 doors down, jamiroquai, jason mraz
arctic monkeys, linkin park, elvis presley, hard-fi, amy winehouse, the killers, the kooks, u2, miles davis, red hot chili peppers, bloc party, nirvana, editors, zero 7, jamiroquai, buena vista social club, eagles, tenacious d, josé gonzález, bob marley, james morrison, jack johnson, kings of leon, blur
finntroll, korpiklaani, equilibrium, agalloch, eluveitie, cradle of filth, in extremo, turisas, ensiferum, bathory
neil young, johnny cash, wilco, frank sinatra, serge gainsbourg, bob dylan, devendra banhart, cat power, sufjan stevens, bonnie prince billy, the beatles, elvis presley, m. ward, ray lamontagne, mobb deep, elliott smith, the mountain goats, eels, lil wayne, tv on the radio, belle and sebastian, billie holiday, common, andrew bird, leonard cohen, low, kanye west
jay-z, snoop dogg, ice cube, faith no more, public enemy, the prodigy, lil wayne, rage against the machine, sean paul, ghostface, notorious b.i.g., nas, 50 cent, talib kweli, mobb deep, the game, james brown, damian marley, dizzee rascal
bonobo, prefuse 73, morcheeba, portishead, the smiths, tricky, amon tobin, david bowie, apparat, the jam
bloc party, interpol, télépopmusik, the smashing pumpkins, róisín murphy, the cure, n*e*r*d, the roots, pj harvey, nine inch nails, burial, erykah badu, jamiroquai, the whitest boy alive, the streets, trentem?ller, no doubt, broken social scene, gang starr, paramore, moloko, radiohead, the smiths, editors, portishead
prince, the beatles, édith piaf, pink floyd, the white stripes, mot?rhead, marilyn manson, the cure, the clash, led zeppelin, pearl jam, pixies, tori amos, outkast, the who, creedence clearwater revival, the prodigy, bob dylan, aerosmith, slayer, the doors, the black keys, nirvana, radiohead, coldplay, tool, moby, sonic youth, u2
amy macdonald, jack johnson, josé gonzález, amy winehouse, cocorosie, clueso, jason mraz, anna ternheim, damien rice, the killers, live, roxette, 3 doors down, kt tunstall, colbie caillat, feist, kate nash, inxs, lifehouse, lily allen, the kooks, regina spektor, calexico, ok go, jamiroquai, keane, a fine frenzy, the corrs
lady gaga, santogold, katy perry, rihanna, amy macdonald, m.i.a., kate nash, sugababes, britney spears, the ting tings, calvin harris, the pussycat dolls, girls aloud, daft punk, lily allen, beyoncé, september
my bloody valentine, koЯn, the smashing pumpkins, rage against the machine, beastie boys, led zeppelin, sepultura
switchfoot, franz ferdinand, katy perry, the fray, linkin park, amy macdonald, danny elfman, jonas brothers, miley cyrus, gwen stefani, travis, fall out boy, coldplay, hans zimmer, james blunt, christina aguilera, plain white ts, keane, peter bjorn and john, imogen heap, avril lavigne
the radio dept., radiohead, aphex twin, air, digitalism, thom yorke, the prodigy, boys noize
pearl jam, placebo, the smashing pumpkins, audioslave, blink-182, black eyed peas, cake, amy winehouse, system of a down, alanis morissette, ashlee simpson, seether, queens of the stone age, the doors, akon, faith no more, nirvana, at the drive-in, ac/dc, deus, various artists, drowning pool, the who
rise against, ramones, the beatles, queen, john lennon, good charlotte, jimmy eat world, oasis, pink floyd, creedence clearwater revival, killswitch engage, black sabbath, deep purple, the doors, coldplay, bob dylan, janis joplin, tenacious d, led zeppelin, blink-182, 30 seconds to mars, rage against the machine, the rolling stones, guns n roses, dire straits, santana, the jimi hendrix experience, placebo, relient k, abba, jefferson airplane, skillet, jethro tull, scorpions, elvis presley, alanis morissette, the who, nelly furtado, robbie williams, u2, rammstein, the police, nirvana
blink-182, arctic monkeys, bloc party, beyoncé, flight of the conchords, jack johnson, the libertines, kings of leon, vampire weekend, weezer, the last shadow puppets, rage against the machine, jason mraz, eminem, the jam, bright eyes, hellogoodbye, r.e.m., foals, hot chip, editors, bon iver, limp bizkit
david bowie, the beatles, the magnetic fields, paul mccartney, lou reed, the rolling stones, bob dylan, elvis costello
panic at the disco, the veronicas, bob marley, fall out boy, arctic monkeys
bob marley & the wailers, bad brains, dead kennedys, billie holiday, eminem, black flag, brian eno, the jimi hendrix experience, jimi hendrix, incubus, the cure, django reinhardt, gorillaz
various artists, red hot chili peppers, rammstein, placebo, bob marley, gorillaz, nirvana, metallica, koЯn, shakira, limp bizkit, muse, radiohead, the pussycat dolls, the white stripes, madonna, rihanna, the rasmus, linkin park, amy winehouse, nightwish, franz ferdinand, beyoncé, bj?rk, céline dion, coldplay, james blunt, mariah carey, t.a.t.u., avril lavigne, the offspring, jay-z
jem, danny elfman, lady gaga
scorpions, blank & jones
armin van buuren, ti?sto, blank & jones, above & beyond, ferry corsten, atb, david guetta, the prodigy
fugazi, franz ferdinand, mot?rhead, red hot chili peppers, jimi hendrix, devo, the white stripes, arctic monkeys, nirvana, los hermanos, the beatles, norah jones, dead kennedys, the rolling stones, portishead, pixies, bad brains, black flag, beastie boys, primus
kanye west, britney spears, gang starr, talib kweli, nas, t.i., michael jackson
blink-182, foo fighters, n*e*r*d, fort minor, the offspring, jedi mind tricks, eminem, chamillionaire, jay-z, common, ludacris, limp bizkit
the raveonettes, paul simon, ramones, echo & the bunnymen, john lennon, herbie hancock, sade, coldplay
john mayer, herbie hancock, jamie cullum, red hot chili peppers, jimi hendrix, alicia keys, the doors, n*e*r*d, incubus, the beatles, buena vista social club, feist, daft punk, stevie wonder, jamiroquai, jason mraz, paul simon
yann tiersen, the cardigans, travis, cake, cat stevens, amy winehouse, the cure, phil collins, jennifer lopez, [unknown]
n*e*r*d, stereolab, beastie boys, m83, bonnie prince billy, napalm death
paramore, hilary duff, taylor swift, hans zimmer, queen, live, kelly clarkson, natasha bedingfield, 3 doors down, nightwish, u2, robbie williams, the rolling stones, the pussycat dolls, nelly furtado, mika, nickelback, cascada, the corrs, rihanna, avril lavigne, guns n roses, evanescence, miley cyrus, maroon 5, goo goo dolls, coldplay, september
b?hse onkelz, bullet for my valentine, avril lavigne, the rasmus, simple plan, billy talent, 30 seconds to mars, flyleaf, subway to sally, all time low, limp bizkit, coldplay, metallica, good charlotte, godsmack, hoobastank, blink-182, lacuna coil, schandmaul, bad religion, in flames, nightwish, die toten hosen, p.o.d., after forever, incubus, in extremo, placebo, stone sour, my chemical romance
50 cent, damian marley, apocalyptica, snoop dogg, 2pac, seeed, ennio morricone, the prodigy
city and colour, against me!, rancid, rage against the machine, streetlight manifesto, rise against, nirvana, billy talent, red hot chili peppers
finch, dir en grey, the veronicas, reel big fish
girl talk, me first and the gimme gimmes, chromeo, the beach boys, justice, digitalism, snoop dogg, dropkick murphys, elvis presley, kings of leon, t.i., cake, ben folds, cold war kids, the pogues, creedence clearwater revival, aerosmith, beastie boys, cansei de ser sexy, gang starr, jay-z, shiny toy guns, dr. dre, mgmt
the shins, metallica, sting, era, enya, ben harper, grateful dead, regina spektor, coldplay, guns n roses, hans zimmer, miles davis, diana krall, norah jones, akon, tarja turunen, chet baker, queen, bob dylan
pink floyd, infected mushroom, led zeppelin, bee gees, dire straits, chico buarque, creedence clearwater revival, jethro tull, ti?sto, fatboy slim, jack johnson, nirvana, rush, blink-182, cansei de ser sexy
jack johnson, senses fail, metro station, escape the fate, enter shikari, parkway drive, city and colour, paramore, the academy is..., jason mraz, kings of leon, taking back sunday, my chemical romance, fall out boy, the used, panic! at the disco, cobra starship, chiodos, marilyn manson, bloc party, circa survive, underoath, anberlin, funeral for a friend, motion city soundtrack, 50 cent, the kooks, red.jumpsuit.apparatus, cute is what we aim for
pid?ama porno, the white stripes, bad religion, aretha franklin, happysad, muse, akurat, pink floyd, arctic monkeys, tenacious d, tiamat, franz ferdinand, moonspell, the doors, apocalyptica, amy winehouse, ramones, sigur rós, mgmt, red hot chili peppers, interpol, coldplay, the last shadow puppets, the raconteurs, kings of leon, the subways, sabaton
iced earth, michael jackson, sum 41, hammerfall
alice in chains, nirvana, afi, metallica, korpiklaani, mindless self indulgence, koЯn
beirut, final fantasy, tv on the radio, franz ferdinand, johnny cash, the magnetic fields, rjd2
flogging molly, hot hot heat, the shins, the rolling stones, the who, iron maiden, spoon, queen, snow patrol, blink-182, franz ferdinand, rage against the machine, the white stripes, daft punk, stars, of montreal, the new pornographers, gorillaz, the streets, pixies, social distortion, kaiser chiefs, m?tley crüe, the postal service, pantera, jack johnson, the smiths, rancid, limp bizkit
all that remains, daft punk, kmfdm, soilwork, rammstein, frank sinatra, scooter, n*e*r*d, bad religion, killswitch engage, children of bodom, clint mansell, kanye west, hans zimmer, in flames, basshunter, ti?sto, cascada, bob marley & the wailers, lamb of god, dr. dre, justin timberlake
avril lavigne, barenaked ladies, amy winehouse, regina spektor, adele, pink, kate nash, mika, the beatles, panic at the disco, snow patrol, fall out boy, my chemical romance, oasis, motion city soundtrack, placebo, blink-182, the brian jonestown massacre, maroon 5, system of a down, natasha bedingfield, sum 41, black eyed peas, lcd soundsystem, britney spears, marilyn manson, muse, coldplay, lostprophets, elbow, plain white ts, christina aguilera, feeder, the killers, the used, duffy, limp bizkit, nickelback, leona lewis, sugababes
the beatles, u2, ac/dc, led zeppelin, the doors, the offspring, electric six, jet, oasis, the jimi hendrix experience, muse, the rolling stones, pink floyd, metallica, red hot chili peppers, the who, nirvana, elvis presley, mika, ray charles, janis joplin, blur, deep purple, foo fighters, david bowie, john lennon, iggy pop, the white stripes
[amy macdonald]
the rolling stones, modest mouse, bob dylan, the black keys, radiohead, de la soul, the white stripes, a tribe called quest, jimi hendrix, pixies, led zeppelin, the velvet underground, miles davis, sublime, j dilla, the flaming lips, weezer, bob marley, rage against the machine, of montreal, cake, neutral milk hotel, the shins, kings of leon, eric clapton, pink floyd, arcade fire, the who, animal collective, bruce springsteen, the doors, beck, the clash, jurassic 5, rjd2, madlib, clap your hands say yeah, dj shadow, ludwig van beethoven, johann sebastian bach, red hot chili peppers, creedence clearwater revival, flying lotus, elliott smith, daft punk, david bowie
opeth, gojira, porcupine tree, blind guardian, iced earth, agalloch, ensiferum, dethklok, turisas
pearl jam, jack johnson, guano apes, the offspring, reel big fish, blink-182, sublime, incubus, eddie vedder, red hot chili peppers, foo fighters, shout out louds, snow patrol, kaiser chiefs, soundtrack, stereophonics, the strokes, escape the fate, jason mraz, coldplay, oasis, jamiroquai, the kooks
[three days grace]
the strokes, justice, ladytron, daft punk, r?yksopp, boys noize, joy division, radiohead, cut copy, digitalism, mgmt
nas, high contrast, roots manuva, bj?rk, klaxons, madonna, the white stripes, mariah carey, groove armada, jay-z, róisín murphy, common, the chemical brothers, air, damian marley, pendulum, dizzee rascal, the streets, the prodigy
kyuss, strapping young lad, mastodon, judas priest, pearl jam, testament, manowar, down, isis, pantera, iron maiden, slayer, megadeth, primus, explosions in the sky, rage against the machine, metallica, anthrax, dragonforce, sepultura, system of a down, queens of the stone age, sodom, audioslave
dropkick murphys, korpiklaani, incubus, nofx, flyleaf, deathstars, sonic syndicate, chimaira, killswitch engage, tenacious d, bloodhound gang, 36 crazyfists, green day, die apokalyptischen reiter, dope, schandmaul
nick drake, yann tiersen, morcheeba, antony and the johnsons, jamiroquai, radiohead, michael jackson, leonard cohen, johnny cash, eric clapton, keane, soundtrack, gogol bordello, john lennon, alice in chains, damien rice, los hermanos, coldplay, pink floyd, megadeth
the libertines, muse, the kooks, placebo, cake, dirty pretty things, télépopmusik, gotan project, r?yksopp, trentem?ller, hot chip, nelly furtado, maroon 5, the subways, jet, the rapture, the strokes, klaxons, nirvana, phoenix, the chemical brothers, christina aguilera, feist, rihanna, nouvelle vague, franz ferdinand, 30 seconds to mars, frank sinatra, kaiser chiefs, scissor sisters, the cribs
thievery corporation, herbie hancock, nouvelle vague, ani difranco, miles davis, van morrison, pj harvey, moloko, massive attack, nick cave and the bad seeds, beck, róisín murphy, the beatles, the doors, the rolling stones, the herbaliser, morcheeba, goldfrapp, gorillaz, joni mitchell, de-phazz, gnarls barkley, amy winehouse, prince, radiohead, the cinematic orchestra, portishead, the chemical brothers
moloko, bob marley, john legend, beastie boys, dj shadow, unkle, nas, red hot chili peppers, the herbaliser, thievery corporation, gentleman, the roots, amy winehouse, coldplay, gang starr, buena vista social club, alicia keys, a tribe called quest, air
leonard cohen, enya, bruce springsteen, john williams, céline dion, dire straits, johnny cash, creedence clearwater revival, abba
the cinematic orchestra, burial, tricky, aphex twin, the prodigy, apparat, the jimi hendrix experience, the white stripes, the beatles, daft punk, air
evanescence, nightwish, u2, morcheeba, gorillaz, radiohead, kaiser chiefs, bob marley, franz ferdinand, moby, muse, avril lavigne, hans zimmer, bob marley & the wailers, linkin park, nirvana, arctic monkeys
motion city soundtrack, 311, dashboard confessional, the postal service, the weakerthans, the all-american rejects, rilo kiley, panic! at the disco, taking back sunday, alkaline trio, cursive, fall out boy, kings of leon, the get up kids, the academy is..., green day, mae, brand new, bright eyes, blink-182, coldplay, rancid, modest mouse, system of a down, goldfinger, cake, the smashing pumpkins, something corporate, saves the day, flyleaf, the flaming lips
bon jovi, james blunt, john legend, alicia keys, britney spears, the fray, portishead, red hot chili peppers, imogen heap, placebo, lupe fiasco, gorillaz, madonna, lenny kravitz, david gray, the killers, queen, rihanna, common, 311, michael bublé
leonard cohen, herbie hancock, cocorosie, the cinematic orchestra, bj?rk, erykah badu, ella fitzgerald, jamiroquai, nouvelle vague, miles davis, billie holiday
die ?rzte, yellowcard, beatsteaks, editors, incubus, die toten hosen, foo fighters, afi, farin urlaub, stone sour, staind, sum 41, the offspring, fall out boy, system of a down, the cure, guano apes, me first and the gimme gimmes, serj tankian, in extremo, blink-182, the fray, billy talent, schandmaul, misfits, rise against, max?mo park
m. ward, low, calexico, max richter, cat power, yann tiersen, bright eyes, devendra banhart, sigur rós, grizzly bear, mirah, cocorosie
tv on the radio, arctic monkeys, the hives, creedence clearwater revival, digitalism, the wombats, the shins, the dandy warhols, franz ferdinand, the killers, the strokes, foals, the cure, queens of the stone age, red hot chili peppers, radiohead, tokyo police club, the smashing pumpkins, dirty pretty things, hot hot heat, mgmt, electric light orchestra, muse
alanis morissette, coldplay, colbie caillat, jack johnson, linkin park, evanescence, christina aguilera, michael bublé, franz ferdinand, amy macdonald, justin timberlake, phil collins, michael jackson, creed, matchbox twenty, norah jones, nickelback, james blunt
trentem?ller, apocalyptica, guano apes, thomas newman, god is an astronaut, high contrast, vampire weekend, serj tankian, clint mansell, moby, the prodigy, dave matthews band, various artists, infected mushroom
stevie wonder, james brown, m.i.a., erykah badu, tegan and sara, bob dylan, the rolling stones, prince, cat stevens, amy winehouse, al green, cat power, elvis costello, the kinks
thievery corporation, the prodigy, trentem?ller, emilie simon, parov stelar, portishead, nightmares on wax, the crystal method
the killers, placebo, arctic monkeys, the last shadow puppets, the prodigy, travis, snow patrol, the kooks, rage against the machine, the raconteurs, bloc party, r.e.m., mgmt, pendulum, black rebel motorcycle club, tokyo police club, radiohead, mogwai, the used, the gossip, le tigre, franz ferdinand, daft punk, ladytron, jefferson airplane, keane, yeah yeah yeahs, the verve, him, pulp, she wants revenge, moby, animal collective, fischerspooner
tool, porcupine tree, megadeth, dir en grey, in flames, sentenced, metallica, dream theater, system of a down, pain of salvation, amorphis, koЯn, iron maiden, katatonia, dark tranquillity, riverside, pain, anathema, apocalyptica, strapping young lad, soulfly, godsmack, sonata arctica, a perfect circle, nightwish, disturbed, gojira, ayreon, bloodbath, slayer, tiamat, nine inch nails, helloween, moonspell, red hot chili peppers, scar symmetry, death, mudvayne, incubus, children of bodom, arch enemy, mastodon, at the gates, staind, deftones, air, rage against the machine, sepultura, symphony x
david bowie, the doors, the chemical brothers, the prodigy, the stone roses, pink floyd, massive attack, elvis presley, kasabian, the rolling stones, michael jackson, roots manuva, kanye west, the future sound of london, the fratellis, queen, green day, pet shop boys, faith no more, mobb deep, outkast, nine inch nails, mark ronson, blur, gnarls barkley, the kinks, depeche mode, jeff buckley, amy winehouse, mos def, gang starr
guided by voices, pavement, animal collective, david bowie, stereolab, sonic youth, sigur rós, modest mouse, deerhunter, radiohead, belle and sebastian, ratatat, spoon, the knife, grizzly bear, elliott smith, broken social scene, the books, the velvet underground, beirut, built to spill, blur, interpol, the breeders, pixies, r?yksopp, kings of convenience, of montreal, air, sufjan stevens
elvis presley, travis, cake, air, los hermanos, supertramp, buzzcocks, frank sinatra, david bowie, elton john, arcade fire, marvin gaye, the killers, led zeppelin, the clash
devendra banhart, modest mouse, the libertines, belle and sebastian, bright eyes, arcade fire, cake, lcd soundsystem, the new pornographers, the beatles, animal collective, the shins
taylor swift, the all-american rejects, cobra starship, sugarcult, norah jones, regina spektor, sara bareilles, flogging molly, sarah mclachlan, britney spears, cascada, red.jumpsuit.apparatus, atreyu, elvis presley, relient k, hellogoodbye, anberlin, backstreet boys, breaking benjamin, maroon 5, michael bublé, fiona apple, the beatles
herbie hancock, steely dan, fleetwood mac, pink floyd, prince, moloko, the chemical brothers, air, serge gainsbourg, the prodigy, pantera, grateful dead, chromeo, the future sound of london, belle and sebastian, the beach boys, santana, stevie wonder
green day, miley cyrus, him, alkaline trio, christina aguilera, kings of leon, dream theater, supertramp, kanye west, eagles, bruce springsteen, céline dion, cascada, nightwish
iced earth, koЯn, metallica, system of a down, godsmack, rammstein, red hot chili peppers, nine inch nails, disturbed, black label society, stone temple pilots, a perfect circle, adema, alice in chains, chevelle, nirvana, p.o.d., static-x, seether, lacuna coil, drowning pool, limp bizkit, the prodigy, breaking benjamin, marilyn manson, pantera, rage against the machine, tool, rob zombie, the offspring, the smashing pumpkins, radiohead, audioslave, foo fighters
lcd soundsystem, hot chip, the rapture, digitalism, simian mobile disco, daft punk, the presets, the go! team, cut copy, fischerspooner, the knife, calvin harris, klaxons, boys noize, the chemical brothers, beck, death from above 1979, mgmt, tv on the radio, crystal castles, ladytron, chromeo, gorillaz, junior boys, portishead, foals, goldfrapp, the flaming lips, bj?rk, mylo
the postal service, jimmy eat world, opeth, coldplay, cocorosie, amon amarth, slipknot, rise against, the used, satyricon, all that remains, immortal, napalm death, meshuggah, era
jack johnson, cat power, the beatles, the postal service, ladytron, from first to last, editors, goldfrapp, the arcade fire, bright eyes, the album leaf, simon & garfunkel, the dillinger escape plan, john mayer
lacrimosa, the haunted, katatonia, carcass, samael, ulver, slayer, amorphis
black eyed peas, goldfrapp, nick drake, jay-z, busta rhymes, john williams, missy elliott, beyoncé, kanye west, fergie, limp bizkit, metallica, ludacris, yann tiersen, ice cube, hans zimmer, pink martini, mark ronson, janet jackson, snoop dogg, m.i.a., outkast, prince, mariah carey, nina simone, koЯn, amy winehouse, richard cheese, the roots, britney spears, common, guns n roses, lupe fiasco, muse
nightmares on wax, yo la tengo, snoop dogg, sonic youth, air, brian eno, joy division, pavement, elbow, max richter, the cure
metallica, apocalyptica, pink floyd, system of a down, stone temple pilots, velvet revolver, testament, dream theater, arctic monkeys, pantera, dire straits, soundgarden, alice cooper, led zeppelin, deep purple, nirvana, sonata arctica, pearl jam, foo fighters, creed, tenacious d, porcupine tree, slipknot, queen, muse, u2, r.e.m., nickelback, rage against the machine, scorpions, dragonforce
the shins, radiohead, pinback, sufjan stevens, bob dylan, death cab for cutie, the new pornographers, clap your hands say yeah, the kooks, the kinks, arctic monkeys, broken social scene, feist, of montreal, moby, belle and sebastian, metric, blur, elliott smith, ok go
devendra banhart, simon & garfunkel, jack johnson, pink floyd, death cab for cutie, joanna newsom, john lennon, flight of the conchords, cat stevens, animal collective, the beach boys, of montreal, the flaming lips, ratatat, feist, led zeppelin, neutral milk hotel, sufjan stevens, elliott smith, interpol, coldplay, daft punk, elvis presley, mirah, against me!, django reinhardt, the kinks, bright eyes, explosions in the sky, vampire weekend, britney spears, jimi hendrix
dir en grey, saosin, as i lay dying, muse
the birthday massacre, my chemical romance, metro station, paramore, cobra starship, lily allen, katy perry, flyleaf, all time low, streetlight manifesto, ne-yo, lil wayne, britney spears
lupe fiasco, the roots, nas, talib kweli, common, alicia keys, eminem, snoop dogg, prefuse 73, o.s.t.r., 2pac, kanye west, jedi mind tricks, nelly furtado, gang starr, dr. dre, ghostface, mf doom, jurassic 5, black eyed peas, de la soul, rjd2, public enemy, immortal technique
porcupine tree, lacuna coil, oomph!, alice in chains, the doors, turbonegro, killswitch engage, rammstein, tv on the radio
johnny cash, social distortion, elvis presley, volbeat, the bouncing souls, the clash, ramones, mot?rhead, dropkick murphys, misfits, the hellacopters, the rolling stones, creedence clearwater revival, tom petty and the heartbreakers, the distillers, the pogues
evanescence, electric light orchestra, britney spears, shakira, the pussycat dolls, september, lacuna coil, loreena mckennitt, beyoncé, rihanna, basshunter, queen
nina simone, portishead, morcheeba, cake, massive attack, air, hercules and love affair, the rolling stones, the herbaliser, pink floyd, róisín murphy, tricky, amy winehouse, gorillaz, rage against the machine, depeche mode, queens of the stone age
snow patrol, metro station, anberlin, tegan and sara, akira yamaoka, girl talk, linkin park, lacuna coil, shiny toy guns, jimmy eat world, the knife, lady gaga, crystal castles, boards of canada, justin timberlake, clint mansell, evanescence, britney spears, alanis morissette, pink, akon, hoobastank, bloc party, t.a.t.u., avril lavigne, dashboard confessional, angels & airwaves, depeche mode, the killers, ani difranco, a perfect circle
subway to sally, in extremo, die ?rzte, dropkick murphys, judas priest, die toten hosen
pavement, sonic youth, fugazi, wilco, the national, nick cave and the bad seeds, tortoise, yo la tengo, mirah, jens lekman, animal collective
patrick wolf, counting crows, damien rice, silverstein, the kooks, placebo, the cranberries, die ?rzte, a day to remember, evanescence, red.jumpsuit.apparatus, farin urlaub, bullet for my valentine, coldplay, babyshambles, death cab for cutie, muse, norah jones, beatsteaks, air, avril lavigne, manu chao, daft punk, jet, billy talent, simple plan
the verve, coldplay, oasis, blur, muse, snow patrol, stereophonics, the killers, travis, radiohead, the stone roses, placebo, red hot chili peppers, keane
evanescence, emilie autumn, kmfdm, skinny puppy, therion
death cab for cutie, yann tiersen, kings of convenience, bon iver, fleet foxes, city and colour, cut copy, the shins, pinback, sufjan stevens, ennio morricone, iron & wine, yo la tengo, anberlin, air, motion city soundtrack, travis, alexisonfire, the beatles, andrew bird, josé gonzález, coldplay, camera obscura, elliott smith, band of horses, architecture in helsinki, brand new, modest mouse, radiohead, the new pornographers, blink-182, sigur rós, vampire weekend, simon & garfunkel, bright eyes, the kooks, the whitest boy alive, beirut, the decemberists, broken social scene, emilíana torrini, 44, bloc party, jimmy eat world
gotan project, parov stelar, beastie boys, the doors, bob marley & the wailers, unkle, beck, radiohead, jamiroquai, nightmares on wax, rjd2, the hives, jimi hendrix, de-phazz, thievery corporation, rage against the machine, bob marley, mgmt, gogol bordello, bj?rk, bonobo, soundtrack
death, nile, morbid angel, cannibal corpse, john williams, behemoth, at the gates
snow patrol, the killers, lifehouse, the fray, dashboard confessional, my chemical romance, the all-american rejects, coldplay, taylor swift, céline dion, rilo kiley, sugarcult, keane, weezer, fall out boy, mew, bloc party, angels & airwaves, ok go, new found glory, elvis costello, counting crows, kelly clarkson, jimmy eat world, justin timberlake, norah jones, damien rice, green day
after forever, tristania, nightwish, katatonia
john mayer, u2, coldplay, maroon 5, the killers, counting crows, the kooks, jack johnson, journey, van halen, eagles, dashboard confessional, 3 doors down, matchbox twenty, sara bareilles, colbie caillat, prince, depeche mode, billy joel, jason mraz, céline dion, simple plan, leona lewis, natasha bedingfield, velvet revolver, phil collins
children of bodom, him, pain, oomph!, rammstein, arch enemy, deathstars, scar symmetry, metallica, moonspell, enigma, apocalyptica, in flames, pink floyd, queen, god is an astronaut, marilyn manson, dethklok, scorpions, lacrimosa, hammerfall
ryan adams, blackfield, morcheeba, muse, radiohead, coldplay, rage against the machine, damien rice, mike oldfield, the subways
the roots, beirut, a tribe called quest, the smashing pumpkins, paul simon, django reinhardt
coldplay, foo fighters, usher, travis, joshua radin, nelly, radiohead, audioslave, u2, oasis, the ting tings, arctic monkeys, duffy, stereophonics, beyoncé, red hot chili peppers, linkin park, keane, doves, maroon 5, ne-yo, blink-182
r?yksopp, pet shop boys, booka shade, mike oldfield, new order, evanescence, enya, boards of canada, gorillaz, bj?rk, a-ha, coldplay, the cranberries, goldfrapp, the smiths, abba, elton john, enigma, fleet foxes, infected mushroom, orbital, paul van dyk, alanis morissette, madonna, paul oakenfold, the chemical brothers
cat power, sufjan stevens, arcade fire, the album leaf, bonnie prince billy, beck, devendra banhart, calexico, clap your hands say yeah, iron & wine, m83, sigur rós, bloc party, the cinematic orchestra, fleet foxes, the rolling stones, prefuse 73, joanna newsom, four tet, tv on the radio, radiohead, ryan adams, beirut, johnny cash, missy elliott, the books, belle and sebastian, david bowie, hot chip, ratatat, bob dylan, m. ward, the velvet underground
muse, a-ha, duran duran, the killers, depeche mode, u2, goldfrapp, camera obscura, madonna, genesis, kings of leon, ladytron, travis, elton john, the postal service, the knife, the fray, massive attack, radiohead, thievery corporation, garbage, journey, placebo, carla bruni, moby, sneaker pimps
tracy chapman, massive attack, joe satriani, johann sebastian bach, morcheeba, beirut, eric clapton, anathema, dream theater, queen, megadeth, ludwig van beethoven, buckethead, tool, dio, lynyrd skynyrd
jack johnson, carla bruni, seeed, tom waits, coldplay, paul simon, black eyed peas, django reinhardt, air, manu chao, erykah badu, yann tiersen, eric clapton, de-phazz, lenny kravitz, robbie williams, simon & garfunkel, nouvelle vague, supertramp, the beatles, michael jackson, bob dylan, elvis presley
duffy, nelly furtado, beyoncé, janis joplin, sugababes, moloko, a fine frenzy, amon tobin, booka shade, beastie boys
megadeth, cream, eric clapton, black label society, nine inch nails, judas priest, frank sinatra, slayer, joe satriani, ac/dc, the who, radiohead, dethklok, skid row, ozzy osbourne, queen, queens of the stone age, tenacious d, pearl jam, bad religion, jack johnson, led zeppelin, counting crows, dream theater, bruce springsteen, aerosmith, rush, stone temple pilots, van halen, black eyed peas, iron maiden
30 seconds to mars, rammstein, nickelback, avril lavigne, emilie autumn
feist, robyn, adele, amy winehouse, lily allen, róisín murphy, n*e*r*d, erykah badu, kate nash, kanye west, alicia keys, gorillaz, common, bat for lashes, duffy, no doubt, the streets, moloko, r?yksopp, katy perry, guano apes, mgmt
blur, the beach boys, the kooks, the beatles, kaiser chiefs, jamiroquai, scissor sisters, amy winehouse, the killers, the dandy warhols, moloko, editors, lenny kravitz, morcheeba, supergrass, beck, r.e.m., pulp, razorlight, mark ronson, franz ferdinand
beck, the verve, queens of the stone age, sonic youth, the smiths, faith no more, pj harvey, pavement, siouxsie and the banshees, the sisters of mercy, pixies, black flag, oasis, pulp
kiss, van halen, bon jovi, story of the year, def leppard, ac/dc, nickelback, joe satriani, jimi hendrix, the doors, bryan adams, creedence clearwater revival, led zeppelin, eagles, black sabbath, dire straits, guns n roses, the beatles, iron maiden, deep purple, m?tley crüe, maroon 5, queen, phil collins, bee gees, ozzy osbourne
coldplay, kate bush, the bravery, the smiths, bat for lashes, franz ferdinand, faithless, snow patrol, the killers, keane, cocteau twins, tori amos, oasis, imogen heap, pink floyd, madonna, morrissey, joni mitchell, aimee mann, bj?rk, u2, télépopmusik
the cure, incubus, mgmt, eminem, atreyu, killswitch engage, iron maiden, lcd soundsystem, boys noize, the killers, fischerspooner, bon jovi, kings of leon, pendulum, misfits, kanye west, new order, gang starr, late of the pier, david bowie, limp bizkit, from autumn to ashes, the verve, rob zombie, 36 crazyfists, him, avenged sevenfold, michael jackson, cradle of filth, funeral for a friend, joy division, dmx, the chemical brothers, biffy clyro, amon tobin
radiohead, j dilla, the beatles, jimi hendrix, talking heads, modest mouse, bob dylan, joy division, bonobo, booka shade, a tribe called quest, elbow, interpol, burial, broken social scene, iggy pop, underworld, andrew bird, jazzanova, r.e.m., the jesus and mary chain, amon tobin, steely dan, new order
vader, lynyrd skynyrd, slayer, pantera, behemoth, morbid angel, nile, cannibal corpse, down
311, descendents, red hot chili peppers, against me!, flogging molly
the wombats, mando diao, the kooks, the pigeon detectives, foals, the cribs, editors, shout out louds, digitalism, the subways, mgmt, the whitest boy alive, tokyo police club, bloc party, coldplay, death cab for cutie, the killers, cunninlynguists, crystal castles, deichkind, paramore, the faint
interpol, manic street preachers, death cab for cutie, bloc party, the killers, boards of canada, elbow, m83, snow patrol, ladytron, depeche mode, max?mo park, modest mouse, kasabian, a perfect circle, arcade fire, muse, nine inch nails, the radio dept., skinny puppy, editors, system of a down, the smashing pumpkins, nada surf, lcd soundsystem, underworld, she wants revenge, vnv nation, mogwai, apparat, tricky, clap your hands say yeah, dj shadow, deftones
fall out boy, craig david, the all-american rejects, michael bublé, simple plan, dr. dre, rihanna, britney spears, jimmy eat world, imogen heap, backstreet boys, 50 cent, enrique iglesias, flo rida, the game, sean paul, usher, kanye west, akon, timbaland, cypress hill, fort minor, kelly clarkson, my chemical romance, t.i., papa roach, daft punk, jason mraz, the prodigy, panic at the disco, chris brown, black eyed peas, millencolin, groove coverage, lifehouse, cascada, david guetta
taking back sunday, paramore, brand new, jimmy eat world, panic! at the disco, less than jake, motion city soundtrack, something corporate, saves the day, red.jumpsuit.apparatus, john mayer, matchbox twenty, green day
the clash, pink floyd, die toten hosen, ramones, tom waits, pulp, the cure, bob marley & the wailers, johnny cash
descendents, jack johnson, the bouncing souls, less than jake, band of horses, portishead, modest mouse, brand new, thursday, city and colour, against me!, reel big fish, rush, streetlight manifesto, alkaline trio, bloc party, tom waits, nofx, millencolin, pennywise, the smashing pumpkins, the get up kids, black flag, dropkick murphys
the streets, pink floyd, beastie boys, modest mouse, creedence clearwater revival, my chemical romance, the who, eagles, gorillaz, the offspring
bob marley, 2pac, elvis presley, de la soul, gang starr, dr. dre, ice cube, the game, black eyed peas, system of a down, j dilla
lil wayne, the game, outkast, jay-z, 2pac, notorious b.i.g., bob marley, nelly, flo rida, mariah carey, nas, t.i., snoop dogg, usher, ludacris, 50 cent, ne-yo, gym class heroes, afi, dmx, kanye west, sean paul, akon
bright eyes, neutral milk hotel, ryan adams, bruce springsteen, pavement, grizzly bear, calexico, broken social scene, devendra banhart, sufjan stevens, neil young, bob dylan
katatonia, vader, ulver, burzum, kreator, moonspell, satyricon, metallica, agalloch, bloodbath, sodom
rise against, anti-flag, incubus, blink-182, afi, lagwagon, red hot chili peppers, jet, sum 41, billy talent, lostprophets, millencolin, bad religion, justin timberlake, the offspring, underoath, nickelback, black flag, green day, yellowcard, arctic monkeys, ignite, beyoncé, goldfinger, kings of leon, a day to remember, sean paul, pennywise, ne-yo, the veronicas, papa roach, the kooks, katy perry
megadeth, dark tranquillity, opeth, black sabbath, testament, dimmu borgir, metallica, kreator, in flames, dio, rainbow, death, slayer, iron maiden, at the gates, trivium, sentenced, joe satriani, anthrax, killswitch engage, down, mot?rhead, amon amarth, ozzy osbourne, sodom
linkin park, groove coverage, cascada, eminem, david guetta, rise against, foo fighters, skillet, green day, basshunter, the offspring, robyn, papa roach, guano apes, akon, nickelback, scooter, sum 41, kanye west, all time low, in flames, t.i., the bravery, katy perry, disturbed, timbaland, evanescence, nelly furtado, daft punk, black eyed peas, lady gaga
akira yamaoka, depeche mode, kylie minogue, keane, madonna, scissor sisters, the killers, paul oakenfold, onerepublic, gwen stefani, goldfrapp, tori amos, coldplay, amy winehouse, the cure, hilary duff, imogen heap, nine inch nails, mylo, the crystal method, bj?rk, mika, duran duran, snow patrol, kosheen, britney spears, marilyn manson, sia, christina aguilera, ti?sto, gorillaz, delerium, nelly furtado
anberlin, lostprophets, good charlotte, t.i., the pussycat dolls, green day, linkin park, avril lavigne, papa roach, my chemical romance, eminem, taking back sunday, blink-182, cute is what we aim for, brand new, lady gaga, miley cyrus, razorlight, beyoncé, ne-yo, the killers, taylor swift, garbage, m.i.a., 50 cent, the kooks, sugababes, the streets, nickelback, simple plan, bon jovi, scooter, the fray, paramore, robbie williams, bring me the horizon
alicia keys, the pussycat dolls, justin timberlake, leona lewis
coldplay, emilie simon, coma, lady gaga, kings of leon, incubus, band of horses
abba, stereolab, jens lekman, buzzcocks, belle and sebastian, my bloody valentine, primal scream, kings of convenience, blur
the clash, the mountain goats, fugazi, bob dylan, bruce springsteen, aesop rock, say anything, the get up kids, neutral milk hotel, modest mouse, alkaline trio, pavement, radiohead
tokyo police club, broken social scene, belle and sebastian, interpol, the fall of troy, arcade fire, clap your hands say yeah, beck, spoon, built to spill, bright eyes, the decemberists, the shins, death cab for cutie, death from above 1979, radiohead, neutral milk hotel, the flaming lips, architecture in helsinki, stars, the new pornographers, lcd soundsystem
groove coverage, benny benassi, ti?sto, scooter, akon, coldplay, justin timberlake, eminem, [unknown], david guetta, infected mushroom
tori amos, akurat, alice in chains, mindless self indulgence, nightwish, system of a down, sonata arctica, evanescence, apocalyptica, koЯn, nirvana, godsmack, the offspring, disturbed, myslovitz, kmfdm, nine inch nails, slipknot, stone sour, the smashing pumpkins, lacuna coil, coma, happysad, kult, pid?ama porno
anathema, depeche mode, the gathering, arctic monkeys, chevelle, muse
[cascada]
jimmy eat world, coldplay, death cab for cutie, the new pornographers, mogwai, nada surf, sufjan stevens, radiohead, r.e.m., spoon, stars, camera obscura, arcade fire, neko case, explosions in the sky, pinback
hammerfall, genesis, helloween, blind guardian, adema, after forever, live, kamelot, manowar, gamma ray, mastodon, scorpions, dio, edguy, judas priest, def leppard, led zeppelin, kiss
manic street preachers, the strokes, the smashing pumpkins, dinosaur jr., pixies, lostprophets, funeral for a friend, the smiths, black rebel motorcycle club, muse, say anything, placebo, my chemical romance, the white stripes, brand new, queens of the stone age, ramones, the raconteurs, dirty pretty things, rage against the machine, taking back sunday, the hives, billy talent, blink-182, saves the day, tenacious d, rise against, the vines
ludacris, seether, rancid, wu-tang clan, the roots, the streets, nas
the gathering, a perfect circle, blackfield, pain of salvation, tool, portishead, anathema, incubus, david bowie, danny elfman, frou frou, imogen heap, aerosmith, dream theater, led zeppelin, king crimson, coheed and cambria, dead can dance, massive attack
heaven shall burn, at the gates, soilwork, evanescence, disturbed, sepultura, eluveitie, slipknot, chimaira, ill ni?o, nightwish, sirenia, soulfly, rob zombie, koЯn, lacuna coil, serj tankian, equilibrium, dark tranquillity, rammstein, hypocrisy, nile, linkin park, metallica, papa roach, tool, sonic syndicate, in extremo, killswitch engage, bullet for my valentine, stone sour, godsmack
jens lekman, bob dylan, adam green, okkervil river, ryan adams, bright eyes, feist, the arcade fire, elliott smith, the beatles, simon & garfunkel, vampire weekend, regina spektor, bloc party, the strokes, babyshambles
megadeth, deep purple, led zeppelin, slayer, the hellacopters, sodom, kiss, rainbow, scorpions
guns n roses, coldplay, kent, three days grace, koЯn, michael jackson, the offspring, duffy, bloodhound gang, arctic monkeys, kaiser chiefs, rammstein, die apokalyptischen reiter, green day, britney spears, colbie caillat, the fray, linkin park, velvet revolver, creed, leonard cohen, céline dion, mika, the strokes, h?kan hellstr?m, all that remains, limp bizkit, lostprophets, the libertines, van halen
the magnetic fields, the mountain goats, bruce springsteen, nirvana, mos def, animal collective, arcade fire, boards of canada, grizzly bear, pavement, phoenix, fugazi, at the drive-in, bonnie prince billy, nas, dinosaur jr., elvis costello, m. ward, pixies, the roots, broken social scene
misfits, bright eyes, sublime, pixies, the shins, elliott smith, antony and the johnsons, the new pornographers, opeth, deftones, the who, porcupine tree, dave matthews band, tori amos, placebo, bad religion, turbonegro, the white stripes, beck, pink floyd, tool, sonic youth, pantera, black sabbath, explosions in the sky, the beatles, simon & garfunkel, tenacious d, aerosmith, franz ferdinand, led zeppelin, sigur rós, the chemical brothers, the killers, nirvana, ryan adams
tom waits, belle and sebastian, squarepusher, neil young, air, sufjan stevens, archive, coldplay, blackfield, bj?rk, pink floyd, porcupine tree, nightmares on wax, the mountain goats, bob marley & the wailers, portishead, de-phazz, band of horses, aphex twin, kate bush, miles davis
the beatles, paul mccartney, the kooks, manic street preachers, muse, my chemical romance, radiohead, queen, ac/dc, u2, foo fighters, metallica, the raconteurs, electric light orchestra, elvis presley, richard cheese, razorlight, john lennon, the who, kings of leon, the kinks, john mayer, ray charles, kaiser chiefs, pink floyd, marilyn manson, the rolling stones, the white stripes
muse, the fratellis, system of a down, death cab for cutie, bloc party, 65daysofstatic, daft punk, franz ferdinand, radiohead, klaxons, arctic monkeys
the game, nas, jay-z, snoop dogg, red hot chili peppers, ice cube, the offspring, kanye west, ludacris, dr. dre, damian marley, gang starr, outkast, public enemy, bob marley & the wailers, eminem, cypress hill, daft punk, lily allen, rage against the machine, linkin park, bob marley, 2pac, dmx, dropkick murphys, common, the ting tings, jurassic 5, m.i.a., lupe fiasco, no doubt
[the cure]
the prodigy, moby, [unknown], depeche mode, the chemical brothers, morcheeba
the mountain goats, miles davis, burial, iron maiden, nina simone, leonard cohen, belle and sebastian, bonobo, bright eyes, django reinhardt, my morning jacket, andrew bird, elliott smith, john coltrane, r.e.m., bob marley & the wailers, vampire weekend, iron & wine, nine inch nails, the magnetic fields, bonnie prince billy, aphex twin, dio, herbie hancock, devendra banhart, fleet foxes, calexico, charlie parker, neutral milk hotel, bob dylan
soundgarden, audioslave, queens of the stone age, alice in chains, incubus, jack johnson, a perfect circle, damian marley, r.e.m., pearl jam, chris cornell, john lennon, creedence clearwater revival, mos def, bob marley, rage against the machine, bob marley & the wailers, john mayer, fort minor, the doors, linkin park, nas, kanye west, t.i., eric clapton, godsmack, elvis presley, the game, simon & garfunkel, dmx, backstreet boys, pixies, justin timberlake, notorious b.i.g., eminem, system of a down, mobb deep, foo fighters, arctic monkeys
lifehouse, britney spears, justin timberlake, simple plan, rammstein, eminem, afi, spice girls, kelly clarkson, h?kan hellstr?m, evanescence, switchfoot
radiohead, andrew bird, the flashbulb, ray lamontagne, the fray, rilo kiley, feist, minus the bear, the cinematic orchestra, travis, brand new, beirut, fleet foxes, motion city soundtrack, bon iver, sufjan stevens, finch, cursive, damien rice, max richter
brian eno, sonic youth, the smiths, the beatles, de la soul, john lennon, they might be giants, pet shop boys, the byrds, the zombies, depeche mode, jens lekman, new order, frank zappa, morrissey, echo & the bunnymen, david bowie, the magnetic fields, the beach boys
alexisonfire, the cure, editors, god is an astronaut, placebo, depeche mode, iamx, robyn, joy division, cansei de ser sexy, gojira, david bowie, the birthday massacre, jimi hendrix, crystal castles, madonna, devildriver, sneaker pimps
roxette, tori amos, bob marley, hey, akurat, u2, eddie vedder, kent, the beatles, damien rice, pid?ama porno, gentleman, loreena mckennitt, travis, antony and the johnsons, feist, the cure, pink martini, norah jones, beirut, ennio morricone, coldplay, shakira, kings of convenience, radiohead
rage against the machine, koЯn, the doors, nirvana, coldplay, radiohead, ska-p, the cinematic orchestra, oasis, bob marley, air, the herbaliser, amon tobin, ratatat, foo fighters, fatboy slim, moby, jamiroquai, papa roach, madness
the album leaf, the fall of troy, enter shikari, fall out boy, angels & airwaves, new found glory, mae, relient k, blink-182, red.jumpsuit.apparatus, panic at the disco, josé gonzález, imogen heap, jimmy eat world, a day to remember, alkaline trio, limp bizkit, senses fail, david gray, barenaked ladies, moby, kings of leon, yellowcard, motion city soundtrack, finch, paramore, brand new
opeth, queens of the stone age, blind guardian, at the gates, pantera, rammstein, gojira, soilwork, rage against the machine, children of bodom, devildriver, iron maiden, behemoth, megadeth, as i lay dying, nile, static-x, metallica, red hot chili peppers, slayer, gamma ray, iced earth, the mars volta, black label society, mindless self indulgence
ryan adams, counting crows, damien rice, snow patrol
the decemberists, boards of canada, the smashing pumpkins, pixies, tokyo police club, the shins, death cab for cutie, mogwai, kings of leon, fleet foxes, muse, jimmy eat world, pearl jam, eddie vedder, radiohead, oasis, coldplay, moby, explosions in the sky, the postal service, red hot chili peppers, pavement, fall out boy, audioslave, foo fighters, bush, rage against the machine, john williams, incubus, bloc party, the killers, feeder, biffy clyro, gorillaz, sigur rós, david bowie, bonobo, r.e.m., angels & airwaves, massive attack, múm
paramore, of montreal, alkaline trio, pinback, modest mouse, say anything, the strokes, band of horses, elliott smith, fleetwood mac, bad brains, the shins, saves the day, interpol, minus the bear, radiohead, depeche mode, the smiths, something corporate, lil wayne
rammstein, scooter, b?hse onkelz, queen, linkin park, metallica, r.e.m., benny benassi, nightwish, rihanna, guns n roses, pet shop boys, peter fox, limp bizkit, basshunter
radiohead, bob marley, stereophonics, the smashing pumpkins, muse, the postal service, limp bizkit, 65daysofstatic, marilyn manson
los hermanos, pearl jam, oasis, chevelle, incubus, a perfect circle, foo fighters, the beatles, down, silverchair, damien rice, alice in chains, rage against the machine, audioslave, soundgarden, tool, metallica, placebo, nirvana, snow patrol, coldplay, pink floyd, fiona apple, jeff buckley
bloc party, beck, m.i.a., the go! team, daft punk, róisín murphy, cansei de ser sexy, chromeo, michael jackson, justice, al green, arctic monkeys
the shins, tool, air, the smashing pumpkins, black rebel motorcycle club, unkle, gorillaz, massive attack, turbonegro, flogging molly, jurassic 5, bj?rk, dj shadow, m?tley crüe, metallica, the cure, mr. scruff, roots manuva, bon jovi, the hellacopters, sonic youth, porcupine tree, aerosmith, joy division, gnarls barkley, thievery corporation, primus
billy talent, bullet for my valentine, rancid, enter shikari, jimmy eat world, him, blink-182, foo fighters, in flames, millencolin, nickelback, bad religion, ska-p, coldplay, adema, social distortion
pain of salvation, iron maiden, godsmack, jethro tull, megadeth, 3 doors down, riverside, iced earth, blind guardian, helloween, anathema, sting, disturbed, death
madonna, metro station, elvis presley, busta rhymes, mika, natasha bedingfield, beyoncé, flo rida, britney spears, cute is what we aim for, t.i., chris cornell, justin timberlake, shakira
ti?sto, howard shore, enigma, michael jackson, moby, kraftwerk, linkin park, enya, atb, scooter, the chemical brothers, john williams, faithless, robbie williams, benny benassi, gorillaz, u2, chicane, fatboy slim, seal, madonna, massive attack, paul van dyk, danny elfman, backstreet boys
simple plan, coldplay, avril lavigne, fall out boy, blink-182, green day, sum 41, colbie caillat, linkin park, matchbox twenty, red hot chili peppers, led zeppelin, elton john, supertramp
gogol bordello, cocorosie, eddie vedder, the kinks, clint mansell, depeche mode, brian eno
him, motion city soundtrack, something corporate, death cab for cutie, the beatles, 44, cute is what we aim for, the postal service, the hush sound, good charlotte, metro station, danny elfman, shiny toy guns, red.jumpsuit.apparatus, atreyu, sum 41, cobra starship, fall out boy
nofx, tv on the radio, lagwagon, reel big fish, johnny cash, elliott smith, bad religion, mogwai, queens of the stone age, green day, blink-182, goldfinger, modest mouse, the black keys, sublime, alkaline trio, audioslave, red hot chili peppers, beastie boys, foo fighters, devendra banhart, nirvana, jimi hendrix, bloodhound gang, grateful dead, jay-z, tenacious d
katatonia, sentenced, in flames, metallica, amorphis, porcupine tree, fear factory, radiohead, the beatles, beastie boys, opeth, placebo, cradle of filth, the gathering, muse, dark tranquillity, dream theater, gorillaz, killswitch engage, lamb of god, the mars volta, ensiferum, iron maiden, koЯn, primus, rage against the machine, isis
atb, moby, paul van dyk
lacuna coil, opeth, tristania, moonspell, evanescence, in flames, a perfect circle, trivium, kamelot, dragonforce, dethklok, megadeth, after forever, theatre of tragedy, machine head, placebo, death
bj?rk, emilíana torrini, devendra banhart, hot chip, nouvelle vague, r?yksopp, radiohead, belle and sebastian, hercules and love affair, of montreal, the last shadow puppets, the whitest boy alive, sia, lily allen, thievery corporation, michael jackson, frédéric chopin, zero 7, yann tiersen, kings of convenience, depeche mode, fleet foxes, beirut, amy macdonald, arctic monkeys, amy winehouse, emilie simon, joy division, red hot chili peppers, róisín murphy
jamiroquai, jazzanova, depeche mode, mew, hot chip, kings of convenience, faithless, the chemical brothers, alicia keys, phoenix, sade, stevie wonder, bj?rk, lenny kravitz
the notwist, tv on the radio, the national, death cab for cutie, bloc party, the roots, animal collective, bon iver, radiohead, lykke li, depeche mode, andrew bird, burial, ...and you will know us by the trail of dead, deus, a tribe called quest, mogwai, pavement, roots manuva, apparat, broken social scene, beirut, deerhunter, múm
enrique iglesias, pendulum, the veronicas, good charlotte, groove coverage, cascada, céline dion, cypress hill, m?tley crüe, rihanna, lady gaga, bruce springsteen, infected mushroom, natasha bedingfield, nightwish
the who, nightwish, red hot chili peppers, alanis morissette, lacuna coil, dropkick murphys, within temptation, bauhaus, r.e.m., nofx, evanescence, blur, siouxsie and the banshees, the cure, alice cooper, moonspell, deep purple, rhapsody of fire, lostprophets, the sisters of mercy, muse, godsmack, dido, the beatles, faithless, counting crows, no doubt, apocalyptica, enigma, t.a.t.u., kelly clarkson, a perfect circle
isis, paradise lost, clint mansell, feist, pinback, ulver, air, mono, explosions in the sky, asian dub foundation, god is an astronaut, blonde redhead, 65daysofstatic, porcupine tree
ennio morricone, thomas newman, ne-yo, andrew lloyd webber, the cranberries, [unknown]
bj?rk, jefferson airplane, janis joplin, pink floyd, the doors, the beatles, bob dylan, travis, radiohead, r.e.m.
depeche mode, the doors, tool, audioslave, the cure, 30 seconds to mars, the 69 eyes, johnny cash, the killers
aretha franklin, frank zappa, iamx, the white stripes, cocteau twins, siouxsie and the banshees, beastie boys, queen, joy division, ramones, antony and the johnsons, james brown, massive attack, tricky, the beach boys, the cure, the kinks, bj?rk, nina simone, johnny cash, air, the beatles, blind guardian, billie holiday, green day, frank sinatra, nouvelle vague, enter shikari, opeth, ella fitzgerald, hooverphonic, jefferson airplane, morcheeba, bob marley, buckethead, led zeppelin, coldplay, the hives, 3 doors down, amy winehouse, iggy pop, creedence clearwater revival, amorphis
mew, bloc party, cat power, kings of convenience, beirut, iamx, cut copy, the beatles, amy winehouse, the notwist, the kooks, jamiroquai, architecture in helsinki, metric, le tigre, radiohead, the magnetic fields, norah jones, hot hot heat, richard cheese, blonde redhead, adele, cocorosie, the raveonettes, feist, belle and sebastian, sigur rós, hot chip, air, phoenix
death, opeth, seal, iced earth, bathory, judas priest, dark tranquillity, slayer, pink floyd, black sabbath, cannibal corpse, kreator, metallica
u2, abba, madonna, snow patrol, the corrs, george michael, beyoncé, coldplay, green day, red hot chili peppers, james morrison, enrique iglesias, leona lewis, the pogues, keane, the kooks, foo fighters, r.e.m., the cranberries, sarah mclachlan, david gray, john mayer, kings of leon, stereophonics, blondie, moby, oasis, stone temple pilots, james blunt, katy perry, the killers, lily allen, the chemical brothers, the fratellis, third eye blind, gavin degraw, the prodigy, the verve, mgmt, the cure, incubus, lenny kravitz, christina aguilera, inxs, live
sade, underworld, david bowie, the chemical brothers, bj?rk, missy elliott
iron maiden, metallica, sum 41, linkin park, jimmy eat world, ramones, the rolling stones, bad religion, the beatles, creed, franz ferdinand, jamiroquai, queen, bruce springsteen, beastie boys, creedence clearwater revival, limp bizkit, bryan adams, bon jovi, fatboy slim, elvis presley, eminem, green day, the killers, jimi hendrix, the beach boys, john williams, madonna, nirvana, rammstein, the offspring, the cranberries, def leppard, sex pistols
cut copy, jason mraz, ben folds, cobra starship, tegan and sara, beck, mika, ok go, maroon 5, the beatles, patrick wolf, red hot chili peppers, franz ferdinand, emilie simon
maroon 5, rufus wainwright, lenny kravitz, alanis morissette, prince, sarah mclachlan, gwen stefani, kt tunstall, george michael, queen, coldplay, tracy chapman, leonard cohen, feist, madonna, nickelback, marilyn manson, bon jovi, u2, metallica, britney spears, james blunt, kimya dawson, the ting tings, cat power, fiona apple, justin timberlake
high contrast, kanye west, dizzee rascal, eminem, akon, jack johnson, t.i., chris brown, 50 cent, adele, busta rhymes, the streets, ice cube, kings of leon, cypress hill
m. ward, deerhoof, final fantasy, the breeders, animal collective, spoon, joanna newsom, elliott smith, beck, the streets, wu-tang clan, the beatles, neutral milk hotel, of montreal, sufjan stevens, andrew bird, cake, pixies, nick drake, against me!, cocorosie, modest mouse, mirah, death cab for cutie, miles davis, devendra banhart
iron maiden, akira yamaoka, ac/dc, alice cooper, black sabbath, led zeppelin, ozzy osbourne, garbage, red hot chili peppers, metallica, nirvana
massive attack, the chemical brothers, moby, the cinematic orchestra, underworld, radiohead, peter gabriel, four tet, thomas newman, nightmares on wax, coldplay, chicane, tricky, hans zimmer, kate bush, aphex twin, air, david bowie, u2, pixies, bj?rk, unkle, talking heads, ella fitzgerald, frank sinatra, james brown, thievery corporation
los hermanos, buena vista social club, ashlee simpson, system of a down, ray charles, amy winehouse, christina aguilera, primal scream, cansei de ser sexy, avril lavigne, joss stone, jamiroquai, david bowie, coldplay, le tigre, the offspring, corinne bailey rae, radiohead, aretha franklin, natasha bedingfield, pearl jam, placebo, beyoncé, jennifer lopez, nirvana
the streets, high contrast, prefuse 73, boards of canada, blink-182, télépopmusik, the herbaliser, dj shadow, kanye west, massive attack, amon tobin, j dilla, dj krush, the roots, groove armada, frou frou, o.s.t.r., placebo, unkle, air, common, thievery corporation, a tribe called quest, flying lotus, tricky
david bowie, tori amos, beck, arcade fire, the beatles, radiohead, jedi mind tricks, blonde redhead, morcheeba, bat for lashes, damien rice, pixies, the dresden dolls, the cure, bonobo, vampire weekend, okkervil river, the herbaliser, the smashing pumpkins, gogol bordello, barenaked ladies, pink floyd, placebo, blur
okkervil river, moby, the shins, beirut, gorillaz, beck, neutral milk hotel, mogwai
coldplay, anberlin, radiohead, travis, elbow, ben folds, keane, lifehouse, air, goo goo dolls, blackfield, duran duran, corinne bailey rae, mae, nouvelle vague, snow patrol, kelly clarkson, jazzanova, matchbox twenty, oasis, switchfoot, the fray, pink, fiona apple
daft punk, jamiroquai, gorillaz, chromeo, gnarls barkley, digitalism, justice, rjd2, incubus, the prodigy, marvin gaye, craig david, fatboy slim, oasis, r?yksopp, arctic monkeys, blur, peter bjorn and john, cypress hill, fischerspooner, radiohead, st. germain
jimmy eat world, goo goo dolls, linkin park, cascada, soundtrack, avril lavigne, hans zimmer, mariah carey, pink, kelly clarkson, kt tunstall, three days grace, hilary duff, alanis morissette
the beatles, paul mccartney, david bowie, t. rex, the fall, brian eno, kraftwerk, kate bush, serge gainsbourg, the kinks, belle and sebastian, the zombies, a tribe called quest, bee gees, james brown, talking heads, they might be giants, simon & garfunkel, tom waits, depeche mode, fleetwood mac, pavement
metallica, jethro tull, nine inch nails, depeche mode, marilyn manson, led zeppelin, cradle of filth, spice girls, infected mushroom, dream theater, placebo, lacrimosa, type o negative, michael jackson, britney spears, evanescence, blondie, within temptation, panic! at the disco, amy winehouse, mgmt, after forever, pearl jam, she wants revenge, lacuna coil, the cure, lamb
jay-z, gang starr, outkast, jurassic 5, foo fighters, hoobastank, kanye west, thin lizzy, jedi mind tricks, notorious b.i.g., audioslave, eminem, stevie wonder, nas, lupe fiasco, the who, fatboy slim, snoop dogg, gorillaz, mos def, red hot chili peppers
andrew lloyd webber, children of bodom, guano apes, behemoth, eluveitie
nelly furtado, akon, booka shade, david guetta, the pussycat dolls, rihanna, black eyed peas, christina aguilera, beyoncé, britney spears, faithless
madonna, lamb, enigma, atb, garbage, édith piaf, dido, moby, t.a.t.u., a-ha, amy winehouse, radiohead, coldplay, enya, mogwai, britney spears, muse, u2, kylie minogue, roxette, god is an astronaut, sting, the cranberries, alanis morissette, avril lavigne, kelly clarkson, nelly furtado, paul oakenfold, incubus, placebo, james blunt, jennifer lopez
michael jackson, frank sinatra
[burzum]
supertramp, van halen, shakira, fergie, panic at the disco, the rasmus, nickelback, santana
snoop dogg, duran duran, the beatles, busta rhymes, kanye west, n*e*r*d, madonna, ludacris, janet jackson, jay-z
michael jackson, akira yamaoka, phil collins, air, bruce springsteen, depeche mode, inxs
the beatles, air, dead can dance, r?yksopp, pet shop boys, sting, thom yorke, moby, robbie williams, elton john, pink floyd, u2, metallica, a-ha, coldplay, depeche mode, keane, green day, the cure, mogwai, stone temple pilots, franz ferdinand, enya
the specials, madness
weezer, édith piaf, arctic monkeys, yeah yeah yeahs, jimmy eat world, the libertines, david bowie, the last shadow puppets, third eye blind, the bravery, cake, the smiths, kaiser chiefs, kings of leon, the cribs, the cure, the fratellis
cypress hill, beastie boys, limp bizkit, the offspring, the beatles, papa roach, guano apes, fort minor, dire straits, eminem, garbage, madonna, 2pac, sting, abba, metallica, system of a down
bloc party, foo fighters, jimmy eat world, placebo, the smashing pumpkins, new found glory, biffy clyro, angels & airwaves, death cab for cutie, radiohead, manic street preachers, pinback, blink-182, junior boys, afi, the national, mogwai, girl talk, interpol, beck, eels, a perfect circle, atreyu, nirvana, billy talent, 44, avenged sevenfold, fleet foxes, the prodigy, incubus, breaking benjamin, cake
coldplay, damien rice, the shins, the kooks, jason mraz, snow patrol, ben folds five, nada surf, bob dylan, antony and the johnsons, cocorosie, jet, elliott smith, avril lavigne, britney spears, the streets, the beatles, keane, air, phoenix, beirut, david gray, the fratellis, mgmt, razorlight, the fray, kt tunstall, beck, aretha franklin, imogen heap, joni mitchell, daft punk, ben harper
franz ferdinand, the beatles, muse, arctic monkeys, queen, patrick wolf, the rolling stones, adam green, the last shadow puppets, coldplay, marilyn manson, placebo, manic street preachers, garbage, pj harvey, natasha bedingfield, babyshambles, the pipettes, kaiser chiefs, abba, the libertines, pink floyd, keane, the fratellis, electric light orchestra, u2, the killers
frank sinatra, rammstein, system of a down, nightwish, alicia keys, elvis presley, sonata arctica, turbonegro, disturbed, metallica, the prodigy, akon, guns n roses, louis armstrong, santana, al green, jason mraz, nelly furtado, rob zombie, travis, koЯn, 2pac, jem, marilyn manson, therion, nelly, judas priest, ac/dc, scorpions, cypress hill
erykah badu, incubus, death cab for cutie, linkin park, radiohead, the fray, coldplay, wolfgang amadeus mozart, weezer, various artists, jason mraz, air, the vines, miles davis, caetano veloso, nirvana, green day
beastie boys, buckethead, frédéric chopin, miles davis, metallica, santana, the black keys, bob dylan, john coltrane, the doors, cream, foo fighters, herbie hancock, the jimi hendrix experience, jamiroquai, the beatles, bob marley, wu-tang clan, primus, rage against the machine, deep purple, eric clapton
pavement, r.e.m., the smiths, cut copy, fugazi, ladytron, the breeders, blondie, misfits, pj harvey, the dresden dolls, foals, mgmt
tom waits, they might be giants, queen, adam green, frank zappa, beastie boys, cake, misfits, boards of canada, rjd2, bad religion, pixies, mindless self indulgence, faith no more, ennio morricone, the magnetic fields, the beach boys
nirvana, foals, bloc party, late of the pier, the subways, pendulum, klaxons, the libertines, foo fighters, dirty pretty things, babyshambles, editors, metallica, the cribs, kings of leon, the chemical brothers, the strokes, the wombats, franz ferdinand, ramones, guns n roses, snow patrol, dizzee rascal, max?mo park, radiohead, vampire weekend, the pigeon detectives, the clash, kanye west, public enemy, coldplay, crystal castles, the hives, high contrast, muse, lostprophets, the smiths
bob marley, damian marley, [unknown]
ensiferum, as i lay dying, equilibrium, ulver, from autumn to ashes, bon jovi, various artists, sonic syndicate, my dying bride, all that remains, agalloch, killswitch engage, children of bodom, dark tranquillity, sonata arctica
the wombats, coldplay, rufus wainwright, the notwist, elliott smith, radiohead, paul mccartney, calexico, the kooks, ben folds, muse, kings of leon, the killers, bright eyes, bloc party, kt tunstall, nas, eels, the postal service, john mayer
opeth, depeche mode, aesop rock
in extremo, oomph!, paradise lost, apocalyptica, moonspell, dream theater, emilie autumn, hammerfall, him, sonata arctica, nightwish, frédéric chopin
machine head, iced earth, godsmack, metallica, pain of salvation, soundtrack, killswitch engage, soulfly, blind guardian, amorphis, therion, trivium, mike oldfield, lamb of god, disturbed, heaven shall burn, amon amarth, in flames, dark tranquillity, fear factory, my dying bride, anathema, sepultura, atreyu, testament, pearl jam, drowning pool, megadeth, opeth, porcupine tree, lacuna coil, van morrison, soilwork, sonata arctica, death, manowar, all that remains, chimaira, mot?rhead, tom waits
enya, agalloch, epica, die apokalyptischen reiter, [unknown], korpiklaani
rihanna, arctic monkeys, girls aloud, lily allen, the killers, kelly clarkson, kasabian, beyoncé, lady gaga, maroon 5, nelly furtado, panic at the disco, justin timberlake, sugababes, kylie minogue, the pussycat dolls, katy perry, ashlee simpson, fall out boy, james morrison, natasha bedingfield, avril lavigne, fergie, red hot chili peppers, the ting tings, amy winehouse, the prodigy, joss stone, leona lewis, kanye west, miley cyrus, t.i., kate nash, plain white ts, sheryl crow, mika, oasis, coldplay, gavin degraw
nine inch nails, queens of the stone age, the beatles, johnny cash, eagles of death metal, foo fighters, deus, nirvana, eddie vedder, prince, kyuss, muse, interpol, pj harvey, the distillers, rage against the machine, the subways, david bowie, black rebel motorcycle club, tenacious d, radiohead, pink floyd, the hives, cake, oasis, the last shadow puppets, the cure, beck, the raconteurs
deerhunter, girl talk, my morning jacket, the mountain goats, joanna newsom, amy winehouse, cat power, tv on the radio, the smiths, battles, cold war kids, the decemberists, t. rex
thin lizzy, loreena mckennitt, journey, kiss, rainbow, marillion, blind guardian, black sabbath, mot?rhead, skid row, queen, kamelot, iron maiden
the who, katie melua, rush, a-ha, bob dylan, clint mansell, led zeppelin, scorpions, the zombies, duran duran, the pipettes, david bowie, vangelis, elvis presley, def leppard
u2, michael jackson, nirvana, the offspring, elton john, bruce springsteen, eagles, coldplay, moby
death cab for cutie, mando diao, the decemberists, josé gonzález, rilo kiley, feist, mika, the kooks, sigur rós, mark ronson, john williams
metric, a perfect circle, kate nash, brand new, modest mouse, saves the day, ladytron, arcade fire, interpol, from autumn to ashes, muse, blink-182, arctic monkeys, the dresden dolls, haggard, coheed and cambria, ska-p, jimmy eat world, fall out boy, bloc party, foo fighters
dave matthews band, imogen heap, ben folds five, bj?rk, ani difranco, paul simon, fiona apple, zero 7, rilo kiley, sufjan stevens, norah jones, jeff buckley, kings of leon, radiohead, the flaming lips, ben folds
relient k, dir en grey, anberlin, regina spektor, depeche mode, final fantasy, the libertines, radiohead, the decemberists, the faint, sneaker pimps, muse, garbage, frank sinatra, bright eyes, pearl jam, death cab for cutie, fall out boy, nine inch nails
morbid angel, misfits, iron maiden
kiss, aerosmith, bruce springsteen, u2, the rolling stones, robbie williams, elvis presley, ac/dc, pearl jam, coldplay, oasis, kt tunstall, red hot chili peppers, bon jovi, van halen, the beatles, andrew lloyd webber, scorpions, led zeppelin, the killers, guns n roses, jimi hendrix, linkin park, ray charles, millencolin, muse, arctic monkeys, the corrs, eric clapton
richard cheese, chamillionaire, the prodigy, a tribe called quest, dead kennedys, pixies, de la soul, nas, mos def, minor threat, the brian jonestown massacre, sonic youth, gang starr, crystal castles, joy division, busta rhymes, beastie boys, the byrds, madlib, serge gainsbourg, lcd soundsystem, lupe fiasco
vader, opeth, amorphis, morbid angel, behemoth, katatonia, napalm death, death, agalloch, converge, dark tranquillity, in flames, kreator, darkthrone, melvins, mastodon, down, isis, amon amarth, nile, slayer, immortal
the white stripes, morrissey, muse, neutral milk hotel, the smashing pumpkins, arcade fire, the new pornographers, the strokes, radiohead, weezer, architecture in helsinki, interpol, oasis, the raconteurs, the dresden dolls, marilyn manson, the beatles, pink martini, the go! team, kings of leon, the fratellis, nouvelle vague, the flaming lips, led zeppelin, queen, yeah yeah yeahs, amy winehouse, cake, otis redding, the postal service, manu chao, pixies, placebo, vampire weekend, guns n roses, cocorosie
coldplay, in flames, dark tranquillity, [unknown], radiohead, the smiths, the kooks, mew, the clash, arctic monkeys, the beatles, manic street preachers, system of a down, dimmu borgir, robbie williams, morrissey, hard-fi, razorlight, kanye west, arcade fire, queen, max?mo park, guns n roses, abba, kaiser chiefs, scissor sisters, justin timberlake, depeche mode, oasis, him, the pogues, metallica, behemoth, kraftwerk
a day to remember, anberlin, thursday, parkway drive, riverside, underoath, all that remains, rise against, thrice
the white stripes, switchfoot, relient k, system of a down, nickelback, p.o.d., chevelle, spoon, three days grace, lynyrd skynyrd, serj tankian, soundgarden, audioslave, arctic monkeys, breaking benjamin, ac/dc, the offspring, static-x
the herbaliser, the cinematic orchestra, kings of leon, the roots, erykah badu, the black keys, the clash, the jam, tv on the radio, oasis, faith no more, bad brains, the beatles, jazzanova, broken social scene, morphine, massive attack, jack johnson, rise against, kaiser chiefs, serge gainsbourg, squarepusher
public enemy, the jesus and mary chain, blondie, morrissey, tom waits, pixies, the breeders, nine inch nails, portishead, gnarls barkley, charlie parker, the smiths, frank zappa, my bloody valentine, sonic youth, battles, belle and sebastian, the beatles, yeah yeah yeahs, joy division, foals, johnny cash, brian eno, dinosaur jr., the cure, kanye west, the kills, they might be giants, beastie boys, cat power, beck, serge gainsbourg, stereolab
rancid, morrissey, the clash, misfits, the bouncing souls, bad religion, pixies, beastie boys, sublime, descendents, afi, the smiths, minor threat, social distortion, nofx
rise against, thrice, ti?sto, bright eyes, the faint, enrique iglesias, coheed and cambria, underoath, afi, the sounds, coldplay, placebo, children of bodom, bloc party, the killers, hot hot heat, alexisonfire, u2, aesop rock, say anything, death cab for cutie, hellogoodbye, daft punk, pendulum, against me!, him, the cure, comeback kid, the strokes, rilo kiley
max?mo park, the fray, franz ferdinand, the strokes, doves, the killers, kings of leon, radiohead, system of a down, arcade fire, snow patrol, bloc party, the all-american rejects, david bowie, the beatles, the subways, howard shore, editors, oasis, dirty pretty things, gorillaz, red hot chili peppers, jet, foo fighters, blink-182, fatboy slim, elbow, hot chip, robbie williams, kasabian, green day, goo goo dolls, hard-fi
slipknot, b?hse onkelz, 50 cent, rihanna, chris brown, die ?rzte, kanye west
at the drive-in, pixies, anberlin, david bowie, the mars volta, the shins, the postal service, hot hot heat, pavement, neutral milk hotel, nine inch nails, bauhaus, parkway drive, minus the bear, siouxsie and the banshees, bloc party, from first to last, placebo, a perfect circle, muse, blonde redhead, joy division, silverstein
sigur rós, mogwai, the cure, depeche mode, the raconteurs, bj?rk, air, franz ferdinand, dire straits, placebo, the killers, louis armstrong, the decemberists, u2, janis joplin, radiohead, muse, rammstein, coldplay, einstürzende neubauten, red hot chili peppers, audioslave, oasis, pj harvey, four tet, nick cave and the bad seeds, explosions in the sky, godspeed you! black emperor, pink floyd, dead can dance, snow patrol, the rolling stones, arctic monkeys, elvis costello, pearl jam
radiohead, ben harper, leonard cohen, katie melua, jack johnson, bob marley, norah jones, amy winehouse, feist
aerosmith, misfits, bon jovi, bad religion, nofx, social distortion, beastie boys, iron maiden, rancid, goldfinger
the notwist, the breeders, yo la tengo, deerhunter, bon iver, the national, cat power, lykke li, yeah yeah yeahs, the beach boys, beck, apparat, pj harvey, pink floyd, radiohead, max richter, brian eno, burial, bonnie prince billy
frank sinatra, norah jones, shpongle, richard cheese, r?yksopp, nelly furtado, rihanna, sheryl crow, imogen heap, basement jaxx, johnny cash, mono, coldplay, katie melua, mika, daft punk, kanye west, nouvelle vague, 3 doors down, lily allen, tori amos, amy winehouse, james blunt, sarah mclachlan, fergie, miles davis, the cranberries, anna ternheim, joss stone, jack johnson, regina spektor
napalm death, dream theater, killswitch engage, slipknot, alter bridge, lamb of god, avenged sevenfold, deftones, joe satriani, angels & airwaves, john mayer, pantera, muse, incubus, 311, rhapsody of fire
radiohead, akurat, clint mansell, system of a down, red hot chili peppers, rhapsody of fire, evanescence, gorillaz, 3 doors down, coldplay, u2, metallica, nickelback, guns n roses, scorpions, static-x, bj?rk, nouvelle vague, kiss, pid?ama porno, koЯn, sonata arctica, marilyn manson, led zeppelin, era, three days grace, serj tankian, portishead, britney spears
flying lotus, him, plaid, the future sound of london, alanis morissette, ratatat, the dresden dolls
velvet revolver, 44, boys like girls, the fratellis, the killers, good charlotte, soundtrack, papa roach
john coltrane, miles davis, billie holiday, ella fitzgerald, buena vista social club, philip glass, charlie parker
linkin park, red hot chili peppers, robbie williams, jamiroquai, nickelback, muse, basshunter, coldplay, cascada, james blunt, franz ferdinand, kelly clarkson, scooter, 3 doors down, keane, green day, oasis, razorlight, the rasmus, bloodhound gang, the offspring, gorillaz, scissor sisters, pink, u2, maroon 5, eminem, david guetta, gnarls barkley
converge, radiohead, the notwist, portishead, thursday, minor threat, parkway drive, the black dahlia murder, ignite, serj tankian
the smashing pumpkins, lagwagon, chico buarque, the postal service, pulp, nelly furtado, scorpions, peter bjorn and john, placebo, the prodigy, arctic monkeys, franz ferdinand, weezer, iron maiden, kate nash, garbage, nofx, of montreal
misfits, against me!, alkaline trio, girl talk, comeback kid, the weakerthans, jay-z, notorious b.i.g., rilo kiley, the zombies, pinback, mos def, wu-tang clan, death cab for cutie, feist, the roots, kanye west, the bouncing souls, motion city soundtrack, lil wayne, saves the day, spoon, ramones, the knife, minus the bear, nas, stars, the killers
babyshambles, the libertines, david bowie, ennio morricone, placebo
all shall perish, dark tranquillity, the black dahlia murder, amon amarth, bring me the horizon, parkway drive, 36 crazyfists, killswitch engage, all that remains
sheryl crow, roxette, john williams, kelly clarkson, johann sebastian bach, phil collins, sarah mclachlan, céline dion, cat stevens, evanescence, journey, mariah carey, katie melua, seal, billy joel, diana krall, u2, jack johnson, damien rice, robbie williams, madonna, james morrison, snow patrol, bruce springsteen, portishead
[unknown], howard shore, apocalyptica, sum 41, bryan adams, incubus, enya, rage against the machine, the offspring
combichrist, marilyn manson, rammstein, kraftwerk
coldplay, razorlight, the kooks, mando diao, jason mraz, james blunt, keane, the fray, u2, the killers, red hot chili peppers, stereophonics, robbie williams, michael bublé, backstreet boys, morcheeba, snow patrol, oasis, david guetta, jack johnson, blur, michael jackson, timbaland
rihanna, kelly clarkson, sugababes, christina aguilera, avril lavigne, maroon 5, black eyed peas, joss stone, paramore, kylie minogue, the pussycat dolls, mariah carey, the gossip, nelly furtado, robbie williams, natasha bedingfield, jennifer lopez, gwen stefani, lily allen, the clash, the strokes, cobra starship, millencolin, pink, green day, bloodhound gang, colbie caillat, cascada, regina spektor, blondie, anti-flag, snow patrol, mika, arctic monkeys, gavin degraw, jack johnson, norah jones, jamiroquai, the sounds, roxette, the kooks, audioslave, no doubt, onerepublic, the distillers, yeah yeah yeahs, placebo
ne-yo, nelly, rihanna, usher, chris brown, 50 cent, colbie caillat, mariah carey, slipknot, alicia keys, evanescence, t.i.
outkast, erykah badu, jay-z, nas, lil wayne, bonobo, the beatles, a tribe called quest, miles davis, mos def, eminem, bob marley, john coltrane, lupe fiasco, snoop dogg, air, damian marley, ludacris, the roots, busta rhymes, madonna, sublime, amy winehouse, manu chao, rjd2, 50 cent, common, the game, the jimi hendrix experience, pink floyd, de la soul
depeche mode, lamb of god, all shall perish, koЯn, soulfly, sepultura, cannibal corpse, converge, meshuggah, gojira, bloodbath, metallica, anathema, slipknot, dimmu borgir, enter shikari, the cranberries, devildriver, johann sebastian bach, beastie boys, boards of canada, the prodigy, fear factory, rammstein, behemoth, slayer, michael jackson, the black dahlia murder, linkin park, limp bizkit, 65daysofstatic, bloodhound gang
scorpions, enya, danny elfman, lacrimosa, clint mansell, evanescence, green day, the jam
elbow, kt tunstall, fall out boy, cat stevens, joss stone, the white stripes, james blunt, amy macdonald, simon & garfunkel
the smiths, nine inch nails, pavement, explosions in the sky, depeche mode, booka shade, autechre, placebo, the whitest boy alive, radiohead, bloc party, franz ferdinand, tricky, mogwai, the cure, arcade fire, junior boys, trentem?ller, philip glass, squarepusher, new order, sonic youth, iamx, david bowie, portishead, godspeed you! black emperor, she wants revenge, cut copy
jimmy eat world, soundtrack, the offspring, lifehouse, linkin park, limp bizkit, hoobastank, guano apes, sum 41, nirvana
trentem?ller, bruce springsteen, ratatat, the knife, kanye west, burial, chromeo, r?yksopp, mgmt, daft punk, junior boys, moby, keane, dj shadow, cut copy, the whitest boy alive, the doors, mylo, a-ha, róisín murphy, kent, morcheeba, t.i., mark ronson, rjd2, common, prince, the presets, simian mobile disco, the game, coldplay, booka shade, timbaland, lupe fiasco, justice
in flames, katatonia, scar symmetry, amorphis, soilwork, the haunted, dark tranquillity, opeth, amon amarth, ensiferum
dirty pretty things, klaxons, babyshambles, amy winehouse, vampire weekend, oasis, the killers, interpol, the postal service, jamiroquai, the offspring, queens of the stone age, david bowie, the beatles, kaiser chiefs, the strokes, marilyn manson, fall out boy, placebo, panic at the disco, mark ronson, green day, the white stripes, stereophonics, hot hot heat, coldplay, lostprophets, the verve
bob dylan, nightwish, evanescence, siouxsie and the banshees, eagles, ray charles, ac/dc, cat stevens, bruce springsteen, dire straits, janis joplin, billy joel, jimi hendrix, peter gabriel, tom petty and the heartbreakers, van morrison
nine inch nails, the smashing pumpkins, the prodigy, the blood brothers, yeah yeah yeahs, blonde redhead, queens of the stone age, cat power, pixies, the offspring, the velvet underground
the beatles, aerosmith, bright eyes, weezer, jimmy eat world, goo goo dolls, sublime, nirvana, iron & wine, nickelback, peaches, dropkick murphys, cake, mirah, nine inch nails, of montreal, the rolling stones, incubus, audioslave, black rebel motorcycle club, cursive, r.e.m.
colbie caillat, 3 doors down, jack johnson, akon, ben harper, ti?sto, maroon 5, above & beyond, joss stone, paramore
the cinematic orchestra, jazzanova, thievery corporation, róisín murphy, portishead, dj shadow, amy winehouse, kylie minogue, morcheeba, radiohead, bonobo, kate nash, the smiths, massive attack, four tet, bat for lashes, josé gonzález, bj?rk, faithless, nina simone, blur, fleet foxes, hercules and love affair, sia, marvin gaye, blondie, tracy chapman, duffy, madonna
johnny cash, gorillaz, bonnie prince billy, tom waits, radiohead, leonard cohen, bob dylan, black sabbath, blur, the mountain goats, the hives, bruce springsteen, the byrds, creedence clearwater revival, joanna newsom, eels, simon & garfunkel, the go! team, cat stevens, lynyrd skynyrd, elvis presley, gogol bordello
m83, the chemical brothers
the chemical brothers, the prodigy, asian dub foundation, marilyn manson, underworld, franz ferdinand, primal scream, basement jaxx, fatboy slim, limp bizkit, joy division, the beatles, moby, coldplay, r?yksopp, rob zombie, new order, squarepusher, iron maiden, emilie simon, death cab for cutie, massive attack
sum 41, hoobastank, the offspring, fall out boy
ladytron, ayreon, strapping young lad, fear factory, electric six, katatonia, slipknot, kmfdm, the birthday massacre, porcupine tree, system of a down, nightwish, rob zombie, placebo, opeth, mindless self indulgence, muse, moby, massive attack, static-x, sigur rós, samael, portishead, deathstars, bloodbath, the haunted
system of a down, daft punk, foo fighters, infected mushroom, koЯn, george michael, justice, in flames, marilyn manson, pendulum, saosin, linkin park, paramore, underoath, kanye west, gentleman, slipknot, armin van buuren, caliban, emery, coldplay, blind guardian, killswitch engage, 30 seconds to mars, afi, gorillaz, david guetta, razorlight, rise against, nickelback, millencolin, tenacious d, basement jaxx, damian marley, the killers, justin timberlake, good charlotte, angels & airwaves, the used
megadeth, anathema, after forever, within temptation, in flames, samael
joss stone, chris brown, green day, timbaland, the corrs, regina spektor, the pussycat dolls, nelly furtado, john mayer, jonas brothers, panic! at the disco, fergie, lady gaga
saves the day, death cab for cutie, minus the bear, the get up kids, descendents, weezer, broken social scene, brand new, pixies, the bouncing souls
prince, the rolling stones, the beatles, ray charles, u2, wilco, calexico, ani difranco, ryan adams, van morrison, paul mccartney, fleetwood mac, neil young, paul simon, tom petty and the heartbreakers, the kinks, counting crows, bruce springsteen, eagles, sheryl crow, iron & wine, eric clapton, the beach boys, bob dylan
the flaming lips, of montreal, arctic monkeys, as i lay dying, girl talk, killswitch engage, 65daysofstatic, god is an astronaut
reel big fish, less than jake, sublime, dropkick murphys, goldfinger, rancid, gogol bordello, streetlight manifesto, me first and the gimme gimmes, the beatles, beastie boys, the white stripes, immortal technique, bowling for soup
electric six, feeder, the subways, foo fighters, the white stripes, seether, koЯn, system of a down, audioslave, flight of the conchords, rage against the machine, placebo, queens of the stone age, nine inch nails, the distillers, soundgarden, [unknown], green day, no doubt, snow patrol, yeah yeah yeahs, minor threat, jimi hendrix, the doors, the beatles, sigur rós, the flaming lips, stone temple pilots, beck
arctic monkeys, muse, babyshambles, franz ferdinand, the clash, the killers, depeche mode, red hot chili peppers, u2, lily allen, coldplay, flogging molly, jimi hendrix, lady gaga, placebo, kaiser chiefs, katy perry, nickelback, the kooks, the wombats, cobra starship, pearl jam, paramore, ramones, the rasmus, reel big fish, my chemical romance, bad religion, the fratellis, bloc party
travis, muse, franz ferdinand, stereophonics, kasabian, foo fighters, manic street preachers, lostprophets, snow patrol, feeder, doves, placebo, coldplay, supergrass, the rolling stones, the vines, bloc party, daft punk, blur, system of a down, kaiser chiefs, the killers, the kooks, queen, oasis, the strokes, razorlight, radiohead, max?mo park, the bravery, jet, ok go, queens of the stone age, audioslave, red hot chili peppers, 30 seconds to mars, the subways, kings of leon, cake, editors, jimmy eat world
rise against, blink-182, pinback, 44, the shins, motion city soundtrack, city and colour, alexisonfire, sugarcult, interpol, billy talent, brand new, the decemberists, red hot chili peppers, the offspring, senses fail, jimmy eat world, the hush sound, thrice, underoath, something corporate, modest mouse, snow patrol, lostprophets, chiodos, taking back sunday, bloc party, goo goo dolls, afi, sum 41, saosin, incubus, minus the bear, the academy is..., the faint, the used, three days grace, cute is what we aim for, tokyo police club, from first to last
n*e*r*d, erykah badu, sonic youth, sigur rós, the chemical brothers, r?yksopp, death from above 1979, lenny kravitz, boards of canada, lcd soundsystem, radiohead, thievery corporation, bloc party, trentem?ller, the cure, deus, placebo, jazzanova, the rapture, eagles of death metal, queens of the stone age, red hot chili peppers, lamb
phil collins, kings of leon, band of horses, 65daysofstatic, van halen, the shins, boards of canada, explosions in the sky, bloc party, editors, enya, dio, the strokes, r.e.m., era, diana krall, colbie caillat, minus the bear, toto, guns n roses, angels & airwaves, the kooks, keane, god is an astronaut, sia, the album leaf, nada surf, iamx, jason mraz, robbie williams
venetian snares, the flashbulb, aphex twin, squarepusher, tool, boards of canada, ratatat, four tet, ghostface, plaid, autechre
ella fitzgerald, the beatles, travis, yann tiersen, django reinhardt, billie holiday, keane, al green, coldplay, nina simone, scissor sisters, kt tunstall, frédéric chopin, snow patrol, louis armstrong, radiohead, kings of convenience, elvis presley, zero 7, gorillaz, the shins, amy winehouse, koop, nouvelle vague, blur, sigur rós, moby, miles davis, charlie parker, badly drawn boy, pink floyd
bob dylan, bruce springsteen, the clash, rancid, led zeppelin, the rolling stones, green day, me first and the gimme gimmes, aerosmith, red hot chili peppers, wilco, queens of the stone age, radiohead, los hermanos, foo fighters, the police, guns n roses, the white stripes, the beatles, the velvet underground, pearl jam, nirvana, ac/dc, less than jake, caetano veloso, ramones, the hellacopters, jeff buckley, jack johnson, franz ferdinand, kiss, the strokes, the jimi hendrix experience, cream, bloc party, the offspring, the hives, sublime, tenacious d, the who, social distortion, velvet revolver, audioslave
the police, rise against, pennywise, black flag, reel big fish, she wants revenge, joy division, bad brains, coldplay, dredg, god is an astronaut, the strokes, the cure, the mars volta, devo, me first and the gimme gimmes, boards of canada
the killers, robbie williams, radiohead, bloc party, arctic monkeys, oasis, the kooks, franz ferdinand, the strokes, coldplay, editors, incubus, interpol, thomas newman, keane, hans zimmer, jimi hendrix, nada surf, muse, the doors, the corrs, foo fighters, bob marley & the wailers, mando diao, linkin park, bob dylan, josé gonzález, soundtrack, norah jones, depeche mode, gorillaz, ennio morricone
bad religion, radiohead, the beatles, the flashbulb, afi, anti-flag, the offspring, the prodigy, thrice, the flaming lips, atmosphere, gorillaz, the new pornographers, mindless self indulgence, motion city soundtrack, muse, pink floyd, red hot chili peppers, aesop rock, bright eyes, sage francis, ac/dc, the academy is..., queen, rjd2, children of bodom, sublime, foo fighters, coheed and cambria, built to spill, the chemical brothers, bush, a tribe called quest, alkaline trio, infected mushroom, jedi mind tricks, brand new, 30 seconds to mars, reel big fish, metric, bloodhound gang, pendulum
sodom, kreator, ac/dc, mot?rhead, pantera, judas priest, sepultura, korpiklaani, metallica, deep purple, stratovarius
madvillain, alexisonfire, burial, limp bizkit, pendulum, ferry corsten, jay-z, bj?rk, gym class heroes, killswitch engage, r?yksopp, deftones, 36 crazyfists, kanye west, motion city soundtrack, funeral for a friend, crystal castles, the flashbulb, incubus, fatboy slim, prefuse 73, queens of the stone age, linkin park, 65daysofstatic
incubus, jimmy eat world, coldplay, feeder, radiohead, limp bizkit, stereophonics, the pigeon detectives, josé gonzález, pearl jam, rage against the machine, band of horses, metric, deftones, lifehouse, justice, dave matthews band, something corporate, arctic monkeys, the smashing pumpkins, nada surf, lostprophets, the all-american rejects, the kooks, ok go, paramore, placebo, nickelback
deep purple, black sabbath, metallica, iron maiden, dream theater, led zeppelin, chris cornell, alicia keys, audioslave, katie melua, velvet revolver, pink floyd, red hot chili peppers, jurassic 5, rainbow, guns n roses, dio, lenny kravitz, ozzy osbourne, the who, joe satriani, queen, jay-z, genesis, bon jovi, foo fighters, jet, timbaland, black label society, scorpions, ray charles, lupe fiasco, john coltrane, riverside, bob marley & the wailers, frank sinatra, the beatles, john legend
linkin park, joss stone, nightwish, mika, aimee mann
beatsteaks, rise against, black flag, less than jake, descendents, nofx, pennywise, reel big fish, streetlight manifesto, rancid, lagwagon, anti-flag, johnny cash, die toten hosen, the distillers, billy talent, metallica, goldfinger, rage against the machine, against me!
coheed and cambria, reel big fish, incubus, jay-z, led zeppelin, foo fighters, regina spektor, tom petty and the heartbreakers, nirvana, david gray, simon & garfunkel, bob dylan, oasis, aimee mann, the get up kids, radiohead, johnny cash, rilo kiley, the smashing pumpkins, the fray
nine inch nails, norah jones, sigur rós, thievery corporation, jazzanova, foo fighters, deftones, zero 7, depeche mode, koop, daft punk, kraftwerk, weezer, david bowie, air, bj?rk, justice, system of a down, st. germain, blur, garbage, red hot chili peppers, marilyn manson, slipknot, boards of canada, massive attack
enrique iglesias, marilyn manson, the killers, the smashing pumpkins
abba, the byrds, bee gees, frank sinatra, aretha franklin, johnny cash, blondie, the beach boys, james brown
bob dylan, the beatles, the clash, ladytron, dream theater, deep purple, gamma ray, duran duran, rush, porcupine tree, diana krall, placebo, within temptation, muse, iron maiden, mike oldfield, alice cooper, faith no more, genesis, enya, metallica, kraftwerk, scorpions, iggy pop, dire straits, jethro tull, talking heads, radiohead, helloween
elvis presley, garbage, the beatles, robbie williams, depeche mode, amy macdonald, abba, madonna, justin timberlake, dido, muse, nightmares on wax, sugababes
the brian jonestown massacre, the velvet underground, portishead, the black keys, neko case, bonnie prince billy, fleet foxes, band of horses, kyuss, the national, bon iver
the beatles, nouvelle vague, babyshambles, travis, bob dylan, bright eyes, nada surf, yann tiersen, death cab for cutie, belle and sebastian, camera obscura, iron & wine, lily allen, leonard cohen, coldplay, sia, jem, rjd2, the shins, r?yksopp, rilo kiley, the kinks, the kooks, justin timberlake, mgmt, tom waits, the dresden dolls, amy macdonald, emilíana torrini, chamillionaire, damien rice, frank sinatra, simon & garfunkel
digitalism, ben folds five, r?yksopp, the pigeon detectives, ben folds, mgmt, feeder, télépopmusik, boards of canada, bloc party, red hot chili peppers, supertramp, basement jaxx, modest mouse, tenacious d, daft punk, groove armada, editors, m83, placebo, jamiroquai, justice, thievery corporation
cannibal corpse, bloodhound gang, lamb of god, coheed and cambria, dr. dre, weezer, caliban, oasis, afi, explosions in the sky, blink-182, a tribe called quest, neutral milk hotel, dj shadow, mudvayne, dizzee rascal, meshuggah, snoop dogg, chimaira, killswitch engage
katatonia, ensiferum, agalloch
primus, meshuggah, soilwork, tool, fear factory, amorphis, pink floyd, porcupine tree, anathema, dark tranquillity, black label society, the black dahlia murder, arch enemy, lamb of god, death, carcass, killswitch engage, gojira, trivium, gamma ray
serge gainsbourg, tom waits, jimi hendrix, the black keys
armin van buuren, above & beyond, paul van dyk, enigma
o.s.t.r., erykah badu, madlib, notorious b.i.g., kanye west, dr. dre, common, snoop dogg, bob marley
placebo, a perfect circle, pj harvey, pink floyd, porcupine tree, godspeed you! black emperor, pearl jam, the album leaf, bj?rk, marilyn manson, explosions in the sky, fiona apple, sigur rós, the cure, foo fighters, incubus, nouvelle vague, queens of the stone age, u2, opeth, radiohead, portishead, stone temple pilots, metallica, death cab for cutie, tv on the radio, the faint, audioslave
gorillaz, groove armada, daft punk, fatboy slim, the chemical brothers, david guetta, mylo, moby, justin timberlake, benny benassi, infected mushroom, [unknown], mika, faithless, ti?sto, booka shade, the prodigy, atb, basement jaxx, manu chao, paul van dyk, moloko
arch enemy, chimaira, the offspring, pink floyd, high contrast, delerium, kamelot, kosheen, basshunter, kyuss, sublime, nirvana, venetian snares, nightwish, disturbed, the mars volta, the prodigy, pendulum, armin van buuren, santana, tool, p.o.d., 36 crazyfists, killswitch engage, ill ni?o, ozzy osbourne, lacuna coil, him, shpongle, audioslave, black sabbath, led zeppelin, trivium, system of a down, rammstein, papa roach, porcupine tree, in flames, koЯn, avenged sevenfold, bullet for my valentine, epica, paramore, rage against the machine, iron maiden, children of bodom
the killers, weezer, the clash, pixies, pearl jam, arctic monkeys, kings of leon, franz ferdinand, editors, the strokes, interpol, the get up kids, devo, elvis costello
muse, dido, nelly furtado, placebo, [unknown], gorillaz, ratatat, iced earth, jennifer lopez, joss stone, foo fighters, ayreon, eluveitie, evanescence, katie melua, opeth, black eyed peas, basshunter, system of a down, matisyahu, usher, nelly, the flashbulb, tenacious d, kylie minogue, dragonforce
caetano veloso, manu chao, buena vista social club, the doors, rage against the machine, elvis presley, bob marley & the wailers, jimi hendrix, queen, bob dylan, ella fitzgerald, inxs, gogol bordello, diana krall
shpongle, enigma, infected mushroom, era, moby, vangelis, delerium
yeah yeah yeahs, beyoncé, fischerspooner, the rapture, electric six, foo fighters, green day
mariah carey, gorillaz, linkin park, arctic monkeys, metallica, sugababes
dead kennedys, the jam, the beatles, minor threat, napalm death, darkthrone, descendents, bad religion, morbid angel, the rolling stones, the who, the distillers, carcass, devo, sonic youth, r.e.m., rancid, the doors, bathory, behemoth, slayer, nirvana, children of bodom
seeed, the beatles, gogol bordello, faith no more, creedence clearwater revival, manu chao, bob marley, john lennon
m83, burzum, antony and the johnsons
sigur rós, mogwai, minus the bear, pinback, broken social scene
mika, django reinhardt, james brown, sting, amy winehouse, leonard cohen, eddie vedder, counting crows
lamb of god, ensiferum, 36 crazyfists, slipknot, pantera, ignite, all that remains, kreator, stone sour, cannibal corpse, chimaira, devildriver, finntroll, judas priest, volbeat, at the gates, hatebreed, equilibrium
the cure, u2, hot chip, the ting tings, alice in chains, ratatat, depeche mode, goldfrapp, the white stripes, the clash, the police, black rebel motorcycle club, the chemical brothers, unkle, the smiths, blur, tom waits, the last shadow puppets, pixies, the pogues, oasis, tv on the radio, the smashing pumpkins, kate bush, morrissey, supergrass, inxs, arcade fire, echo & the bunnymen, pink floyd, babyshambles, dead can dance, digitalism, deep purple, rage against the machine, gorillaz
trentem?ller, r?yksopp, bob marley, the cure, the smashing pumpkins, atb, booka shade, the police, john mayer, david guetta, the rolling stones, infected mushroom, kings of leon, moby, ramones, coldplay, the album leaf, the killers, incubus, bush, nickelback, radiohead
mogwai, sigur rós, helloween, therion, system of a down, flogging molly, manowar, blind guardian, iron maiden, rhapsody of fire, kamelot, in extremo, disturbed, apocalyptica, subway to sally, godsmack, poets of the fall, soundtrack, hans zimmer, trivium, angra, metallica
paramore, cute is what we aim for, all time low, anberlin, boys like girls, jimi hendrix, relient k, journey, led zeppelin, flyleaf, cobra starship, jonas brothers, van halen, underoath, plain white ts, fall out boy, taking back sunday, red.jumpsuit.apparatus, the ting tings, switchfoot, skillet, the academy is..., a fine frenzy, the veronicas, lifehouse, tegan and sara, city and colour
the knife, explosions in the sky, r?yksopp
r?yksopp, lcd soundsystem, aphex twin, bj?rk, animal collective, the chemical brothers, moloko, beirut, beck, simian mobile disco, of montreal, cocorosie, sneaker pimps
pink floyd, porcupine tree, muse, pain of salvation, dire straits, jethro tull, talking heads, scorpions, peter gabriel, nightwish, modest mouse, three days grace
prince, led zeppelin, bob dylan, alanis morissette, gnarls barkley, sade, tracy chapman, the beatles, jimi hendrix, nina simone, john williams
dr. dre, mobb deep, kanye west, johnny cash, gang starr, notorious b.i.g., ice cube, dropkick murphys, eminem, talib kweli, lupe fiasco, cunninlynguists, nas
nightwish, fall out boy, backstreet boys, dream theater, cobra starship, paramore, sonata arctica, epica, kamelot, tarja turunen, duffy, 30 seconds to mars, ayreon, linkin park, avantasia, gym class heroes, panic at the disco, lacuna coil, in flames, pain of salvation, alanis morissette, saosin, good charlotte, after forever
damian marley, bob marley & the wailers, chris brown, gym class heroes, ne-yo
the bravery, the strokes, bloc party, scorpions, the white stripes, mgmt, pink floyd, the hives, placebo, coldplay, the cribs, led zeppelin, system of a down, death from above 1979, arctic monkeys, deep purple, the beatles, dirty pretty things, katy perry, blur
maria mena, imogen heap, andrew bird, frou frou, sufjan stevens, amy winehouse, josé gonzález, sigur rós, fiona apple, regina spektor, death cab for cutie, a fine frenzy, sia
adam green, beastie boys, m. ward, the kinks, kate nash, beirut, jens lekman, morrissey
the rasmus, p.o.d., nirvana, paramore, panic! at the disco, foo fighters, chris cornell, cake, t.a.t.u., the cranberries, sting, fall out boy, jet, hoobastank, craig david, paul van dyk, creed, death cab for cutie, the used, johann sebastian bach
brian eno, cocorosie, devendra banhart, nouvelle vague, beirut, antony and the johnsons, the cure, the velvet underground, david bowie, regina spektor, talking heads, joanna newsom, the smiths, the jesus and mary chain, ratatat, the knife, the magnetic fields, otis redding, pixies, the beatles, mark ronson, tv on the radio, okkervil river, elvis costello, junior boys, new order
in flames, children of bodom, slipknot, koЯn, sum 41, parkway drive, eminem, marilyn manson, dr. dre, trivium, soilwork, basshunter, red hot chili peppers, linkin park, dethklok, drowning pool, alkaline trio, 50 cent, avenged sevenfold, apocalyptica, 3 doors down, rage against the machine, electric six, snoop dogg, 2pac, ice cube, disturbed, fall out boy, panic! at the disco, alter bridge
the cure, u2, depeche mode, dead can dance, slowdive
the doors, metallica, babyshambles, tv on the radio, h?kan hellstr?m, the rolling stones, bob dylan, hot chip, the clash, red hot chili peppers, anna ternheim, led zeppelin, the strokes, kanye west, fatboy slim, u2, regina spektor, death cab for cutie, the killers, basement jaxx, ramones, elvis presley, mando diao, maroon 5, the beatles, arctic monkeys, bloc party
riverside, porcupine tree, blackfield, agalloch, amorphis, pain of salvation, ayreon, opeth, dream theater, faith no more, machine head, marillion, carcass, queensr?che, in flames, u2, anathema, soilwork
incubus, mastodon, soilwork, elvis costello, system of a down, heaven shall burn, lamb of god, thrice, gojira, louis armstrong, muse, deftones, emery, chet baker, 36 crazyfists
girl talk, outkast, tv on the radio, animal collective, madvillain, grizzly bear, arctic monkeys, wu-tang clan, mf doom, kanye west, phoenix, arcade fire, circa survive, pink floyd, notorious b.i.g., nas, daft punk, sigur rós, foals, hot chip, red hot chili peppers
eels, counting crows, madness, coldplay, supertramp
bright eyes, the chemical brothers, armin van buuren, death cab for cutie, air, the beatles, paul van dyk, lcd soundsystem, the decemberists, cake, franz ferdinand, the future sound of london, st. germain, beck, camera obscura, thievery corporation, above & beyond, the doors, the mountain goats, the flaming lips, fleet foxes, incubus, clap your hands say yeah, booka shade, neil young, red hot chili peppers, underworld, arcade fire, groove armada, r?yksopp, the cinematic orchestra, pendulum, télépopmusik, pavement, modest mouse, broken social scene, radiohead
shiny toy guns, anberlin, dir en grey, maria mena, placebo, red.jumpsuit.apparatus, flyleaf, relient k, coheed and cambria, imogen heap, sia, the all-american rejects, frou frou, papa roach, blondie, feist, goldfrapp
john coltrane, the cinematic orchestra, erykah badu, the white stripes, j dilla, flying lotus, bonobo
j dilla, madlib, pink floyd, mos def, massive attack, dj shadow, kings of convenience, beastie boys
melvins, ac/dc, linkin park, john mayer, the police, eddie vedder, green day, matisyahu, paul mccartney, the clash, thievery corporation, katie melua, massive attack, colbie caillat, ray charles, mark ronson, dave matthews band, cansei de ser sexy, john lennon
kate bush, aretha franklin, the beatles, madonna, norah jones, muse, kent, nightwish, buena vista social club, yann tiersen, bj?rk, david bowie, lily allen, blondie, roxette, coldplay, him, abba, mika, amy winehouse, queen, the cardigans, serge gainsbourg, faithless, the knife, air, rufus wainwright, ladytron, iamx, the verve, édith piaf, goldfrapp, vangelis
apocalyptica, haggard, nelly furtado, nightwish, lacrimosa, loreena mckennitt, siouxsie and the banshees, r.e.m.
samael, equilibrium, children of bodom, finntroll, sabaton, therion, gamma ray, manowar, ensiferum, stratovarius, avantasia
poets of the fall, ensiferum, dream theater, funeral for a friend
p.o.d., tool, disturbed, a perfect circle, papa roach, limp bizkit, riverside, rammstein, guano apes, ill ni?o, three days grace, soilwork, system of a down, subway to sally, linkin park, bloc party, koЯn
nickelback, linkin park, green day, limp bizkit, james blunt, maroon 5, nightwish, apocalyptica, robbie williams, 3 doors down, matchbox twenty, silverchair, ludwig van beethoven, red hot chili peppers, live, simple plan, bon jovi, the killers, coldplay, daft punk, goo goo dolls, incubus, inxs, van morrison, fall out boy, radiohead, john mayer, snow patrol, avril lavigne, r.e.m., the police, gorillaz, good charlotte, pink, jack johnson, aerosmith, santana
johnny cash, misfits, ramones, ac/dc, frank zappa, dead kennedys, led zeppelin, black sabbath, jimi hendrix, iggy pop, david bowie, cream, neil young
the white stripes, system of a down, peter bjorn and john, queens of the stone age, the go! team, josé gonzález, arctic monkeys, beastie boys, architecture in helsinki, cut copy, the knife, digitalism, vampire weekend, the vines, daft punk, feist, lou reed, devendra banhart, the velvet underground, franz ferdinand, kanye west, boys noize, cat power, joanna newsom, simian mobile disco, carla bruni, johnny cash, lcd soundsystem, eagles of death metal, shout out louds, buena vista social club, elliott smith, air, animal collective, fatboy slim, the black keys, the strokes, basement jaxx, kimya dawson, mylo
the jesus and mary chain, primal scream, the sounds
bruce springsteen, u2, tom petty and the heartbreakers, dragonforce, bon jovi, rage against the machine, rammstein, the who, creedence clearwater revival, dire straits
foals, late of the pier, justice, vampire weekend, hot chip, bloc party, the smiths, coldplay, the killers, the kooks, radiohead, flight of the conchords, franz ferdinand, the cribs
enigma, era, norah jones, diana krall, katie melua, delerium, nina simone, dido, enya, [unknown], jamie cullum, moby, joss stone, vangelis, sarah mclachlan, kt tunstall, tracy chapman, corinne bailey rae, sade, loreena mckennitt, ella fitzgerald
muse, ska-p, radiohead, queen, thrice, manu chao, placebo, led zeppelin, the beatles
alkaline trio, new found glory, saves the day, jimmy eat world, comeback kid, bloc party, descendents, brand new, interpol, the get up kids, blink-182, relient k, converge, dashboard confessional, angels & airwaves, finch, from autumn to ashes, the hives
the killers, amy winehouse, alicia keys, leona lewis, lenny kravitz, sia, coldplay, keane, colbie caillat, moby, mark ronson, james morrison, snow patrol, beyoncé, a fine frenzy, corinne bailey rae, kings of leon, michael bublé, johnny cash, adele, dave matthews band, josé gonzález
the flashbulb, mogwai, the prodigy, boards of canada, sigur rós, radiohead, coldplay, bonobo, lykke li, aphex twin, thomas newman, massive attack, burial, nouvelle vague, band of horses, ray lamontagne, mos def
in flames, children of bodom, metallica, amorphis, disturbed, dark tranquillity, iron maiden, sentenced, soilwork, judas priest, ac/dc, m?tley crüe
de-phazz, the roots, trentem?ller, m.i.a., cypress hill, burial, fatboy slim, booka shade, the knife, portishead
the faint, damien rice, modest mouse, feist, dashboard confessional, the arcade fire, my morning jacket
the rasmus, the killers, coldplay, sia, my chemical romance, scissor sisters, kelly clarkson, evanescence, foo fighters, kaiser chiefs, bon jovi, kt tunstall, guns n roses, mika, a-ha, snow patrol, green day, phil collins, james morrison, nickelback, queen, james blunt, simon & garfunkel, bryan adams, fall out boy, alanis morissette, kings of leon, shakira, david bowie, biffy clyro, philip glass, frédéric chopin, nelly furtado
the beatles, death cab for cutie, the shins, against me!, regina spektor, john mayer, built to spill, led zeppelin
marilyn manson, lacrimosa
of montreal, radiohead, spoon, blur, oasis, belle and sebastian, the national, the shins, cake, sufjan stevens, air, the flaming lips, nada surf, gorillaz, built to spill, ramones, pavement, pixies, they might be giants, david bowie, okkervil river
the prodigy, r?yksopp, erykah badu
m. ward, beirut, low, my bloody valentine, interpol, josé gonzález, new order, patrick wolf, the beatles, the notwist, broken social scene, bonnie prince billy, built to spill
dj shadow, prefuse 73, booka shade, madlib, boards of canada, shpongle, the flashbulb, trentem?ller, plaid, boys noize, venetian snares, amon tobin
ramones, blondie, iggy pop, the rolling stones, david bowie, the clash, new order, depeche mode
interpol, tool, sigur rós, michael jackson, vangelis, thom yorke, hans zimmer, metallica, manu chao, muse, matisyahu
m83, cut copy, the killers, coldplay, kings of leon, phoenix, imogen heap, crystal castles, kaiser chiefs, santogold, mgmt, vampire weekend, foals, the presets, r?yksopp, daft punk, hellogoodbye, hard-fi, tv on the radio, bloc party, snow patrol, enya, metric, chicane, fleet foxes, frou frou, justice
linkin park, counting crows, breaking benjamin, gorillaz, incubus, cat power, nelly furtado, the used, green day, red.jumpsuit.apparatus, maria mena, clueso, coldplay, rufus wainwright, avril lavigne, jack johnson, joshua radin, fort minor, 30 seconds to mars, sigur rós, bad religion, johann sebastian bach
koЯn, slipknot, drowning pool, eminem, godsmack, limp bizkit, mudvayne, disturbed, 30 seconds to mars, machine head, dope, metallica, stone sour, trivium, lamb of god, arch enemy
linkin park, lady gaga, paramore, papa roach, daft punk, breaking benjamin, the rasmus, bon jovi, nickelback, killswitch engage, in extremo, amorphis, disturbed, all that remains, rise against, katy perry, tenacious d
sufjan stevens, iron & wine, the album leaf, bon iver, andrew bird, beirut, feist, cocorosie, eddie vedder, josé gonzález, sting, kings of convenience, bat for lashes, architecture in helsinki, the cinematic orchestra, the who, devendra banhart
maroon 5, simple plan, avril lavigne, backstreet boys, the beatles, wolfgang amadeus mozart, bon jovi, oasis, james blunt, hoobastank, nickelback, good charlotte, three days grace, evanescence, green day, hans zimmer, the offspring
iron & wine, pj harvey, burial, dizzee rascal, hot chip, bloc party, apparat, beirut, mgmt, bonnie prince billy, the killers, kings of leon, billie holiday, max?mo park, radiohead, al green, ac/dc, kings of convenience, roots manuva, marvin gaye, four tet, arcade fire, justice, david bowie, beastie boys, nouvelle vague, booka shade, battles, sigur rós, the cinematic orchestra, john coltrane, mark ronson, nick cave and the bad seeds, belle and sebastian
radiohead, wilco, death cab for cutie, counting crows, r.e.m., the national, the beatles, band of horses, travis, the ataris, coldplay, interpol, bright eyes, kent, the decemberists, okkervil river, the killers, elliott smith, belle and sebastian, snow patrol, ryan adams, oasis, the cure, metallica, kings of leon, sufjan stevens, the new pornographers, eels, the beach boys, pearl jam, explosions in the sky
symphony x, mastodon, dethklok, ayreon, gojira
moonspell, black label society, jason mraz, interpol, therion, andrew bird, opeth, jeff buckley, eluveitie, amorphis, koЯn, arch enemy, my dying bride, lacuna coil, poets of the fall, bathory, anthrax, ulver, alice in chains, amon amarth, anathema, tristania, clint mansell, death
marvin gaye, stevie wonder
yann tiersen, nick drake, cake, eels, the faint, cansei de ser sexy, bright eyes, beirut, kings of convenience, death cab for cutie, zero 7, arcade fire, crystal castles, late of the pier, elliott smith, razorlight, the libertines, m. ward, the knife, josé gonzález, kt tunstall, damien rice, cocorosie, placebo, santogold, tori amos, feist, frou frou, vampire weekend, fleet foxes, john mayer, deerhunter
morrissey, rufus wainwright, the smiths, neil young, thin lizzy, nick drake, ...and you will know us by the trail of dead, slayer, iron maiden, devo, marvin gaye, john coltrane, wilco, bob dylan, josé gonzález, the rolling stones, queens of the stone age, r.e.m., the cure, buzzcocks, bonnie prince billy, sonic youth, joy division, spoon, blonde redhead, ben folds, scissor sisters, tv on the radio, stevie wonder
the kooks, sia, franz ferdinand, kaiser chiefs, bruce springsteen, mika, scissor sisters, kt tunstall, the shins, red hot chili peppers, editors, morrissey, bright eyes, jack johnson, jens lekman, lady gaga, coldplay, september, nickelback, elvis costello, katy perry, the fratellis, paolo nutini, rufus wainwright, joss stone, adele, duffy, kylie minogue, oasis, enrique iglesias, amy macdonald, bryan adams, kate nash, the killers, kanye west
nightwish, 30 seconds to mars, nine inch nails, 44, blink-182, green day, sum 41, nofx, placebo, megadeth, coldplay, the used, joshua radin, arctic monkeys, angels & airwaves, dashboard confessional, katy perry, rancid, guns n roses, alice in chains, jack johnson, avantasia, bj?rk, apocalyptica
finntroll, slipknot, soulfly, ensiferum, equilibrium, subway to sally, depeche mode, schandmaul, nirvana, agalloch, static-x, amon amarth, enigma, sirenia, jethro tull, serj tankian, manowar
linkin park, dropkick murphys, flogging molly, poets of the fall, rage against the machine, rise against, audioslave, limp bizkit, schandmaul, rammstein, disturbed, the prodigy, koЯn, me first and the gimme gimmes, billy talent, the roots, reel big fish, david guetta, metallica, johnny cash, seeed, daft punk, in extremo, breaking benjamin, seether, the offspring, foo fighters, deichkind, blink-182, lostprophets, hans zimmer, counting crows, sum 41, timbaland, hoobastank, the hives
bruce springsteen, bon jovi, santana, aerosmith, nickelback, james morrison, oasis, papa roach, natasha bedingfield, the offspring, coma, slipknot, in flames, no doubt, evanescence, bryan adams, red hot chili peppers, van halen, alice cooper, iron maiden
alanis morissette, natasha bedingfield, evanescence, paramore, fall out boy, snow patrol, death cab for cutie, kelly clarkson, lily allen, avril lavigne, nickelback, sara bareilles, relient k, maria mena, a fine frenzy, 3 doors down, kt tunstall, jack johnson, sia, the all-american rejects, afi, green day, ashlee simpson, flyleaf, switchfoot, colbie caillat, panic at the disco, fiona apple, sarah mclachlan, the fray, britney spears, red.jumpsuit.apparatus
jem, beyoncé, franz ferdinand
cat power, tori amos, radiohead, patrick wolf, feist, the smiths, final fantasy, bj?rk, beirut, hot chip, leonard cohen, andrew bird, the decemberists, the knife, iron & wine, ani difranco, the whitest boy alive, broken social scene, death cab for cutie, metric, arcade fire, regina spektor, paul simon, the shins, neko case, pet shop boys, rufus wainwright, m. ward, grizzly bear, jeff buckley, the magnetic fields, nina simone, fiona apple, interpol, jens lekman
combichrist, dead can dance, depeche mode, infected mushroom, skinny puppy
johnny cash, bob marley & the wailers, rancid, rage against the machine, ac/dc, hatebreed, millencolin, kings of leon, koЯn, lagwagon, the libertines, the strokes, ramones, the smashing pumpkins, bad religion, blink-182, arctic monkeys, pennywise
dream theater, meshuggah, muse, strapping young lad, tool, the dillinger escape plan, opeth, avenged sevenfold, primus, radiohead, sigur rós, cradle of filth, mew, joanna newsom, converge, dimmu borgir, buckethead, kamelot, metallica
nirvana, red hot chili peppers, radiohead, pearl jam, the cure, jimi hendrix, massive attack, led zeppelin, sigur rós, bob dylan, bruce springsteen, david bowie, santana, kings of leon, nine inch nails, django reinhardt, neil young, fleet foxes, michael jackson, philip glass, green day, bob marley & the wailers, the smashing pumpkins, brian eno, jefferson airplane, metallica, placebo, jeff buckley, prince, the white stripes, iron maiden, velvet revolver, elvis presley, dire straits
bob dylan, u2, pink floyd, jack johnson, kiss, r.e.m., the who, ac/dc, the cure, the rolling stones, dave matthews band, massive attack, moby, coldplay, morcheeba
the police, the mars volta, koЯn, millencolin, red hot chili peppers, slipknot, bad religion, audioslave, godsmack, deftones, pearl jam, at the drive-in, stone temple pilots, iggy pop, the smashing pumpkins
the beatles, bob dylan, dire straits, eels, eric clapton, flight of the conchords, ac/dc, ryan adams, journey, frank sinatra, michael jackson, tenacious d, the kinks, lynyrd skynyrd, nirvana, johnny cash, queen, stereophonics, cat stevens, u2, ben folds, cream, the rolling stones, kings of leon, foo fighters, led zeppelin, toto, bryan adams, marvin gaye, radiohead, guns n roses, aerosmith, lou reed, jimi hendrix, ben folds five, kiss, elton john, stevie wonder, the doors, deep purple, phil collins
led zeppelin, the police, ella fitzgerald, diana krall, simon & garfunkel, neil young, al green, pink floyd, queen, eric clapton, dire straits, genesis
the magnetic fields, r.e.m., they might be giants, the beatles, iggy pop, yeah yeah yeahs, ben folds, the new pornographers, tracy chapman, architecture in helsinki, the shins, rufus wainwright, vampire weekend, the sounds, something corporate, nick drake, kt tunstall, regina spektor, placebo, guns n roses, of montreal, the pipettes, mando diao, sufjan stevens, paul simon
dio, death, cannibal corpse, sodom, megadeth, vader, kreator, carcass, testament
beyoncé, kanye west, james morrison, the pussycat dolls, deichkind, lil wayne, david guetta, gym class heroes, ne-yo, jack johnson, chris brown, kate nash, mika, justin timberlake, tegan and sara, flo rida, regina spektor, the fray, justice, peter fox, britney spears, usher
madonna, lenny kravitz, george michael, new order, the cure, u2, faith no more, dj shadow, a-ha, herbie hancock, al green, marvin gaye, the 69 eyes, prince, the sisters of mercy, john legend, toto, amy winehouse
placebo, foo fighters, bruce springsteen, coldplay, ac/dc, richard cheese, r.e.m., the killers, dave matthews band, stereophonics, faith no more, tori amos, soundgarden, eagles of death metal, the black keys, muse
armin van buuren, above & beyond
linkin park, nickelback, timbaland, katy perry, johann sebastian bach, katie melua, thievery corporation, beyoncé, the corrs, jason mraz, david guetta
nightwish, cradle of filth, norther, metallica, evanescence, children of bodom, rammstein, dream theater, in flames, guns n roses, poets of the fall, stratovarius, sentenced, epica, deathstars, my chemical romance, bullet for my valentine, ensiferum, avril lavigne, system of a down, him, scorpions, linkin park, iron maiden, tarja turunen
diana krall, moloko, thievery corporation, the chemical brothers, koop, burial, ella fitzgerald, de-phazz, gwen stefani, gorillaz, red hot chili peppers, fergie, black eyed peas, moby, sarah mclachlan, dj krush, cypress hill, buena vista social club, justice, hot chip, madonna
camel, loreena mckennitt, nightwish, fleetwood mac, rhapsody of fire, santana, elton john, the rolling stones
the offspring, bullet for my valentine, trivium, disturbed, mobb deep, mudvayne, papa roach, breaking benjamin, godsmack, sum 41, avenged sevenfold, outkast, t.i., dmx, fear factory, 2pac, chamillionaire, ice cube, notorious b.i.g., slayer
darkthrone, johnny cash, apocalyptica, cannibal corpse, bathory, joy division
pj harvey, morcheeba, radiohead, groove armada, norah jones, nightwish, kosheen, massive attack, portishead, muse, guano apes, delerium, paolo nutini
the prodigy, ferry corsten, diana krall
queensr?che, iron maiden, alice cooper, judas priest, black sabbath, blind guardian, ozzy osbourne, metallica, rainbow, scorpions, deep purple, slayer, eagles, iggy pop
interpol, descendents, against me!, afi, dredg, ministry, jimmy eat world, coheed and cambria, dashboard confessional, the doors
guns n roses, danny elfman, the prodigy, hans zimmer, lacrimosa, britney spears, gorillaz, garbage, daft punk, nick cave and the bad seeds, t.a.t.u., philip glass, bj?rk, hard-fi, scissor sisters, bloodhound gang, peter fox, air, rammstein, queen, nelly furtado, the pussycat dolls
mary j. blige, joss stone, de la soul, common, alicia keys
foo fighters, bob marley
clueso, farin urlaub, adele, depeche mode, kosheen, die ?rzte, the beatles, akon, the pussycat dolls, maroon 5, kanye west, katy perry, robyn, kings of leon, simon & garfunkel, kylie minogue, snow patrol, journey, infected mushroom, fergie, christina aguilera, katie melua, rihanna, pet shop boys, foo fighters, madonna, beyoncé, fleetwood mac, nelly furtado, lupe fiasco, r?yksopp, bj?rk
jethro tull, queen, the jimi hendrix experience, blind guardian, janis joplin, led zeppelin, django reinhardt, miles davis, black sabbath, herbie hancock, sonata arctica, metallica, ella fitzgerald, asian dub foundation, the beach boys, santana, apocalyptica, rage against the machine, louis armstrong, bob marley, charlie parker, ray charles, the who, red hot chili peppers, stevie wonder, king crimson, joe satriani
nirvana, nine inch nails, melvins, herbie hancock, soundgarden, testament, beck, calexico, alice in chains, radiohead, bush, pantera, t. rex, foo fighters, pj harvey, eddie vedder, king crimson, black flag, ennio morricone, pearl jam, the velvet underground, johnny cash, type o negative, antony and the johnsons, jeff buckley, queens of the stone age, coldplay, sonic youth
soundtrack, the beatles, aphex twin, frank zappa, guided by voices, bob dylan, howard shore, john lennon, pixies, the byrds, john williams, beastie boys
black sabbath, death, morbid angel, tenacious d, vader, opeth, hypocrisy, pantera, nile, metallica, cannibal corpse, black label society, meshuggah, amorphis, devildriver, alice in chains, anathema, megadeth, iced earth, dethklok, dio, sepultura, kyuss, ensiferum, mastodon
britney spears, kent, regina spektor, katy perry, cocorosie, kelly clarkson, avril lavigne, bon jovi, natasha bedingfield, morrissey, elvis presley, h?kan hellstr?m, tegan and sara, lady gaga, anna ternheim, pixies, keane, kate nash, otis redding, lykke li, flyleaf, dir en grey, the beach boys, [unknown], a perfect circle, flo rida, pink, cat stevens, mando diao, simon & garfunkel, josé gonzález
dinosaur jr., bob marley & the wailers, bad brains, mastodon, radiohead, matisyahu, richard cheese, the cure, rage against the machine, nouvelle vague
bullet for my valentine, guano apes, papa roach, a perfect circle, marilyn manson
the black keys, the raconteurs, the beatles, the velvet underground, patrick wolf, modest mouse, bob dylan, eels, led zeppelin, bon iver, arcade fire, low, johnny cash, vampire weekend, devo, architecture in helsinki, captain beefheart & his magic band, devendra banhart, sonic youth, the decemberists, flight of the conchords, the flaming lips, cat power, fleet foxes, radiohead, gogol bordello, black rebel motorcycle club, the magnetic fields, elliott smith, neutral milk hotel, the rolling stones
all shall perish, as i lay dying, lamb of god, parkway drive, kyuss, machine head, godsmack, bring me the horizon, at the gates, pantera, queens of the stone age, down, chimaira, the haunted, all that remains, heaven shall burn, sepultura
elliott smith, édith piaf, okkervil river, the white stripes, neutral milk hotel, belle and sebastian, bon iver, nick drake, cake, modest mouse, the doors
underoath, metallica, oasis, comeback kid, moby, the black dahlia murder, caliban, heaven shall burn, hatebreed, the offspring, parkway drive, alesana, saosin, radiohead, bring me the horizon, good charlotte, a perfect circle, 30 seconds to mars, enter shikari, kosheen
jason mraz, eric clapton, akon, tracy chapman, john mayer, james blunt, david guetta, craig david, gavin degraw, ben harper, katie melua, parov stelar, beyoncé, maroon 5, rihanna, duffy, dire straits, 50 cent, jordin sparks, ac/dc, ludwig van beethoven, gogol bordello
shiny toy guns, imogen heap, my chemical romance, circa survive, escape the fate, dashboard confessional, rise against, blink-182, tegan and sara, saosin, chiodos, the used, taking back sunday, hellogoodbye, the all-american rejects, lily allen, flyleaf, underoath, senses fail, britney spears, frou frou, cascada, evanescence, broken social scene, story of the year, afi, boys like girls, t.a.t.u.
the fray, disturbed, def leppard, linkin park, black eyed peas, coldplay, madonna, sarah mclachlan, lifehouse, megadeth, tracy chapman, foo fighters, green day, marilyn manson, rage against the machine, rammstein, the cardigans, iron maiden, morcheeba, system of a down, the corrs, katy perry, bob marley & the wailers, metallica
nirvana, infected mushroom, ill ni?o, enigma, static-x, ska-p, linkin park, haggard
cypress hill, venetian snares, clint mansell, dizzee rascal, the prodigy, a tribe called quest, roots manuva, jedi mind tricks, the flashbulb, amon tobin, sage francis, rjd2, the herbaliser
all that remains, killswitch engage, fort minor, cypress hill, bloc party, disturbed, linkin park, ludacris, children of bodom, chris brown, the prodigy, digitalism, kings of leon, metro station, tv on the radio, godsmack, billy talent, basshunter, kanye west, muse, 50 cent, p.o.d., jason mraz, creed, system of a down, onerepublic, matchbox twenty, the black keys, the cranberries, a perfect circle, katy perry, armin van buuren, eminem, the presets
the beatles, frank zappa, red hot chili peppers, kings of leon, ray charles, caetano veloso, pink floyd, soundgarden, queens of the stone age, captain beefheart & his magic band, django reinhardt, pixies
depeche mode, jamiroquai, [unknown], aphex twin, gotan project, dr. dre, nouvelle vague, morcheeba, thievery corporation
placebo, the kooks, arctic monkeys, metallica, dropkick murphys, the killers, snow patrol, foo fighters, nirvana, jack johnson, the prodigy, bon jovi, matisyahu, alanis morissette, ska-p, the fray, damien rice, radiohead, 3 doors down, a fine frenzy, amy macdonald, maria mena, the dandy warhols, green day, regina spektor, max?mo park, kaiser chiefs, panic at the disco, dido, stereophonics, the cure, the shins, counting crows, the fratellis, linkin park, the cranberries, the knife, air, coldplay, duffy
nine inch nails, apoptygma berzerk, depeche mode, ladytron, a perfect circle, vnv nation, deftones, morrissey, interpol, rammstein, porcupine tree, tool, the cure, pet shop boys, max?mo park, iamx, pulp, radiohead, shiny toy guns, manic street preachers, placebo, incubus, muse, the fall, breaking benjamin, keane
michael jackson, nightwish, shakira, the offspring, madonna, tori amos, kelly clarkson, therion, scorpions, britney spears, paul oakenfold, avril lavigne, kylie minogue, christina aguilera, dido, gwen stefani, lily allen, roxette, nelly furtado, maroon 5, kt tunstall, linkin park, the beatles
bonobo, bj?rk, koop, kosheen, massive attack, system of a down, ska-p, duffy, r.e.m., oasis, papa roach, norah jones, the cranberries, staind
the knife, depeche mode, klaxons, jefferson airplane, metric, akurat, hey, modest mouse, o.s.t.r., thom yorke, apparat, cut copy, the strokes, joy division, r?yksopp, blur, arctic monkeys, kylie minogue, the presets, mgmt, crystal castles, the cranberries
the killers, good charlotte, blink-182, sum 41, avril lavigne, my chemical romance, the strokes, simple plan, the offspring, rise against, editors, stereophonics, hoobastank, the kooks, fall out boy, snow patrol, system of a down, relient k, kasabian
bob dylan, morrissey, manic street preachers, the smiths, david bowie, of montreal, mogwai, animal collective, elliott smith, sufjan stevens, fleet foxes, kraftwerk, crystal castles, calexico, my bloody valentine, the magnetic fields, burial, neil young, belle and sebastian, interpol, modest mouse, portishead, the national, black rebel motorcycle club, the cure, air, the jam, radiohead, mew, nine inch nails
nofx, green day, moby, corinne bailey rae, regina spektor, manu chao, the white stripes, jazzanova, millencolin, pearl jam, audioslave, bob marley, sublime, reel big fish, jamiroquai, billie holiday, coldplay, dave matthews band, portishead, fatboy slim, new found glory
pain of salvation, riverside, rush, tool, dream theater, jimi hendrix, porcupine tree, iron maiden, the mars volta, led zeppelin, metallica, slayer, lamb of god, faith no more, king crimson, joe satriani, testament, sepultura, blind guardian, soulfly, iced earth
jimmy eat world, the kills, the smashing pumpkins, tv on the radio, the strokes, death cab for cutie, nada surf, anberlin, the subways, kings of leon, the killers, franz ferdinand, pulp, kaiser chiefs, modest mouse, ray charles, snow patrol, the kooks, brand new, interpol, the shins, alkaline trio, arcade fire, metric, mgmt, bloc party, broken social scene, the fratellis, editors, clap your hands say yeah, cold war kids
oomph!, combichrist, him, silverchair, marilyn manson, guns n roses, apoptygma berzerk, vnv nation, subway to sally, the 69 eyes, tarja turunen
the breeders, brand new, the strokes, placebo, descendents, sonic youth, tegan and sara, mindless self indulgence, fugazi, foals, saves the day, jimmy eat world, klaxons, nofx, elliott smith, sublime, deftones, ...and you will know us by the trail of dead, blondie, le tigre, muse, bloodhound gang, foo fighters, queens of the stone age, enter shikari, cursive, crystal castles, beastie boys, the dresden dolls
parkway drive, killswitch engage, atreyu, enter shikari, underoath, avenged sevenfold, all that remains, the offspring, as i lay dying, comeback kid, red.jumpsuit.apparatus, kreator, trivium, bullet for my valentine, jimmy eat world, a day to remember, from autumn to ashes, from first to last
john williams, hans zimmer, andrew lloyd webber, queen, bon jovi, jamie cullum, coldplay, bryan adams, katie melua, moby, danny elfman, jack johnson, pink, mika
kings of convenience, broken social scene, arcade fire, feist, sufjan stevens, the dresden dolls, pj harvey, kate bush, mgmt, the beatles, mirah, metric, cocorosie, coldplay, yeah yeah yeahs, sia, amy winehouse, alanis morissette, bj?rk, fiona apple, the whitest boy alive, the album leaf, yann tiersen, blonde redhead
queen, johann sebastian bach, eagles, kent, pink floyd, anna ternheim, belle and sebastian, the beatles, dio, ludwig van beethoven, antonio vivaldi, abba, the rolling stones, led zeppelin, dire straits, frédéric chopin
era, moby, snow patrol, keane, pet shop boys, depeche mode, girls aloud, leona lewis, a-ha, britney spears, madonna, prince, mika, abba, kylie minogue, james blunt, scissor sisters, coldplay, rihanna, sugababes, justin timberlake, imogen heap, nickelback, blondie, backstreet boys, gnarls barkley, enigma, robbie williams, the knife, enya
joni mitchell, neil young, pink floyd, sigur rós, fleetwood mac, the national, kanye west, kings of leon, interpol, simon & garfunkel, britney spears, placebo, the beatles, nada surf, amy winehouse, prince, abba, leonard cohen, billy joel, rilo kiley, the smiths, bob marley, ryan adams, bob marley & the wailers, the beach boys, brand new, coheed and cambria, adele, lady gaga, gnarls barkley, bloc party, duffy, morrissey, journey, nirvana, marillion, the magnetic fields
de-phazz, gorillaz, foo fighters, placebo, ramones, the vines, cold war kids
rammstein, eminem, linkin park, disturbed, t.i., johnny cash, akon, system of a down, lil wayne, slipknot, chamillionaire, papa roach, nelly, metallica, avril lavigne, koЯn, dmx, flo rida, apocalyptica, godsmack, 50 cent, afi, breaking benjamin, evanescence
crystal castles, converge, justice, caliban, system of a down, the dillinger escape plan, nine inch nails, killswitch engage, circa survive, parkway drive, in flames, the beatles, death from above 1979, as i lay dying, him, amy winehouse, lamb of god, mindless self indulgence, blink-182, from first to last, slipknot, red hot chili peppers, chimaira, neutral milk hotel, girl talk, manu chao, bullet for my valentine, muse, alice in chains, booka shade
ac/dc, girls aloud, fear factory, disturbed, nickelback, metallica, alice cooper, avril lavigne, the offspring, skid row, kmfdm, mot?rhead, godsmack, amy macdonald, natasha bedingfield, christina aguilera, rob zombie, shakira, kylie minogue, eagles, oasis, def leppard, the pussycat dolls, sheryl crow
ti?sto, vangelis, dido, armin van buuren, groove coverage, antonio vivaldi, various artists, myslovitz, t.a.t.u., [unknown], paul van dyk, benny benassi
stratovarius, avantasia, def leppard, gamma ray, finntroll, angra, burzum, nightwish, sonata arctica
nine inch nails, mastodon, anathema, nick cave and the bad seeds, the black keys, down, converge, marilyn manson, the haunted, kmfdm, deftones, pj harvey, soundgarden, alice in chains, ulver, elvis costello, black label society, tv on the radio, type o negative, a perfect circle, mogwai, the clash, queen, sublime, isis, anthrax, the raconteurs, the white stripes
fleetwood mac, the beatles, led zeppelin, eric clapton, grateful dead, the black keys, alice cooper, santana
disturbed, michael bublé, seal, john mayer, pendulum, gorillaz, jason mraz, faithless, linkin park, jamiroquai, underworld, frank sinatra, flo rida, dragonforce, armin van buuren, basshunter, she wants revenge, papa roach, the prodigy, infected mushroom, the offspring, ludacris, black eyed peas, britney spears, foo fighters, metallica, van morrison, the killers, moby, st. germain, eminem, rammstein, r?yksopp, the chemical brothers, in flames, basement jaxx, red hot chili peppers, daft punk, jamie cullum, 3 doors down
tegan and sara, paolo nutini, mgmt, crystal castles, death cab for cutie, klaxons, katy perry, the kooks, vampire weekend, hot chip, maria mena, the notwist, millencolin, cut copy, foals, boys noize, biffy clyro, sufjan stevens, coldplay, avril lavigne, panic! at the disco, mark ronson, the killers, editors, mogwai, late of the pier
sonata arctica, nightwish, katy perry, armin van buuren, scar symmetry, the killers, nelly furtado
ill ni?o, slipknot, machine head, mudvayne, the knife, hatebreed, system of a down, limp bizkit, drowning pool, koЯn, disturbed
frank zappa, pink floyd, the chemical brothers, paul oakenfold, the doors, depeche mode, the police, afi, bloodhound gang, the rolling stones, gorillaz, goldfinger, elton john, system of a down, [unknown], benny benassi, guns n roses, goldfrapp, jimi hendrix, the beatles, bob marley, the prodigy, die ?rzte, the white stripes
ladytron, bauhaus, rammstein, placebo, supergrass, the crystal method, gorillaz, marilyn manson, faith no more, beck, boards of canada, orbital, editors
enya, rammstein, in extremo, einstürzende neubauten, subway to sally, apocalyptica, anti-flag, u2, nightwish, oomph!, bob dylan, depeche mode, the rolling stones, type o negative, bruce springsteen, loreena mckennitt, pink floyd, tool, carla bruni, abba, haggard
lacrimosa, tristania
the beatles, carla bruni, belle and sebastian, britney spears, fleet foxes, regina spektor, dire straits, pink floyd, flo rida
the kooks, the notwist, bloc party, jason mraz, foals, john mayer, m.i.a., the knife, the sounds, digitalism, architecture in helsinki, m.i.a., the pigeon detectives, feist, santogold, justice, air, the postal service, max?mo park, shout out louds, the weakerthans, crystal castles, apparat, incubus, bat for lashes, the whitest boy alive, cocorosie, hot hot heat, metric, interpol, vampire weekend, the pipettes, kaiser chiefs, hot chip, stars, new order, belle and sebastian, kate nash, the subways, the wombats
the who, anberlin, three days grace, dropkick murphys, the doors, yellowcard, the killers, michael bublé, ac/dc, good charlotte, amon tobin, creed
the offspring, akira yamaoka, breaking benjamin, coldplay, streetlight manifesto, rise against, thursday, foo fighters, mae, sum 41, death cab for cutie, velvet revolver, green day, senses fail, feeder, the beatles, alkaline trio, bad religion, at the drive-in, afi, the vines, from first to last, red hot chili peppers, red.jumpsuit.apparatus, blur, dashboard confessional, blink-182, 3 doors down, rage against the machine, tegan and sara, damien rice, funeral for a friend, chevelle
delerium, david guetta, apoptygma berzerk
rise against, matisyahu, scorpions, jedi mind tricks, cypress hill, m?tley crüe, the sounds, the offspring, paramore, public enemy, jay-z, kanye west, billy talent, foo fighters, eminem, coheed and cambria, gentleman, millencolin, green day, against me!, bob marley & the wailers, the killers, the roots, volbeat, ice cube, rihanna, natasha bedingfield, nas, pendulum
incubus, kate nash, city and colour, all time low, ashlee simpson, jack johnson, u2, kaiser chiefs, lily allen, avril lavigne, metro station, blink-182, franz ferdinand, the kooks, oasis
various artists, ska-p
3 doors down, inxs, madonna, dido, r.e.m., nelly furtado, tracy chapman, alanis morissette, morcheeba, the corrs, shakira, enya, linkin park, the beatles, joss stone, loreena mckennitt, seal, red hot chili peppers, u2
the whitest boy alive, beirut, cut copy, eels, kasabian, david bowie, radiohead, mgmt, myslovitz, the who, m83, moby, fleet foxes, camera obscura, peaches, the beatles, róisín murphy, sonic youth, coldplay, animal collective, the white stripes, portishead, sepultura, yeah yeah yeahs, crystal castles, massive attack, beyoncé, interpol, muse
behemoth, nile, infected mushroom, led zeppelin, testament, samael, black sabbath, meshuggah, morbid angel, agalloch, iron maiden, rammstein, richard cheese, john williams, rage against the machine
h?kan hellstr?m, the kooks, the smiths, the knife, manu chao, the hives, bob marley, gentleman, morrissey, the clash, misfits, the strokes, elvis presley, hard-fi, the killers, turbonegro, pink floyd, rage against the machine, amy winehouse, blondie, immortal technique, rob zombie, anathema, guano apes, cradle of filth, johnny cash
44, cobra starship, muse, aphex twin, good charlotte, david bowie, the pipettes, the smashing pumpkins, angels & airwaves, metallica, in flames, gwen stefani, katy perry, eels, queen, mot?rhead, simple plan, turbonegro, lupe fiasco
the rapture, massive attack, animal collective, mogwai, joy division, squarepusher, led zeppelin, my bloody valentine, the kills, underworld, tortoise, fugazi
parov stelar, burial, beastie boys, dj krush, cocorosie, electric six, unkle, crystal castles, apparat, the cinematic orchestra, digitalism, booka shade, thievery corporation, bonobo, gotan project, the chemical brothers, enter shikari, beirut, deus, interpol, battles
kraftwerk, four tet, the rolling stones, pink floyd, justice, jefferson airplane, blonde redhead, bonobo, orbital, louis armstrong
skillet, james blunt, ben folds five, ben folds, keane, something corporate, t.a.t.u., the fray, coldplay, fiona apple, tori amos
the smiths, h?kan hellstr?m, okkervil river, the smashing pumpkins, justice, the new pornographers, architecture in helsinki, air, jens lekman, devendra banhart, interpol, broken social scene, boys noize, m83, nine inch nails, beirut, shout out louds, battles, animal collective, rjd2, cut copy, the presets, max?mo park, grizzly bear, pixies, the kinks, late of the pier, sufjan stevens
tom waits, the who, the raconteurs, the black keys, pink floyd, jimi hendrix, the velvet underground, beck, bob dylan, cream, oasis, red hot chili peppers, the kills, queen, john lennon, creedence clearwater revival, the strokes, morphine, the raveonettes, t. rex, eric clapton, jethro tull, the brian jonestown massacre, deep purple, alice cooper, u2
foo fighters, ben folds, snow patrol, linkin park, bloc party, disturbed, phoenix, lostprophets, stereophonics, audioslave, infected mushroom, ti?sto, rjd2, massive attack, feeder, damien rice, norah jones, a perfect circle, pink floyd, kings of leon, r?yksopp, system of a down, something corporate, the killers, travis, john mayer, switchfoot, daft punk, depeche mode, ferry corsten, kings of convenience, u2
oomph!, kiss, christina aguilera, pink, rihanna, a fine frenzy, 3 doors down, katy perry, michael jackson, fergie, colbie caillat, evanescence, kate nash, akon, michael bublé, the kooks, amy macdonald, black eyed peas, no doubt, joss stone, maria mena, gwen stefani, nada surf, snow patrol, good charlotte, justin timberlake, amy winehouse, jack johnson, sugababes, green day, paolo nutini, the pussycat dolls, robbie williams, phil collins
michael jackson, john mayer, beastie boys, fiona apple, ben folds, rufus wainwright, erykah badu, christina aguilera, beck, ben folds five, alicia keys, no doubt, amy winehouse, jamie cullum, janet jackson, goldfrapp, lupe fiasco, zero 7, kanye west, kt tunstall, sting, justin timberlake, gavin degraw, michael bublé, basement jaxx, ladytron, alanis morissette, nelly furtado, ben harper, maroon 5, james morrison
the strokes, jeff buckley, the doors, feist, adam green, belle and sebastian, babyshambles, ryan adams, the libertines, mgmt, bruce springsteen, elvis presley, the velvet underground, cat power, yann tiersen, the killers, captain beefheart & his magic band, joy division, the last shadow puppets, t. rex, the rolling stones, buzzcocks, vampire weekend, beastie boys, cocorosie, the jimi hendrix experience, david bowie, red hot chili peppers, blondie
sonata arctica, porcupine tree, gamma ray, muse, arch enemy, helloween, children of bodom, dragonforce, pantera, apocalyptica, hammerfall
iron maiden, dream theater, symphony x, megadeth, edguy, judas priest, ac/dc, dio, ayreon, metallica, sonata arctica, the cinematic orchestra, gamma ray, porcupine tree, iced earth
deichkind, muse, the academy is..., taking back sunday, brand new, franz ferdinand, duffy, snow patrol, dashboard confessional
lily allen, beck, grateful dead, barenaked ladies, rancid, gym class heroes, john mayer, feist, alanis morissette, no doubt
cat power, fiona apple, devendra banhart, pj harvey, bj?rk, muse, aimee mann, air, adam green, nouvelle vague, coldplay, david bowie, bob dylan, the national, depeche mode, pink floyd, nirvana, rufus wainwright, enya, placebo, fleet foxes, john lennon, madonna, u2, belle and sebastian, the strokes, feist, hooverphonic, animal collective, beirut, billie holiday, tom waits, iron & wine, goldfrapp, band of horses, arcade fire, r?yksopp, portishead, tv on the radio
eric clapton, elvis presley, the beatles, roxette, genesis, queen, bryan adams, madonna, fleetwood mac, eagles, pink floyd, sting, elton john, the corrs, phil collins, george michael, toto, frank sinatra, u2, the police, depeche mode, black sabbath, christina aguilera, guns n roses, inxs, scorpions, michael jackson, ray charles, billy joel, james brown
built to spill, alkaline trio, interpol, band of horses, death cab for cutie, pixies, radiohead, the shins, mogwai, the clash, modest mouse, depeche mode, belle and sebastian, ladytron, neutral milk hotel, joy division, deftones, the beatles, misfits, the get up kids, dead kennedys, refused, the postal service
regina spektor, final fantasy, metric, peaches, sarah mclachlan, red hot chili peppers, tegan and sara, neko case, sigur rós, janis joplin, nirvana
radiohead, ozzy osbourne, king crimson, pink floyd, the police, dream theater, bob marley, joe satriani, black label society, rush, beck, queen, rage against the machine, death
crystal castles, digitalism, the knife, boys noize, the velvet underground, cansei de ser sexy, daft punk, sonic youth, the who, the jesus and mary chain, the doors, new order, dirty pretty things
breaking benjamin, limp bizkit, metallica, from autumn to ashes, adema, dope
radiohead, kanye west, jens lekman, elliott smith, band of horses, modest mouse, sigur rós, bob dylan, beirut, the beatles, architecture in helsinki, animal collective, bright eyes, the decemberists, grizzly bear, the streets, final fantasy, the books, ben folds, josé gonzález, kate nash, the smashing pumpkins, apparat, the notwist, the black keys, arcade fire, arctic monkeys, m83, the breeders, thom yorke
jamie cullum, atb, spoon, pendulum, lily allen, jem, david guetta, benny benassi, justice, ben folds, above & beyond, arcade fire, trentem?ller, the ting tings, queens of the stone age, the shins, imogen heap, red hot chili peppers, max richter, the fratellis, armin van buuren, jamiroquai, coldplay, lady gaga, moloko, kanye west
cunninlynguists, red hot chili peppers, burial, the roots, common, josé gonzález, kanye west, travis, the strokes, atmosphere, amon tobin, mando diao, jedi mind tricks, linkin park, venetian snares, arctic monkeys, radiohead, eels, ghostface, autechre, daft punk, r?yksopp, coldplay, the velvet underground, justice, roots manuva
cat power, devendra banhart, animal collective, bonnie prince billy, josé gonzález, grizzly bear, radiohead, sufjan stevens, sonic youth, tom waits, bob dylan, yann tiersen, the beatles, miles davis, modest mouse, iron & wine, bon iver
craig david, happysad, busta rhymes, atb, timbaland, matisyahu, [unknown], koop, sean paul, pid?ama porno, lamb, usher, justin timberlake, nelly furtado, beastie boys, missy elliott, massive attack, various artists
massive attack, iamx, tori amos, dredg, king crimson, the raconteurs, archive, led zeppelin, unkle, jethro tull, muse, kasabian, groove armada, the kooks, the chemical brothers, jamiroquai, sneaker pimps, porcupine tree, franz ferdinand, klaxons, arctic monkeys, beirut, yann tiersen, télépopmusik, calvin harris, morphine, r?yksopp, jens lekman, eddie vedder
simon & garfunkel, led zeppelin, elton john, mae, michael jackson, queen, death cab for cutie, aerosmith, paramore, u2, the who, ben folds, barenaked ladies, david bowie, oasis, maroon 5, johnny cash, creedence clearwater revival, bob dylan, christina aguilera, tegan and sara
belle and sebastian, the decemberists, beirut, sigur rós, death cab for cutie, the last shadow puppets, vampire weekend, adam green, yo la tengo, jack johnson, r?yksopp, the smiths, travis, oasis, the national, placebo, arctic monkeys, django reinhardt, keane, god is an astronaut, the verve, david bowie
the clash, tom waits, david bowie, minus the bear, rancid, joy division, modest mouse, the faint, motion city soundtrack, shiny toy guns, pixies, mot?rhead, nirvana, the beatles, the pogues, pearl jam, the killers, flogging molly, guns n roses, against me!, the velvet underground, anti-flag, sugarcult, dropkick murphys, ramones, brand new, babyshambles, interpol, tom petty and the heartbreakers, the doors
2pac, ne-yo, chris brown, akon, kanye west, bob marley, the game, notorious b.i.g., usher, diana krall
the used, pixies, nofx, scooter, escape the fate, the birthday massacre, the jimi hendrix experience, slipknot, cypress hill, cake, a perfect circle, the blood brothers, the raconteurs, the mars volta
dead can dance, kings of convenience, pearl jam, the doors, squarepusher, anna ternheim, ulver, radiohead, pink floyd, the black keys, john coltrane, the sisters of mercy, morrissey, max richter, miles davis, aphex twin, sigur rós, tom waits, joy division, marilyn manson, john frusciante, nine inch nails, venetian snares, sia, lenny kravitz, the police, amon tobin, burial, nick cave and the bad seeds
pavement, bob dylan, guided by voices, the rolling stones, the kinks, the magnetic fields, spoon, otis redding, the velvet underground, the fall, belle and sebastian, camera obscura, leonard cohen, james brown, deerhunter, the beatles, neil young, stereolab, cat power, iron & wine
morcheeba, thievery corporation, the rolling stones, de-phazz, jamiroquai, led zeppelin, lady gaga, jazzanova, depeche mode, [unknown], groove armada, st. germain, tom petty and the heartbreakers, dido, zero 7, the police, air, massive attack, nightmares on wax, buena vista social club, van morrison, hooverphonic, josé gonzález, ray charles, jimi hendrix, faithless
[eric clapton]
isis, porcupine tree, captain beefheart & his magic band, carcass, tool, dead kennedys, portishead, battles
dj krush, múm, shpongle, bj?rk, sigur rós, the doors, tom waits, aphex twin, dj shadow, manu chao, portishead, boards of canada, jefferson airplane, stratovarius, the herbaliser, morphine, massive attack, mariah carey, tosca, incubus, dir en grey
iron maiden, slayer, metallica, immortal, cradle of filth, sentenced, finntroll, lordi, dethklok, ensiferum, tenacious d, mot?rhead, norther, marilyn manson, ac/dc, rammstein, depeche mode, hypocrisy, equilibrium, in extremo, the offspring
ok go, coldplay, imogen heap, franz ferdinand, gwen stefani, electric light orchestra, arctic monkeys, m.i.a., tv on the radio, the killers, goldfrapp, kasabian, stars, basement jaxx, against me!, fergie, bob marley, battles, inxs, the beatles, pendulum, kanye west, keane, cansei de ser sexy, hellogoodbye, rihanna, [unknown]
nick cave and the bad seeds, wilco, ayreon, static-x, him, amorphis, volbeat, porcupine tree, agalloch, social distortion, bad religion, rush, sonata arctica, katatonia, sentenced, damien rice, finntroll, john mayer, david gray, johnny cash, simon & garfunkel
evanescence, nirvana, myslovitz, coldplay, muse, happysad, 30 seconds to mars, breaking benjamin, adema, my chemical romance, foo fighters, nickelback, radiohead, u2, koЯn, kelly clarkson, bob marley, the verve, dido, limp bizkit, fort minor, maroon 5, seether, coma, the killers, 3 doors down, blur, depeche mode, goo goo dolls, james blunt
damien rice, sarah mclachlan, james blunt, h?kan hellstr?m, maria mena, jack johnson, katie melua, alanis morissette, eddie vedder, bon iver, sara bareilles, elvis presley, natasha bedingfield, elton john, nelly furtado
sonic youth, brian eno, animal collective, mogwai, sigur rós, the knife, boards of canada, bj?rk, radiohead, aphex twin, god is an astronaut, four tet, tv on the radio
fugazi, minus the bear, elliott smith, ...and you will know us by the trail of dead, misfits, refused, mastodon, sonic youth, black flag, interpol, the cure
bright eyes, the shins, the smashing pumpkins, death cab for cutie, nick drake, band of horses, radiohead, modest mouse, iron & wine, godspeed you! black emperor, the arcade fire, blink-182, pixies, built to spill, deftones, pinback, ben folds, josé gonzález, nada surf, neutral milk hotel, ben harper, the new pornographers, interpol, mirah, the breeders, spoon, the beatles, sufjan stevens, okkervil river, broken social scene, tool, simon & garfunkel, the weakerthans, the postal service, fleet foxes, the decemberists, coldplay, bush, the white stripes, m. ward
the beatles, ska-p, the doors, pink floyd, madness, queen, various artists, rancid
blink-182, gorillaz, the hives, the offspring, kult, nofx, marilyn manson, misfits, rammstein, anti-flag, the chemical brothers, hey, koЯn, dead kennedys, rancid, [unknown], nirvana, nickelback, tenacious d, sum 41, ramones, the clash
maroon 5, justin timberlake
iced earth, manowar, metallica, iron maiden, cradle of filth, death, pantera, kreator, anathema, slayer, testament, gamma ray, volbeat, dropkick murphys, johnny cash, cannibal corpse, bloodbath, anthrax, megadeth, moonspell, hammerfall, black sabbath, helloween, hatebreed, morbid angel, carcass, immortal, amon amarth, machine head, judas priest, opeth, behemoth
the fray, adele, coldplay, janet jackson, corinne bailey rae, john legend, britney spears, the kooks, ne-yo, onerepublic, oasis, the pussycat dolls, amy winehouse, snow patrol, lifehouse, sara bareilles
elliott smith, the shins, the national, devendra banhart, the rolling stones, the velvet underground, the brian jonestown massacre, arcade fire, the new pornographers, miles davis, iron & wine, beck, death cab for cutie, the postal service, sufjan stevens, neko case, neil young
elliott smith, the beatles, nine inch nails, nick drake, boards of canada, the zombies, bob dylan, devendra banhart, bonnie prince billy, t. rex, iron & wine, four tet, sonic youth, talking heads, the white stripes, the beach boys, the smiths, godspeed you! black emperor, animal collective, johann sebastian bach, grizzly bear, radiohead, fugazi, 65daysofstatic, beirut, the rolling stones
massive attack, soundgarden, system of a down, hatebreed, soulfly, gorillaz, sublime, bonobo, led zeppelin, alice in chains, pearl jam, koЯn, the chemical brothers, the prodigy, down, moby
regina spektor, miles davis, billie holiday, charlie parker, bj?rk, ella fitzgerald, radiohead, antony and the johnsons, beirut, chet baker, cocorosie, kings of convenience, caetano veloso, múm, death cab for cutie
the hellacopters, queen, ac/dc, black sabbath, frank zappa, aerosmith, simon & garfunkel, lynyrd skynyrd, pearl jam, nirvana, deep purple, elliott smith, jefferson airplane, rainbow, janis joplin, neil young, m?tley crüe, johnny cash, the beatles, creedence clearwater revival, def leppard, velvet revolver, metallica, jimi hendrix, bob marley
a tribe called quest, j dilla, flying lotus, nightmares on wax, radiohead, madlib, thievery corporation
3 doors down, amy winehouse, muse, blink-182, bright eyes, lifehouse, linkin park, dredg, the smashing pumpkins, incubus, counting crows, snow patrol, the offspring, jimmy eat world, onerepublic, staind, 30 seconds to mars, coldplay, placebo, foo fighters, dashboard confessional, oasis, billy talent, green day, travis, jack johnson, live, clueso, die ?rzte, mando diao, red hot chili peppers, simple plan, good charlotte, razorlight, nada surf, radiohead, nirvana, system of a down
pixies, of montreal, primal scream, beastie boys, the sounds, blondie, the dandy warhols, lily allen, the kills, the get up kids, le tigre, the clash, the weakerthans, david bowie, sonic youth, supergrass, michael jackson, pinback, the beach boys, the specials, m.i.a., the breeders, no doubt, at the drive-in, social distortion, m?tley crüe, nirvana, thievery corporation, buzzcocks, the jam
the shins, death cab for cutie, joshua radin, coldplay, jack johnson, goo goo dolls, the all-american rejects, jason mraz, snow patrol, alicia keys, keane, metro station, mgmt, taylor swift, the fray, muse, bloc party, the cardigans, gorillaz, tegan and sara, sigur rós, beyoncé, britney spears, paramore, jonas brothers, relient k, sarah mclachlan, van morrison, josé gonzález, vampire weekend, the wombats, tokyo police club, band of horses
katatonia, agalloch, anathema, ulver, bathory, max richter, buckethead
beyoncé, genesis, lily allen, lady gaga, the whitest boy alive, robbie williams, sarah mclachlan, chicane, miles davis, michael bublé, elbow, diana krall, steely dan
sonata arctica, dream theater, black label society, metallica, equilibrium, avantasia, arch enemy, wolfgang amadeus mozart, mastodon, mudvayne, megadeth, koЯn, slipknot, disturbed, tool, edguy, red hot chili peppers, dimmu borgir, soundgarden, sabaton, iced earth, rhapsody of fire, blind guardian, a tribe called quest, down, manowar, pendulum, helloween, system of a down, dope, dark tranquillity, symphony x, gamma ray
morcheeba, norah jones, portishead, nina simone, ella fitzgerald, manu chao, otis redding, pantera, édith piaf, daft punk, koЯn, bob marley, fear factory, red hot chili peppers, the chemical brothers, sepultura, metallica, beastie boys, dj shadow, cypress hill, faith no more, the beatles, tricky, asian dub foundation, soulfly, pink martini
ti?sto, delerium, enigma, blank & jones
portishead, hatebreed, flyleaf
mika, coldplay, pain, belle and sebastian, fall out boy, josé gonzález, coheed and cambria, chromeo, soundtrack, franz ferdinand
[pid?ama porno]
kult, live, the cranberries, ignite, the cure, depeche mode, the specials, incubus, john frusciante, pid?ama porno, alanis morissette, joy division, the police, red hot chili peppers, bob marley & the wailers, anti-flag, bush, muse, guano apes, nine inch nails, inxs, placebo, fall out boy, justin timberlake, manu chao, madness, rage against the machine, lifehouse, billy talent, u2, basement jaxx
r.e.m., einstürzende neubauten, sting, the beatles, red hot chili peppers
depeche mode, junior boys, burial, booka shade, girl talk, trentem?ller, justice, underworld, digitalism, lcd soundsystem, arcade fire, animal collective, m83, simian mobile disco, prefuse 73, bloc party, the cinematic orchestra
tom waits, cocorosie, the beatles, elliott smith, grizzly bear, animal collective, devendra banhart, múm, bon iver, bright eyes, the books, sage francis, joanna newsom, andrew bird, four tet, sufjan stevens, cat power, josé gonzález
vnv nation, depeche mode, joy division, rammstein, tristania, korpiklaani, guano apes, live, lacuna coil, nightwish, the cure, r.e.m.
the mars volta, red hot chili peppers, tool, king crimson, system of a down, tv on the radio, david bowie, a perfect circle, [unknown], nick cave and the bad seeds, queen, sufjan stevens, blondie, afi, jimi hendrix, the white stripes, muse, at the drive-in, led zeppelin, akira yamaoka, the cardigans, architecture in helsinki, funeral for a friend, dj krush, the rolling stones, iron maiden, tenacious d, incubus, city and colour, patrick wolf, kate bush, marilyn manson, arcade fire, ozzy osbourne, bush, goldfrapp, green day, misfits, the beach boys, audioslave
placebo, marilyn manson, the smashing pumpkins, radiohead, linkin park, my chemical romance, the beatles, 30 seconds to mars, the cure, him, black rebel motorcycle club, nirvana, queen, eminem, buckethead, joe satriani, bullet for my valentine, breaking benjamin, nine inch nails, ozzy osbourne, alanis morissette, pink floyd, the killers, arctic monkeys, david bowie, foo fighters, tenacious d, t.a.t.u., tool, evanescence, johnny cash, muse, the police, guns n roses, roxette, stereophonics, u2, metallica, dashboard confessional, max?mo park, system of a down, bob marley, oasis, rammstein, die toten hosen, the strokes
stereolab, tortoise, air, beastie boys, zero 7, the beatles, the stone roses, the cinematic orchestra, beck, boards of canada, massive attack, dj shadow, frank zappa, lcd soundsystem, led zeppelin, james brown, my bloody valentine, portishead, mogwai, marvin gaye, nightmares on wax, kraftwerk, four tet, the specials, public enemy, rage against the machine, neil young, squarepusher
the kooks, paolo nutini, regina spektor, arctic monkeys, razorlight, kate nash, foo fighters, maria mena, franz ferdinand, the fray, amy macdonald, belle and sebastian, the killers, dashboard confessional, mando diao, the fratellis, coldplay, stereophonics, the cardigans, jason mraz, onerepublic, tegan and sara, nelly furtado, the beatles, rise against, the shins, jack johnson, kings of leon
the knife, johnny cash, beastie boys, radiohead, kimya dawson, portishead, belle and sebastian, paramore, the ting tings, m.i.a., sonic youth, the kinks, cat power, the velvet underground, mgmt, thievery corporation, rage against the machine, the killers, guano apes, katy perry, bj?rk, pink, pj harvey, the rolling stones, bob dylan, franz ferdinand, sex pistols, peaches, placebo, jay-z, ladytron, the cure
the clash, ramones, radiohead, the hives, the beatles, tom petty and the heartbreakers, the cranberries
machine head, massive attack, disturbed, tosca, sublime, fear factory, portishead, static-x, cansei de ser sexy, ac/dc, koЯn
misfits, m?tley crüe, metallica, ramones, blink-182, slayer, def leppard, skid row, ozzy osbourne, megadeth, [unknown], sex pistols, bon jovi, joe satriani, black sabbath, napalm death, kiss, sodom
justice, basement jaxx, akon, girl talk, calvin harris, the presets, groove armada, the chemical brothers, fatboy slim, the ting tings, daft punk, mgmt, bloc party, [unknown], children of bodom, r?yksopp, erykah badu, cascada, scissor sisters
in flames, fear factory, children of bodom, dark tranquillity, metallica, pain, norther, koЯn, sonata arctica, finntroll, soulfly, machine head, rob zombie, apocalyptica, iron maiden, dimmu borgir, slayer, stratovarius, amon amarth, rhapsody of fire, nightwish, disturbed, turisas, chimaira, heaven shall burn, sentenced, symphony x, amorphis, deathstars, samael, slipknot, opeth, the 69 eyes
satyricon, metallica, blind guardian, norther, iron maiden, darkthrone, sodom
dashboard confessional, paramore, say anything, backstreet boys, jimmy eat world, senses fail, the all-american rejects, hot hot heat, third eye blind, motion city soundtrack, fall out boy, avril lavigne, papa roach, relient k, usher, the blood brothers, blink-182, the beatles
ok go, something corporate, lady gaga, the beatles, the all-american rejects, green day, mindless self indulgence, alexisonfire, nofx, him, john mayer, motion city soundtrack, senses fail, mastodon, good charlotte, cute is what we aim for, rancid, sum 41, 30 seconds to mars, red.jumpsuit.apparatus, panic! at the disco, relient k
beirut, yann tiersen, air, radiohead, sigur rós, nick drake, blonde redhead, the doors, nouvelle vague, bob marley
bob dylan, m. ward, neil young, johnny cash
alanis morissette, dave matthews band, gavin degraw, goldfinger, beastie boys, the beatles, amy winehouse, fall out boy, millencolin, bon jovi, bob marley, oasis, asian dub foundation, rage against the machine, rancid, jack johnson, good charlotte, sublime, incubus, system of a down, john mayer, erykah badu, pennywise, papa roach, cypress hill
relient k, the white stripes, anberlin, sufjan stevens, radiohead, bruce springsteen, iron & wine, andrew bird, arcade fire, u2, the national, coldplay
neil young, radiohead, steely dan, brian eno, death, tom waits, simon & garfunkel, bruce springsteen, stevie wonder, john coltrane, paul mccartney, the jimi hendrix experience, led zeppelin, paul simon, van morrison, nick drake, otis redding, the byrds, joni mitchell, supergrass, the who
tori amos, the black keys, isis, tool, the mars volta, neil young, the who
nofx, jethro tull, gamma ray, pink floyd, public enemy, rush, cypress hill, iron maiden, lynyrd skynyrd, testament, black sabbath, megadeth, manowar, sonata arctica, slayer, rancid, children of bodom, blind guardian, metallica, death, ice cube, the haunted, eminem, jimi hendrix, dark tranquillity, christina aguilera, fear factory, rise against, nirvana, de la soul, u2, pantera, the offspring
madonna, natasha bedingfield, lady gaga, the pussycat dolls, róisín murphy, goldfrapp, yann tiersen, rihanna, flo rida
placebo, deftones, bloc party, my chemical romance, armin van buuren, hooverphonic, beck, cocteau twins, the gathering, the killers, beirut, sade, pain of salvation, the cardigans
jimmy eat world, coheed and cambria, blackfield, ben folds, green day, the ataris, thrice, john williams, the beatles
manowar, mot?rhead, avantasia, sonata arctica, amorphis, metallica, black sabbath, apocalyptica, rhapsody of fire, soulfly, in flames, blind guardian, hammerfall
sigur rós, the 69 eyes, norther, metallica, placebo, the kooks, korpiklaani, kings of leon, kings of convenience, muse, from first to last, pink floyd, interpol, type o negative, mogwai, r?yksopp, the killers, queens of the stone age, paolo nutini, sentenced, trivium, angels & airwaves, coldplay, radiohead, the birthday massacre, franz ferdinand, the libertines, biffy clyro, paramore, sex pistols, soilwork, ensiferum
combichrist, rammstein, [unknown], muse, oomph!, ministry, iron maiden, apoptygma berzerk, slipknot, system of a down, limp bizkit, static-x, godsmack, kmfdm, nightwish, vnv nation, the doors, m?tley crüe, metallica, apocalyptica, nine inch nails, rob zombie, mindless self indulgence, scorpions, iamx, helloween, koЯn, deep purple, papa roach
stereolab, r?yksopp, booka shade, infected mushroom, groove armada, thievery corporation, moby, kings of convenience
underoath, brand new, dave matthews band, tenacious d, coheed and cambria, chiodos, 311, say anything, the fall of troy, motion city soundtrack, dropkick murphys, saosin, goldfinger, taking back sunday, the black dahlia murder, all shall perish, mae, something corporate, fall out boy, as i lay dying, anberlin, the smashing pumpkins
children of bodom, mike oldfield, arch enemy, tori amos, dark tranquillity, iron maiden, testament, deep purple, judas priest, norther, apocalyptica, pain of salvation, symphony x, sentenced, korpiklaani, metallica, disturbed, death, iced earth, deathstars, ensiferum, meshuggah, amon amarth, strapping young lad, depeche mode
the beatles, talking heads, the raveonettes, r.e.m., the magnetic fields, counting crows, they might be giants, philip glass, the cure, belle and sebastian, tom waits, the dresden dolls, my bloody valentine, radiohead, the clash, the dandy warhols, the new pornographers, the smashing pumpkins, stereolab
my chemical romance, death cab for cutie, emilie simon, the white stripes, hellogoodbye, say anything
boards of canada, kings of convenience, cut copy, bonobo, r?yksopp, justice, daft punk, air, aphex twin, justin timberlake, the whitest boy alive, crystal castles, dj shadow, digitalism, ratatat, booka shade, prefuse 73, calvin harris, basement jaxx, timbaland, klaxons, tokyo police club, lcd soundsystem, michael jackson, peter bjorn and john, nelly furtado, boys noize
bonobo, ratatat, bj?rk, clint mansell, the beatles, andrew lloyd webber, frédéric chopin, ella fitzgerald, manu chao, trentem?ller, tenacious d, dream theater, daft punk, four tet, r?yksopp, aphex twin, the chemical brothers, ennio morricone, édith piaf, john coltrane, architecture in helsinki, dj shadow
cat power, incubus, the beatles, misfits, elliott smith, queens of the stone age, apocalyptica, radiohead, pantera, nirvana, john lennon, the shins, my chemical romance, the rolling stones, nine inch nails, neil young, black sabbath, melvins, thrice, tool, deftones, audioslave, simon & garfunkel, tegan and sara, bob dylan, kyuss, slipknot, eddie vedder, led zeppelin, muse, koЯn, the doors, p.o.d., interpol, a perfect circle, rage against the machine, cat stevens, the notwist, the used, oasis, jimmy eat world, thievery corporation, flogging molly, moloko, faithless, pink floyd, johnny cash
duffy, the cranberries, coma, clint mansell, imogen heap, madonna, céline dion, poets of the fall, nouvelle vague, leona lewis, sarah mclachlan
damien rice, tool, incubus, john mayer, a perfect circle, josé gonzález, amy winehouse, ray lamontagne, dredg, andrew bird, jamiroquai, counting crows, fiona apple, ryan adams, placebo, the smashing pumpkins, sara bareilles, bon iver, jet, janis joplin, feist, sia, cat power, portishead, paolo nutini, ben harper, deftones, jack johnson, the cinematic orchestra, otis redding, muse, the kooks, kings of convenience, deus
linkin park, fort minor, atb, chris cornell, nightwish, rihanna, sean paul, snoop dogg, depeche mode, eminem, gym class heroes, evanescence, sonata arctica, sting, howard shore, kanye west, christina aguilera, garbage, justin timberlake, deftones, tool, bryan adams, delerium, queen, sugababes, afi
the black dahlia murder, parkway drive, chevelle, linkin park, a day to remember, all that remains, amon amarth, foo fighters, paramore, all shall perish
30 seconds to mars, red.jumpsuit.apparatus, placebo, thursday, death cab for cutie, bush, angels & airwaves, city and colour, fall out boy, r.e.m., staind, the streets, dj shadow, kent, alexisonfire, finch, the postal service, tool, panic at the disco, a perfect circle, incubus, coheed and cambria, muse, kimya dawson
the strokes, paolo nutini, the smiths, maroon 5, los hermanos, shakira, joss stone, radiohead, nirvana, franz ferdinand, ryan adams, nelly furtado, amy winehouse, kaiser chiefs, the raconteurs, jet, the beach boys, david bowie, alicia keys, caetano veloso, arctic monkeys, lenny kravitz, the smashing pumpkins, christina aguilera, the killers, travis, the white stripes, corinne bailey rae, soundgarden, janis joplin, ramones, keane, fiona apple, spoon, adele, john mayer, morrissey, foo fighters
sonata arctica, iced earth, dream theater, koЯn, apocalyptica, nightwish, system of a down, myslovitz, helloween, kamelot, lacrimosa, lacuna coil, rhapsody of fire, angra, therion, blind guardian, edguy, metallica, ayreon, epica, gotan project, enya, tristania, scorpions, avantasia, led zeppelin, evanescence, audioslave, seether
farin urlaub, beatsteaks, die toten hosen
burial, pixies, nirvana, high contrast, mark ronson, amy winehouse, jurassic 5, pendulum, rjd2, the future sound of london, beastie boys, queens of the stone age, gnarls barkley, dj shadow, cypress hill, manu chao, prefuse 73
thievery corporation, brian eno, amon tobin, massive attack, pink martini, portishead, a tribe called quest, aphex twin, supertramp, paul van dyk, above & beyond, groove armada, michael jackson, moby, the specials
amon tobin, boards of canada, beck, radiohead, the chemical brothers, massive attack, prefuse 73, venetian snares, four tet, thom yorke, queens of the stone age, pearl jam, apparat, cocorosie, the cinematic orchestra, the books, joy division, gnarls barkley, justice, tricky, roots manuva, animal collective, infected mushroom, shpongle, bj?rk, incubus, squarepusher, dj krush
emilie autumn, breaking benjamin, kamelot, papa roach, creed, nickelback, lifehouse, my chemical romance, 30 seconds to mars, seether, hoobastank, alter bridge, phil collins, goo goo dolls, disturbed, chevelle, katy perry, funeral for a friend
the cure, depeche mode, apoptygma berzerk, the chemical brothers, siouxsie and the banshees
pink martini, édith piaf, john coltrane, louis armstrong, the doors, koop, aretha franklin, kings of convenience, ray charles, arcade fire, diana krall, st. germain, frank sinatra, nick cave and the bad seeds, nina simone, the knife, josé gonzález
misfits, against me!, the smiths, sonic youth, modest mouse, bad brains, the rolling stones, the brian jonestown massacre, band of horses, streetlight manifesto, neil young, nick drake, kanye west, joy division, minor threat, t. rex, the specials, the jimi hendrix experience, elliott smith, dinosaur jr.
mike oldfield, him, siouxsie and the banshees, richard cheese, marillion, rush, moby, jethro tull, vnv nation, ladytron, the cure, depeche mode, queensr?che, dream theater, ayreon, hammerfall, pain of salvation, tristania, new order, pink floyd, the smiths, the 69 eyes, queen, the killers, joy division, loreena mckennitt, madonna, enya, lacrimosa, franz ferdinand, kraftwerk, nightwish, paul oakenfold, keane
foo fighters, radiohead, johnny cash, the dresden dolls, the cure, deus, tori amos, fugazi, the clash, ramones, mot?rhead, alice in chains, the smashing pumpkins
placebo, the kooks, marilyn manson, kings of leon, tenacious d, pid?ama porno, the doors, papa roach, 30 seconds to mars, coma, myslovitz, korpiklaani, 3 doors down, lostprophets, mindless self indulgence, aerosmith, happysad, red hot chili peppers, david guetta, nirvana, nickelback, tori amos, rihanna, hey, avenged sevenfold, my chemical romance, disturbed, akon
kylie minogue, andrew lloyd webber, the pogues, david bowie, the killers, queen, pulp, kaiser chiefs, scissor sisters, bonobo, evanescence, blondie
joy division, the rolling stones, neutral milk hotel, the velvet underground, belle and sebastian, the beatles, the brian jonestown massacre, digitalism, air, the white stripes, tom waits, neil young, echo & the bunnymen, cat power, cut copy, camera obscura, the jesus and mary chain, talking heads, the cure, devendra banhart, minor threat, lou reed, r.e.m., siouxsie and the banshees, pixies, otis redding
django reinhardt, jefferson airplane, katie melua, carla bruni, leonard cohen, janis joplin, regina spektor, joni mitchell, aimee mann, ani difranco, tori amos, frédéric chopin, johnny cash, ashlee simpson, cream, fiona apple, r.e.m., the who, nina simone, billie holiday, bob dylan, grateful dead, deep purple, diana krall, the beatles, katatonia
feist, air, hooverphonic, norah jones, r?yksopp, soundtrack, kings of convenience
the sounds, nouvelle vague, amy winehouse, m.i.a., lily allen, cansei de ser sexy, norah jones, air, nina simone, peaches, metric, ryan adams, jack johnson, the cure, kanye west, kt tunstall, róisín murphy, yeah yeah yeahs, david gray, santogold, britney spears, jem, jurassic 5, the kooks, moby, damien rice, rihanna, goldfrapp, klaxons, oasis, lenny kravitz, the ting tings, garbage, tegan and sara, blondie, groove armada, the verve, the knife, muse, no doubt, the beatles
they might be giants, the beatles, modest mouse, pixies, the smiths, talking heads, wu-tang clan, bob dylan, millencolin, less than jake, gorillaz, frank zappa, outkast, blur, the rolling stones, red hot chili peppers, tenacious d, the clash, r.e.m., simon & garfunkel, weezer, kraftwerk, the beach boys, a tribe called quest, madvillain, david bowie, the chemical brothers, public enemy, aphex twin, elvis presley, ennio morricone, moby, ...and you will know us by the trail of dead
tom waits, bj?rk, nina simone, le tigre, édith piaf, neil young, katie melua, beck, depeche mode, sigur rós
die apokalyptischen reiter, in extremo, satyricon, type o negative, lacrimosa, cradle of filth, ministry, immortal, die ?rzte, hypocrisy, deathstars, sentenced, children of bodom, rammstein, dimmu borgir, paradise lost, marilyn manson
ramones, misfits, mot?rhead, echo & the bunnymen, the beatles, black sabbath, joy division, beastie boys, metallica, ac/dc, supergrass, dropkick murphys, led zeppelin, sonata arctica, the who, helloween, green day, the kinks, edguy, sex pistols, dead kennedys, the smiths, simon & garfunkel, the smashing pumpkins
the fratellis, the smashing pumpkins, razorlight, lily allen, the stone roses, arctic monkeys, kasabian, the last shadow puppets, the pigeon detectives, foo fighters, pulp, dirty pretty things, the white stripes, the ting tings, kaiser chiefs, manic street preachers, hard-fi, max?mo park, the cribs, bruce springsteen, snow patrol, klaxons, oasis, the shins, red hot chili peppers, the kooks, u2
the roots, kings of leon, digitalism, santogold, hard-fi, the killers, feist, gorillaz, the knife, klaxons, goldfrapp, kasabian, placebo, katie melua, cat power, deichkind, the kills, justice, mogwai, fischerspooner, die ?rzte
michael jackson, red hot chili peppers, santana, john mayer, jack johnson, john frusciante, prince, coldplay, elbow, jamiroquai, franz ferdinand
jimi hendrix, neutral milk hotel, modest mouse, in flames, queen, cake, dire straits, broken social scene, louis armstrong, elton john, frédéric chopin, josé gonzález
rihanna, breaking benjamin, deep purple, metallica, sugababes, britney spears, gorillaz, green day, simple plan, the prodigy, him
killswitch engage, bad religion, deftones, incubus, koЯn, trivium, the pogues, tool, stone sour, metallica, ill ni?o, slayer, billy talent, fall out boy, cypress hill, lagwagon, in flames, faith no more, panic at the disco, pearl jam, soilwork, bullet for my valentine, nofx, disturbed, scar symmetry, paradise lost, lamb of god, system of a down, type o negative, serj tankian, stone temple pilots, lacuna coil, kanye west
descendents, ramones, nofx, they might be giants, pearl jam, lagwagon, the bouncing souls, misfits, buzzcocks, elvis costello, black flag, green day, pixies, dead kennedys, the clash
hot chip, radiohead, the whitest boy alive, bat for lashes, apparat, flying lotus, cut copy, junior boys, m83, phoenix, justice, klaxons, mgmt, simian mobile disco, underworld, digitalism, talking heads, chromeo, róisín murphy, r?yksopp, lykke li, hercules and love affair, unkle, andrew bird, trentem?ller, rufus wainwright, fleet foxes, thom yorke, bj?rk, daft punk, jazzanova, the knife, gorillaz, late of the pier, plaid
kanye west, o.s.t.r., ice cube, justin timberlake, amy winehouse
joss stone, katatonia, tool, creedence clearwater revival
pink floyd, phil collins, james blunt, katie melua, the cranberries, eric clapton, dire straits, amy winehouse, santana, cream, buena vista social club, queen, led zeppelin, supertramp, jimi hendrix, amy macdonald, deep purple, michael bublé, simon & garfunkel, norah jones, sade
blind guardian, iced earth, stratovarius, moonspell, ayreon, korpiklaani, pain, sepultura, amon amarth, theatre of tragedy, kreator, children of bodom, helloween, finntroll, therion
sigur rós, explosions in the sky, coldplay, all shall perish, the dillinger escape plan
massive attack, hey, the smashing pumpkins, the chemical brothers, pink floyd, the breeders, sonic youth, clint mansell, ac/dc, bob dylan, the beatles, the killers, paul van dyk, the cardigans, the doors, death cab for cutie, led zeppelin, bob marley & the wailers, portishead, sigur rós, the jimi hendrix experience, janis joplin, rammstein, fatboy slim, queens of the stone age, cream, the white stripes, high contrast, hooverphonic, cat power, the who, david bowie, above & beyond, coldplay, faithless, beastie boys
nofx, green day, eminem, nirvana, amy winehouse, linkin park, bad religion, pennywise, metallica, thrice, slipknot, modest mouse, billy talent
beyoncé, nelly furtado, rihanna, the pussycat dolls, amy winehouse, avril lavigne, fergie, britney spears, david guetta, chris brown, groove coverage, ne-yo, gwen stefani, backstreet boys, blink-182, lady gaga, paramore
animal collective, interpol, tv on the radio, booka shade, underworld, u2, sufjan stevens, spoon, the decemberists, my morning jacket, burial, fleet foxes, groove armada, sigur rós, beirut, tegan and sara, m.i.a., m83, yeah yeah yeahs, the magnetic fields, digitalism, yo la tengo, bj?rk, trentem?ller, band of horses, r?yksopp, elbow, stars, radiohead, the national
radiohead, bonobo, portishead, beirut, nightmares on wax, placebo, mogwai, sia, tricky, massive attack, koop, unkle, joe satriani, mr. scruff, the cinematic orchestra, de-phazz, jazzanova, bj?rk, lamb, thievery corporation, parov stelar, cocorosie, dj krush, sneaker pimps
counting crows, the beatles, dashboard confessional, underoath, modest mouse, brand new, bob dylan, the academy is..., motion city soundtrack, all time low, death cab for cutie, the fall of troy, richard cheese
a perfect circle, thrice, dream theater, system of a down, massive attack, modest mouse, metallica, trentem?ller, sufjan stevens, jethro tull, enigma, pink floyd, gorillaz, dj krush, riverside, led zeppelin, pain of salvation, aphex twin, 3 doors down, bj?rk, sonic youth, incubus, the prodigy, kmfdm
morcheeba, koop, bj?rk, josé gonzález, sia, dead can dance, goldfrapp, radiohead, james blunt, nouvelle vague, sneaker pimps, linkin park, air, faithless, sigur rós, sting, massive attack, róisín murphy, coldplay, r.e.m., portishead, r?yksopp, guano apes, nirvana, red hot chili peppers
kanye west, fatboy slim, electric six, lady gaga
hypocrisy, sabaton, in flames, pantera, nile, death, children of bodom, dimmu borgir, metallica, sepultura, at the gates, amon amarth, immortal, bloodbath, carcass, guano apes, soulfly, opeth, kreator, arch enemy
kings of leon, the killers, jack johnson, the beatles, pearl jam, franz ferdinand, nirvana, rammstein, r.e.m., the white stripes, the smashing pumpkins, madonna, u2, coldplay, rage against the machine, feist, incubus, bloc party, beck, megadeth, tarja turunen, the rolling stones, elvis presley, radiohead, bob marley, frank sinatra, blur, travis, amy winehouse, led zeppelin, serj tankian, alanis morissette, koЯn, n*e*r*d, john frusciante, the prodigy, the who, metallica
thomas newman, johnny cash, howard shore, the kinks, dire straits, gorillaz, eels, arcade fire, flogging molly, the smiths, r.e.m., camel, moby, jack johnson, the pogues, blur, simon & garfunkel, the police, pixies, elliott smith, the clash, radiohead, abba, michael jackson, tom petty and the heartbreakers, jefferson airplane, james brown, kt tunstall
opeth, katatonia, porcupine tree, anathema, pain of salvation, primus, ayreon, dream theater, amorphis, iron maiden, a perfect circle, riverside, my dying bride, pink floyd, kamelot, blind guardian, tiamat, joe satriani, paradise lost, moonspell, queensr?che, metallica, samael, the gathering, in flames, johnny cash
elbow, unkle, sneaker pimps, beck, the prodigy, dj shadow, bonobo, rjd2
saosin, anberlin, circa survive, ferry corsten, dashboard confessional, chiodos, dream theater, flight of the conchords, air, the used, radiohead, atb, lagwagon, iron maiden, afi, coheed and cambria, justice, 311, thursday, madvillain, a perfect circle, blink-182, crystal castles, of montreal, andrew bird, the strokes, alkaline trio, mae
elvis presley, the cure, creedence clearwater revival, depeche mode, siouxsie and the banshees, goldfrapp, she wants revenge, ladytron, the sisters of mercy, morrissey, portishead, the beach boys, the rolling stones, air, massive attack, joy division
elvis costello, david bowie, the beatles, the smiths, bruce springsteen, buzzcocks, echo & the bunnymen, otis redding, brand new
joe satriani, tristania, sirenia, stratovarius, arch enemy, evanescence, hammerfall, rhapsody of fire, edguy, sonata arctica
the strokes, los hermanos, david bowie, the breeders, cansei de ser sexy, blondie, john lennon, the zombies, ladytron, the chemical brothers, fatboy slim, elvis presley, sonic youth
me first and the gimme gimmes, the distillers, the offspring, ben harper, rise against, death cab for cutie, bob marley & the wailers, manu chao
sodom, blind guardian, kreator, helloween, gamma ray, mot?rhead, haggard, iron maiden, ac/dc, megadeth, judas priest, kiss, apocalyptica, die apokalyptischen reiter, vader, immortal, the beatles, sabaton
roxette, taylor swift, abba, bon jovi, avril lavigne, nightwish, def leppard, dragonforce, michael jackson, queen
johnny cash, soundtrack, dropkick murphys, eagles, kanye west, the pogues, flogging molly, katy perry, creedence clearwater revival, enya, andrew lloyd webber, the corrs, bob dylan
ac/dc, john frusciante, foo fighters, chico buarque, deep purple, the who, led zeppelin, jimi hendrix, nirvana, the kooks, eric clapton, the beatles, arctic monkeys, the doors, coldplay, van halen, jack johnson, muse, jet, pixies, razorlight, paramore, incubus, interpol, the white stripes, basshunter, franz ferdinand, system of a down, kaiser chiefs, dave matthews band, queens of the stone age, faith no more, bloc party, pearl jam, audioslave, hot hot heat, the clash
[unknown], john lennon
oasis, miles davis, blur, the fall, david bowie, nick drake, pearl jam, doves, the beatles, the verve, john coltrane, ryan adams
eagles, journey, the rolling stones, electric light orchestra, u2, van halen, pink floyd, pearl jam, elton john, fleetwood mac, elvis presley, bob marley & the wailers, billy joel, queen, ac/dc, lynyrd skynyrd, dire straits, john lennon, simon & garfunkel, the kinks
sonic youth, miles davis, bob dylan, cat power, belle and sebastian, 2pac, animal collective, deerhoof, talking heads, booka shade, grizzly bear, nas, modest mouse, joanna newsom, dr. dre, devendra banhart, of montreal, low, explosions in the sky, pavement, prefuse 73, r.e.m., the cure, grateful dead, the velvet underground, the flaming lips, mogwai, the smiths, bonnie prince billy, snoop dogg, dinosaur jr., band of horses, the national
bj?rk, ben harper, bonobo, pj harvey, m.i.a., soundgarden, lupe fiasco, jeff buckley, al green, alice in chains, aphex twin, the smashing pumpkins
the wombats, arcade fire, arctic monkeys, justice, the hives, the libertines, mgmt, the pigeon detectives, vampire weekend, kings of leon, digitalism, beck, daft punk, foals, the ting tings, coldplay, mark ronson, radiohead, the white stripes, calvin harris, the killers, late of the pier
massive attack, air, morcheeba, hot chip, thievery corporation, nightmares on wax, feist, depeche mode, nouvelle vague, zero 7, tosca, nina simone, moby, boards of canada, the cinematic orchestra, st. germain, serge gainsbourg, de-phazz, goldfrapp, the herbaliser, unkle, jazzanova, archive, beastie boys, r?yksopp, bonobo, amon tobin, the knife, daft punk, trentem?ller, hooverphonic, carla bruni, faithless
hans zimmer, danny elfman, john williams, thomas newman, clint mansell, avril lavigne, ac/dc, girls aloud, enrique iglesias, britney spears, sugarcult, armin van buuren, soundtrack
loreena mckennitt, [unknown], mike oldfield, the beatles
saosin, girl talk, fall out boy, alkaline trio, motion city soundtrack, underoath, taking back sunday, the all-american rejects, modest mouse, panic! at the disco, nofx, the weakerthans
pink floyd, dire straits, queen, the beatles, van morrison, jethro tull, [unknown], oomph!, soundtrack, simon & garfunkel, klaxons, muse, bob marley, radiohead, bj?rk
opeth, my dying bride, cradle of filth, lacuna coil, a-ha, red hot chili peppers, placebo, linkin park, nightwish, him, enya, the beatles, pink, anathema, evanescence, dir en grey, roxette, muse, slipknot, sting, bj?rk
of montreal, morbid angel, opeth, gojira, death, angra, kamelot, ensiferum, darkthrone, feist, therion, streetlight manifesto, the gathering, broken social scene, bloodbath, stars, iron maiden, after forever, my bloody valentine, nile, vader
coldplay, morrissey, the magnetic fields, dj shadow, ramones, rufus wainwright, depeche mode, beck, the jam, pixies, foo fighters, beastie boys, the strokes, kaiser chiefs, ben folds, kasabian, max?mo park, sia, gorillaz, madness, queens of the stone age, antony and the johnsons, nirvana, franz ferdinand, the kinks, the cardigans, belle and sebastian, the dandy warhols, the specials, the killers, primal scream, editors, r?yksopp, interpol
mono, mogwai, iron & wine, 65daysofstatic, m83, tool, godspeed you! black emperor, metallica, god is an astronaut, muse, snow patrol
tori amos, imogen heap, a perfect circle, akira yamaoka, sarah mclachlan
bj?rk, belle and sebastian, blonde redhead, nouvelle vague, madonna, m.i.a., talking heads, t. rex
sigur rós, the cinematic orchestra, tortoise, interpol, godspeed you! black emperor, goldfrapp, the cardigans
rihanna, dir en grey, rammstein, the prodigy, t.a.t.u.
seeed, linkin park, daft punk, james brown, benny benassi, red hot chili peppers, kraftwerk, norah jones, santana, amy winehouse, peter fox, bob marley
santana, mariah carey, chico buarque
erykah badu, amy winehouse, alicia keys, common, rihanna, michael bublé, norah jones, john legend, gnarls barkley, kanye west, jamiroquai, mary j. blige
modest mouse, bright eyes, mogwai, radiohead, devendra banhart, elliott smith, bob dylan, django reinhardt, nirvana, massive attack, the beatles, bob marley, joanna newsom, boards of canada, portishead, dj shadow, god is an astronaut, iron & wine
muse, rob zombie, slipknot, skinny puppy, nine inch nails, all shall perish, devildriver, flogging molly, turbonegro, incubus, the black dahlia murder
isis, god is an astronaut, marilyn manson, deftones, massive attack, mogwai, placebo, ill ni?o, alexisonfire, my chemical romance, audioslave, explosions in the sky, underoath, queens of the stone age, saosin, katatonia, dimmu borgir
die ?rzte, b?hse onkelz, queen, the beatles, jimmy eat world, system of a down, good charlotte, tenacious d, bon jovi, billy joel, sum 41, bloodhound gang, the offspring, bee gees, my chemical romance, red hot chili peppers, green day, roxette, cascada, serj tankian, kaiser chiefs, phil collins
dropkick murphys, flogging molly, loreena mckennitt, amon amarth, ac/dc, equilibrium
taylor swift, sara bareilles, britney spears, adele, paramore, jason mraz, katy perry, jonas brothers, jordin sparks, the fray, miley cyrus, onerepublic, christina aguilera, leona lewis, ashlee simpson, lady gaga, beyoncé, coldplay, the killers, john mayer, alicia keys, kanye west, paolo nutini, feist, metro station, the veronicas, ray lamontagne
die apokalyptischen reiter, die toten hosen, in flames, equilibrium, ensiferum, subway to sally, basshunter, kreator, lacuna coil, cradle of filth, amon amarth, rammstein, the 69 eyes, serj tankian, deathstars, iron maiden, tool, the rasmus, oomph!, peter fox, [unknown]
madonna, céline dion, amy winehouse, sugababes, jordin sparks, otis redding, the prodigy, beyoncé, colbie caillat, alanis morissette, christina aguilera, nelly furtado, shakira, abba, enrique iglesias, duffy, the chemical brothers, ludwig van beethoven, buena vista social club, scooter, basshunter, leona lewis, no doubt, rihanna, frank sinatra, the streets, cascada
bush, the flaming lips, coldplay, modest mouse, thom yorke, mindless self indulgence, yeah yeah yeahs, nick cave and the bad seeds, johnny cash, gogol bordello, red hot chili peppers, sting, jens lekman, the shins, gorillaz, nine inch nails, the fratellis, eagles of death metal, electric six
slipknot, chimaira, heaven shall burn, all that remains, gojira, bullet for my valentine, stone sour, chevelle, in flames, machine head, parkway drive, ill ni?o, as i lay dying, mudvayne, mindless self indulgence, [unknown], volbeat, evanescence, hatebreed, him, scar symmetry, devildriver, guns n roses, alter bridge
muse, the used, eminem, billy talent, franz ferdinand, paramore, ludwig van beethoven, marilyn manson, panic at the disco, cobra starship, disturbed, good charlotte, ray charles
blind guardian, dirty pretty things, led zeppelin, iggy pop, enya, gamma ray, tool, korpiklaani, megadeth, sepultura, dragonforce, red hot chili peppers, stratovarius, iron maiden
the get up kids, jimmy eat world, new found glory, bright eyes, snow patrol, coldplay, taking back sunday, relient k, dashboard confessional, death cab for cutie, the kooks, okkervil river, elvis costello, fall out boy, paul simon, mae, senses fail, something corporate, sugarcult
the cure, deftones, pearl jam, foo fighters, system of a down, david bowie, ben harper, muse, incubus, radiohead, queens of the stone age, patrick wolf, alice in chains, pink floyd, a perfect circle
gojira, the crystal method, rage against the machine, lacuna coil, placebo, moby, rammstein, linkin park, red hot chili peppers, the smashing pumpkins, nirvana, scorpions, radiohead, deftones, ben harper, koЯn, tool, dream theater, evanescence, lostprophets, rob zombie
bob marley, michael jackson, bob marley & the wailers, damian marley, chamillionaire, ne-yo, usher, sean paul, alicia keys, 2pac, snoop dogg, akon, leona lewis, chris brown, mary j. blige, nelly, kanye west, prince, lenny kravitz, rihanna, t.i., duffy, black eyed peas, pink
elliott smith, the cure, cake, the smiths, cursive, depeche mode, daft punk, jeff buckley, the strokes, radiohead, circa survive, the shins, red hot chili peppers, sigur rós, blonde redhead, the beatles, interpol, my bloody valentine, ratatat, queen, dredg, tenacious d, new order, muse, gorillaz, taking back sunday, damien rice, johnny cash, bob dylan, bright eyes, john mayer, koЯn, the blood brothers, elvis presley, explosions in the sky, slipknot, metallica, bob marley & the wailers, coheed and cambria, 311
30 seconds to mars, yellowcard, lostprophets, jimmy eat world, snow patrol, john legend, something corporate, breaking benjamin, bush, nas, rise against, fort minor, dashboard confessional, eminem, sufjan stevens, james blunt, regina spektor, counting crows, panic! at the disco
the jimi hendrix experience, johnny cash, fugazi, marilyn manson, regina spektor, the smashing pumpkins, air, elvis presley, the velvet underground
rihanna, beyoncé, duffy, céline dion, lily allen, regina spektor, amy winehouse, shakira, enya, feist, the pussycat dolls, adele, amy macdonald, james blunt, norah jones, a fine frenzy, kt tunstall, thomas newman, maroon 5, hans zimmer, katie melua, jem, avril lavigne, sarah mclachlan, lady gaga, timbaland, madonna, dido, sugababes, imogen heap, sara bareilles
kreator, judas priest, metallica, death, sodom, testament, slayer, sepultura, megadeth, children of bodom, dethklok, opeth, iron maiden, cannibal corpse, haggard, black sabbath, blind guardian, meshuggah, dio, korpiklaani, anthrax, mot?rhead, vader
the all-american rejects, funeral for a friend, yellowcard, paramore, boys like girls, lostprophets, rise against, atreyu, jimmy eat world, avenged sevenfold, all that remains, 36 crazyfists, senses fail, in flames, disturbed, killswitch engage, feeder
iron maiden, megadeth, yann tiersen, the smashing pumpkins, streetlight manifesto, pantera, amy winehouse, miley cyrus, lily allen, bad brains, regina spektor, the beatles, judas priest, mindless self indulgence, dream theater, metric, ozzy osbourne, no doubt, rush, reel big fish, rage against the machine, the mars volta, kreator, the doors, oasis, sex pistols, yeah yeah yeahs, lamb of god, muse, dragonforce, alice in chains
kings of leon, foo fighters, keane, yeah yeah yeahs, the decemberists, snow patrol, frédéric chopin, the white stripes, fiona apple, the beatles, imogen heap, coldplay, interpol, arctic monkeys, goldfrapp, regina spektor, wolfgang amadeus mozart, led zeppelin, norah jones, kate nash, joss stone, weezer, electric six, nirvana, cat power, the cranberries, rage against the machine, incubus, modest mouse, the new pornographers, jimmy eat world, ben folds, sublime, ok go, feist, outkast, radiohead, tori amos, blonde redhead, jack johnson
36 crazyfists, new found glory, city and colour, enter shikari, all that remains, as i lay dying, rise against, atreyu, comeback kid, coheed and cambria, three days grace, anberlin
in flames, amorphis, rammstein, nightwish, children of bodom, metallica, apocalyptica, pain, bad religion, ozzy osbourne, the offspring, korpiklaani, depeche mode, poets of the fall, sonata arctica, volbeat, weezer, sentenced, dark tranquillity, stratovarius, avril lavigne
tori amos, david bowie, bj?rk, nick cave and the bad seeds, yann tiersen, leonard cohen, nine inch nails, madonna, alanis morissette, peter gabriel, max richter, pink floyd, therion, einstürzende neubauten, deftones, massive attack, daft punk, portishead, rufus wainwright, vnv nation, miles davis, tom waits, vangelis, kate bush, rammstein, akira yamaoka, aphex twin, goldfrapp, evanescence, kylie minogue, moloko, the pussycat dolls
r.e.m., peter fox, clueso, billy talent, die ?rzte, metallica, rise against
led zeppelin, the beatles, queen, jethro tull, the prodigy, dimmu borgir, duran duran, rhapsody of fire, the doors, nightwish, nina simone, franz ferdinand
pink, the rasmus, muse, atreyu, lady gaga, james morrison, rihanna, shakira, boys like girls, jonas brothers, the ting tings, the veronicas, avril lavigne, miley cyrus, evanescence, cobra starship, him, katy perry, the all-american rejects, armin van buuren, the white stripes, metro station, 30 seconds to mars, jennifer lopez, simple plan, fall out boy, lily allen, michael jackson
unkle, the crystal method, the chemical brothers, underworld, thievery corporation, tosca, simian mobile disco, shpongle, roots manuva, archive, asian dub foundation, depeche mode, booka shade, enigma, faithless
[oasis]
josé gonzález, radiohead, depeche mode, zero 7, neko case, britney spears, fleet foxes, snow patrol, calexico, the clash, band of horses, sufjan stevens, wilco, lily allen, kate nash, tegan and sara, mark ronson, iron & wine, maroon 5, kings of convenience, sarah mclachlan, paramore, amy winehouse, john coltrane, bj?rk, flyleaf, emilíana torrini, belle and sebastian, girl talk, kanye west, the dandy warhols, andrew bird, gnarls barkley, faithless, sting
kosheen, happysad, system of a down, serj tankian, gang starr, kanye west, cypress hill, deftones, disturbed, gentleman
simon & garfunkel, the smashing pumpkins, beastie boys, queens of the stone age, pennywise, linkin park, seether, gorillaz, rage against the machine, duran duran, 3 doors down, blink-182, red hot chili peppers, radiohead, oasis, r.e.m., the killers, green day, pink floyd, nirvana, led zeppelin
taylor swift, rihanna, leona lewis, spice girls, sara bareilles, avril lavigne, kelly clarkson, queen, 3 doors down, simple plan, natasha bedingfield, john mayer, onerepublic, cascada, pink, miley cyrus, katy perry, fergie, jordin sparks, 30 seconds to mars, coldplay, lifehouse, fall out boy, gavin degraw, seether, three days grace
enrique iglesias, akon, christina aguilera, alicia keys, t.a.t.u., lady gaga, kanye west
bonobo, a tribe called quest, bob marley, guano apes, chicane, sublime, boards of canada, linkin park, moby, de-phazz, cypress hill, faithless, staind, massive attack, groove armada, r.e.m., red hot chili peppers, incubus, coldplay, enigma, papa roach, atb, koЯn, paul van dyk, gorillaz, system of a down, the cinematic orchestra, u2, the cranberries, underworld, lamb
the chemical brothers, danny elfman, atreyu, michael jackson, gorillaz, dead kennedys, static-x, soilwork, electric six, 65daysofstatic, the sisters of mercy, the fall of troy, daft punk, fatboy slim
linkin park, the killers, shiny toy guns, jimmy eat world, muse, matchbox twenty, lostprophets, kaiser chiefs, afi, editors, 30 seconds to mars, dredg, yellowcard, lily allen, the all-american rejects, hellogoodbye, spoon, my chemical romance, lifehouse, against me!, weezer, kasabian, chevelle, matisyahu, red hot chili peppers, 3 doors down, interpol, the bravery, the smashing pumpkins, green day, yeah yeah yeahs, dropkick murphys, snow patrol
judas priest, def leppard, black sabbath, iron maiden, rainbow, dio, van halen, deep purple, skid row, kiss, scorpions, bon jovi, thin lizzy
opeth, dream theater, andrew lloyd webber, ludwig van beethoven, primus
snow patrol, broken social scene, franz ferdinand, black rebel motorcycle club, ludwig van beethoven, u2, him, the gathering, the verve, the strokes, taking back sunday, bee gees, the beatles
the cure, akira yamaoka, tom waits, dredg
van halen, slayer, skid row, iron maiden, judas priest, simon & garfunkel, edguy, billy joel, helloween, antonio vivaldi, bryan adams
bj?rk, radiohead, bonnie prince billy, tom waits, miles davis, the beatles, deftones, fugazi, the flaming lips, devendra banhart, j dilla, tool, james brown, bob dylan, fleet foxes, nick drake, bob marley & the wailers, erykah badu, led zeppelin, burial, 311, aphex twin, busta rhymes, a tribe called quest, notorious b.i.g., philip glass, wu-tang clan, al green, the roots, nine inch nails, pixies, dr. dre, sigur rós, stevie wonder
britney spears, paramore, lady gaga, katy perry, busta rhymes, hilary duff, rihanna, evanescence, kanye west, ti?sto, nelly furtado
taking back sunday, senses fail, the used, new found glory, something corporate, death cab for cutie, finch, sublime, jimmy eat world, damien rice, the ataris, cursive, dashboard confessional, incubus, circa survive, sugarcult, chiodos, saves the day, ryan adams, coldplay, say anything, rilo kiley, simon & garfunkel, nada surf, blink-182, cute is what we aim for, nirvana, the cure, radiohead, red hot chili peppers, thrice, aerosmith
marilyn manson, justice, the prodigy, misfits, the flashbulb, burzum, bauhaus, rammstein, cradle of filth, pain, joy division, system of a down
green day, elliott smith, ani difranco, nofx, cat stevens, nine inch nails, less than jake, sublime, the smiths, johnny cash, bright eyes, modest mouse, brand new, the ataris, jimmy eat world, sufjan stevens, regina spektor, tegan and sara, the postal service, the bouncing souls, mindless self indulgence, kimya dawson, incubus, elvis costello, saves the day, led zeppelin, foo fighters, reel big fish, the flaming lips, streetlight manifesto
michael bublé, air, mike oldfield, scooter, lady gaga, natasha bedingfield, ac/dc, anna ternheim, katy perry, journey, groove coverage, the prodigy, britney spears, infected mushroom, cascada, die ?rzte
sigur rós, radiohead, u2, belle and sebastian, katie melua, bright eyes, kt tunstall, amy winehouse, bat for lashes, pink floyd, lily allen, corinne bailey rae, howard shore, jamiroquai, cansei de ser sexy, neutral milk hotel, blur, fleetwood mac, queen, jeff buckley, johnny cash
red hot chili peppers, metallica, linkin park, system of a down, tenacious d, dragonforce, green day, led zeppelin, rage against the machine, ozzy osbourne, jimi hendrix, mika, lynyrd skynyrd
atb, the used, 3 doors down, evanescence, delerium, metric, blank & jones, the smashing pumpkins, interpol, new found glory, staind, buckethead, breaking benjamin, red hot chili peppers, system of a down, avril lavigne, she wants revenge, stone sour, enigma, muse, nirvana, t.a.t.u., the crystal method, katatonia, the rasmus, rise against
the clash, pink floyd, pixies, sonic youth, amy winehouse, joy division, nine inch nails, emilie autumn, le tigre, chico buarque, the beatles, the distillers, the white stripes, nouvelle vague, peaches, my bloody valentine, echo & the bunnymen, sex pistols, the kills, bob dylan, the subways, depeche mode, damien rice, ennio morricone, paramore, the who, blink-182
marillion, dream theater, iron maiden, pink floyd, ac/dc, evanescence, led zeppelin, norah jones, jimi hendrix, bon jovi, rush, mot?rhead, the mars volta, herbie hancock, anthrax, pain of salvation, tool, queensr?che, the doors, rainbow, killswitch engage
elliott smith, interpol, belle and sebastian, the jesus and mary chain, pixies, bloc party, kings of convenience, the breeders, the strokes, sonic youth, arctic monkeys, kimya dawson, franz ferdinand, peter bjorn and john, the hives, my bloody valentine, klaxons, shout out louds, the flaming lips, the velvet underground, r.e.m., the smiths, the killers, nina simone, feist, of montreal, modest mouse, the shins, the white stripes, cake, the stone roses, clap your hands say yeah, vampire weekend
pearl jam, snow patrol, serj tankian, tori amos, bon jovi, the police, neil young, scorpions, gamma ray, deep purple
t. rex, the beatles, peter gabriel, genesis, elvis presley, prince, phil collins, the who, dire straits, deep purple, electric light orchestra, the doors
britney spears, rihanna, craig david, eminem, ti?sto, basshunter, the cranberries, akon, evanescence, black eyed peas, katy perry, fergie, david guetta, nelly furtado, plain white ts
pixies, schandmaul, my dying bride, morphine, the cure, elvis presley, the 69 eyes, enya
aesop rock, common
ac/dc, led zeppelin, pantera, david bowie, bob marley, jimi hendrix, queen, soundgarden, chris cornell
atreyu, natasha bedingfield, timbaland, sonic syndicate, blink-182, 2pac, linkin park, sum 41, nas, breaking benjamin, mos def, onerepublic, hoobastank, the academy is..., nofx, fort minor, lil wayne, all that remains, snoop dogg, chicane, black eyed peas, dmx, notorious b.i.g., m83, rihanna, red hot chili peppers
cake, the used, faith no more, the beatles, limp bizkit, mastodon, slayer, angels & airwaves, underoath, yellowcard, chevelle, alice in chains, muse, soulfly, foo fighters, alanis morissette, taking back sunday, aerosmith, nirvana
dream theater, radiohead, spoon, dredg, pj harvey, the fall, the mars volta
cocteau twins, sonic youth, grateful dead, jimi hendrix, morphine, beck, nick drake, pink floyd, nine inch nails, moby, bob marley & the wailers, black sabbath, elliott smith, metric, bob marley, pinback, soundgarden, kings of leon, spoon, band of horses, m. ward, incubus, radiohead, kings of convenience, led zeppelin
ludwig van beethoven, frédéric chopin, queen, the doors, judas priest, johnny cash, scorpions, leonard cohen, ac/dc, pink floyd, tom waits, jimi hendrix, johann sebastian bach, the rolling stones, abba, louis armstrong, david bowie, katie melua, guns n roses, phil collins, the jimi hendrix experience, depeche mode, eric clapton
avenged sevenfold, papa roach, alkaline trio, in flames, rise against, afi, 36 crazyfists, alexisonfire, evanescence, nightwish, killswitch engage, cradle of filth, epica, nine inch nails, drowning pool, type o negative, adema, anathema, fear factory, after forever, rob zombie, nofx, funeral for a friend, deftones, children of bodom, my dying bride, machine head, goldfinger, pennywise
saves the day, metallica, minus the bear, the dillinger escape plan, fall out boy, the ataris, death cab for cutie, cursive, blink-182, say anything, all that remains, saosin, pantera, the fall of troy, killswitch engage, the faint, coheed and cambria, eminem, chiodos, ok go, notorious b.i.g., taking back sunday, kanye west, motion city soundtrack, panic at the disco, justin timberlake, brand new, megadeth, emery, circa survive, new found glory
rammstein, disturbed, sum 41, koЯn, eminem, rob zombie, kent, nightwish, system of a down, sonata arctica, goldfinger, limp bizkit, dropkick murphys, alkaline trio, green day, pain, papa roach, the offspring, avril lavigne, nickelback, coldplay, kiss, basshunter, red hot chili peppers, yellowcard, blink-182, evanescence, hoobastank, in flames, lordi, p.o.d., michael jackson, tenacious d, groove coverage
pink floyd, bruce springsteen, devendra banhart, cat power, jack johnson, led zeppelin, cocorosie, koop, bob dylan, édith piaf, antony and the johnsons, feist, ryan adams, the rolling stones, aretha franklin, johnny cash, jimi hendrix, amy winehouse, nina simone, frank sinatra, tom waits, leonard cohen, kent, lykke li, queens of the stone age, sneaker pimps, mew, eddie vedder, otis redding, the cure, blondie, ben harper, fleet foxes, air
the beatles, madonna, radiohead, david bowie, damien rice, kings of leon, bryan adams, moby, pink floyd, bloc party, coldplay, portishead, colbie caillat, bj?rk, foo fighters, chico buarque, caetano veloso, sarah mclachlan, arctic monkeys, kate nash, rammstein, feist, my chemical romance, tarja turunen, the fray, cansei de ser sexy, nightwish, placebo, john lennon, skid row, unkle, garbage, ramones, regina spektor, queen
prince, pulp, pet shop boys, spoon, sonic youth, arcade fire, m.i.a., the rolling stones, beck, rilo kiley, the white stripes, the flaming lips, johnny cash, talking heads, they might be giants, the clash, basement jaxx, neil young, nick cave and the bad seeds, tom waits, electric six, goldfrapp, lou reed, al green, lily allen, david bowie, mos def, ramones, neko case, pj harvey, beastie boys, badly drawn boy, u2, the new pornographers, the streets, n*e*r*d, the chemical brothers, the libertines
the offspring, bob marley, system of a down, slipknot, metallica, nirvana, story of the year, bob marley & the wailers
helloween, john legend, fatboy slim, joss stone, high contrast, depeche mode, cradle of filth, rammstein, system of a down
johnny cash, relient k, matisyahu, michael jackson, taylor swift, my chemical romance
benny benassi, snoop dogg, atb, david guetta, dmx, marilyn manson, missy elliott, akon, faithless, black eyed peas, nelly, [unknown], ti?sto, usher, the pussycat dolls
george michael, pet shop boys, electric light orchestra, robbie williams, janet jackson, michael jackson, lady gaga, justin timberlake, britney spears, backstreet boys, the pussycat dolls, genesis, inxs, craig david, gwen stefani, r.e.m., a-ha
john mayer, flyleaf, kelly clarkson, boys like girls, dashboard confessional, panic! at the disco, something corporate, evanescence, the beatles
neil young, wolfgang amadeus mozart, johann sebastian bach, joni mitchell, thomas newman, ennio morricone, vangelis, aimee mann, the beatles, frédéric chopin, enya, genesis, ludwig van beethoven, peter gabriel, sufjan stevens, antonio vivaldi
amon tobin, tom waits, bloc party, radiohead, mogwai, venetian snares, kraftwerk, squarepusher, led zeppelin, death from above 1979, dinosaur jr., bauhaus, melvins, sonic youth, kyuss, philip glass, lamb, elvis costello
the who, jimi hendrix, marillion, genesis
the smiths, bob dylan, nina simone, calexico, carla bruni
norah jones, jack johnson, keane, green day, shakira, james blunt, los hermanos, sigur rós, coldplay, roxette, damien rice, ben harper, elvis presley, mariah carey, oasis, bon jovi, avril lavigne, bob marley, amy winehouse, enya, bob marley & the wailers, cat stevens, red hot chili peppers, kelly clarkson, the rolling stones, abba, black eyed peas, the beatles, radiohead, robbie williams, snow patrol, britney spears, bryan adams, the cranberries
shpongle, sigur rós, manu chao, thievery corporation, morcheeba, infected mushroom, tool, múm, coldplay, bob marley, the mars volta, nirvana, thomas newman, the verve, boards of canada, de-phazz, massive attack, the pipettes
ti?sto, infected mushroom, lily allen, blonde redhead, róisín murphy, metallica, bush, joe satriani, coldplay, delerium, céline dion, shpongle, muse, pink martini, the gathering, maroon 5, amy winehouse, cat power, morcheeba, placebo, peaches
frank zappa, captain beefheart & his magic band, the beatles, tom waits, animal collective, van morrison, t. rex, beastie boys, j dilla, the kinks, talking heads, bob dylan, louis armstrong, james brown, prince, ennio morricone, joanna newsom, the rolling stones, miles davis, a tribe called quest, the velvet underground, serge gainsbourg, the beach boys
frank sinatra, guns n roses, michael jackson, ozzy osbourne
david guetta, katy perry, britney spears, onerepublic, madonna, lady gaga, jennifer lopez, usher, enrique iglesias, rihanna, fergie, the pussycat dolls, christina aguilera, the beatles, timbaland
nightmares on wax, blur, booka shade, the kills, hercules and love affair, daft punk, portishead, massive attack, the go! team, air, eels, jurassic 5, the beatles, gorillaz, the beach boys, badly drawn boy, goldfrapp, beck, lcd soundsystem, [unknown], roots manuva, serge gainsbourg, the rapture
bob dylan, dire straits
gavin degraw, the flaming lips, jimmy eat world, flight of the conchords, barenaked ladies, red hot chili peppers, coldplay, maroon 5
bright eyes, animal collective, sonic youth, the new pornographers, okkervil river, bloc party, ...and you will know us by the trail of dead, kent, patrick wolf, editors, my morning jacket, weezer, the kinks, the killers, boards of canada, tv on the radio, antony and the johnsons, h?kan hellstr?m, wilco, cat power, of montreal, the radio dept., ben folds, modest mouse, morrissey, feist, the postal service, m83, band of horses, pavement, franz ferdinand, the shins, spoon, beirut
him, in flames, children of bodom, arch enemy, norther, deathstars, skid row, nightwish, hammerfall, leonard cohen, the doors, paradise lost, helloween, garbage, metallica, nirvana, pearl jam, ensiferum, judas priest, m?tley crüe, volbeat, anathema, aretha franklin, frank sinatra, amon amarth, bon jovi, scorpions
underoath, brand new, bright eyes, girl talk, death cab for cutie, coldplay, ratatat, angels & airwaves, saosin, motion city soundtrack, the strokes, dashboard confessional, chiodos, iron & wine, kanye west, jay-z, a day to remember, blink-182, the get up kids, the killers, emery, finch, snow patrol, the shins
stars, massive attack, johnny cash, pixies, r.e.m., the cure, modest mouse, oasis, yann tiersen, my bloody valentine
nickelback, lifehouse, timbaland, manu chao, snow patrol, staind, a perfect circle, mgmt, radiohead, gentleman, akon, seeed, justice, seal, duffy, daft punk, green day, red hot chili peppers, gorillaz, ac/dc, simple plan, the ting tings, linkin park, mika, 3 doors down, creed
burial, the chemical brothers, foo fighters, morcheeba, linkin park, tricky, the crystal method, in extremo, the used, goldfrapp, koЯn, kaiser chiefs, moby, air, audioslave, the prodigy, snow patrol, coldplay, deftones, the last shadow puppets, paolo nutini, michael bublé, john legend, maria mena
nile, sepultura, slayer, underoath, nirvana, slipknot, bloc party, eluveitie, in flames, carcass, morbid angel, arctic monkeys, mindless self indulgence, bring me the horizon, all shall perish, coldplay, mot?rhead, vader, napalm death, opeth, darkthrone, death, the prodigy, burzum, black sabbath, children of bodom, porcupine tree, enter shikari, the killers, iron maiden
beyoncé, britney spears, the pussycat dolls, kelly clarkson, mariah carey, lady gaga, madonna, janet jackson, colbie caillat, duffy, rihanna, christina aguilera, pink, leona lewis, katy perry, paramore, jennifer lopez, hilary duff, avril lavigne, ashlee simpson, amy winehouse, kylie minogue, spice girls, gwen stefani, sugababes, alicia keys, miley cyrus, taylor swift, the ting tings
phoenix, zero 7, the whitest boy alive, kings of convenience, devendra banhart, josé gonzález, andrew bird, patrick wolf, franz ferdinand, the streets, radiohead, the decemberists, yeah yeah yeahs, rufus wainwright, feist, jens lekman, ben folds, beck, emilíana torrini, wilco, the notwist, gnarls barkley, fiona apple, kings of leon, hercules and love affair, mgmt, third eye blind, okkervil river
muse, joy division, hey, pid?ama porno, placebo, coma, pj harvey, coldplay, frédéric chopin, thievery corporation, the smashing pumpkins, yann tiersen, nirvana, system of a down, led zeppelin, bloc party, norah jones, kt tunstall, tool, incubus, kult, queens of the stone age, myslovitz, green day, parov stelar, kasabian, garbage, clint mansell, radiohead, guano apes, amy winehouse
pixies, regina spektor, the strokes, against me!, animal collective, prefuse 73, rage against the machine, a tribe called quest, broken social scene, m.i.a., modest mouse, sigur rós, cunninlynguists, girl talk, captain beefheart & his magic band, joanna newsom, yeah yeah yeahs, radiohead, minor threat, fugazi, jurassic 5, coheed and cambria, bob dylan, tom waits, battles, melvins, venetian snares, barenaked ladies, queens of the stone age, tool, blink-182, dead kennedys, the police
yeah yeah yeahs, the shins, no doubt, deichkind, scissor sisters, nouvelle vague, architecture in helsinki, tenacious d, portishead, cansei de ser sexy, regina spektor, pixies, the cure, le tigre, stars, death from above 1979, hot hot heat, peaches, broken social scene, cold war kids, belle and sebastian, the postal service, cake, digitalism, babyshambles, clap your hands say yeah, the libertines
spoon, stars, vampire weekend, jonas brothers, grateful dead, the beatles, damien rice, fleet foxes, the killers, the national, fleetwood mac, sigur rós, travis, the academy is..., danny elfman, joshua radin, arcade fire, lady gaga, the shins, jens lekman, pink, the kinks
crystal castles, ladytron, girl talk, hot chip, modest mouse, the decemberists, tom waits, m.i.a., lupe fiasco, pj harvey, calexico, fiona apple, justice, portishead, spoon, metric, m. ward, cat power, digitalism, amy winehouse, belle and sebastian, leonard cohen, rjd2, the national, tv on the radio, fischerspooner, lcd soundsystem, the knife
michael jackson, metallica, roxette, robyn, rammstein, scorpions, amy winehouse, marilyn manson, the white stripes, coma, the offspring, katie melua, nickelback, black sabbath, ludwig van beethoven, rage against the machine, prince, red hot chili peppers, linkin park, the beatles, britney spears, mylo, oasis, slayer, ac/dc, shakira, 30 seconds to mars, the prodigy, rihanna, queen
iron maiden, black sabbath, judas priest, led zeppelin, dream theater, riverside, dio, ozzy osbourne, deep purple, metallica, mot?rhead, marillion, helloween, queensr?che, genesis, black label society, ac/dc, joe satriani, scorpions, nightwish, megadeth, pink floyd, stratovarius, camel, jethro tull, ayreon
crystal castles, the presets, bat for lashes, amon amarth, the cardigans, daft punk
nofx, sublime, richard cheese, alkaline trio, rancid, the offspring, green day, misfits, less than jake, dead kennedys, limp bizkit, the specials, me first and the gimme gimmes, bad brains, afi, the clash, reel big fish, bad religion
linkin park, timbaland, black eyed peas, daft punk, basshunter, die ?rzte, seeed, rammstein, fatboy slim, nickelback, limp bizkit, dmx, blur, good charlotte, justin timberlake, air, kelly clarkson, arctic monkeys, bullet for my valentine, benny benassi, papa roach, eminem, gwen stefani
primus, the cure, cannibal corpse, alice in chains, megadeth, nine inch nails, the smashing pumpkins, pink floyd, sigur rós, jamiroquai, dream theater, red hot chili peppers, testament, koЯn, u2, bob marley & the wailers, pantera, bj?rk, slipknot, carcass, the dillinger escape plan, dire straits, type o negative, metallica, alter bridge, coldplay, madonna, meshuggah, dethklok, edguy
michael jackson, the beatles, iron maiden, muse, placebo, kings of convenience, coldplay, apparat, koop, queen, nouvelle vague, antony and the johnsons, cradle of filth, the rolling stones, múm, def leppard, peter gabriel, red hot chili peppers, air, electric light orchestra, john lennon, bob marley, alicia keys, u2, r?yksopp, lenny kravitz, sigur rós, my dying bride, cannibal corpse, paul mccartney
pavement, r.e.m., wilco, bob dylan, guided by voices, belle and sebastian, yo la tengo, radiohead, beck, neil young, sonic youth, the beatles, spoon, the magnetic fields, pj harvey, the fall, beastie boys, pearl jam, u2, nirvana, the flaming lips, the smiths, bj?rk, miles davis, dinosaur jr., the rolling stones, pixies, grizzly bear, captain beefheart & his magic band, stereolab, the white stripes, cat power, nine inch nails, sufjan stevens, they might be giants, a tribe called quest, outkast, calexico, john coltrane, bob marley & the wailers, grateful dead, pink floyd, built to spill, johnny cash, prince
kylie minogue, moloko, calvin harris, emilie simon, pink, goldfrapp, muse, britney spears, franz ferdinand, kings of leon, beyoncé, the pussycat dolls, santogold, arctic monkeys, katy perry, simian mobile disco, onerepublic, david guetta, the ting tings, seal, apocalyptica, armin van buuren, janet jackson, kanye west, robbie williams, chromeo, manic street preachers, lenny kravitz, tarja turunen
feist, cocorosie, joanna newsom, portishead, lykke li, the notwist, the postal service, antony and the johnsons, apparat, the knife, josé gonzález, iron & wine, damien rice, ani difranco, burial, kings of convenience, regina spektor, max richter, the album leaf, jens lekman
cansei de ser sexy, t.a.t.u., the killers, jimmy eat world, plain white ts, boys like girls, 30 seconds to mars, flyleaf, kate nash, the all-american rejects, red.jumpsuit.apparatus, mika, cobra starship, the hush sound, lostprophets, kaiser chiefs, the veronicas, billy talent, linkin park, the academy is..., hellogoodbye, the ting tings, say anything, cute is what we aim for, new found glory, avril lavigne
the rolling stones, bob dylan, the doors, queen, the smashing pumpkins, tom waits, guns n roses, led zeppelin, nirvana, ac/dc, tori amos, johnny cash, neil young, tool, tracy chapman, eminem, the who, jet, tom petty and the heartbreakers, pink floyd, fleetwood mac, turbonegro, system of a down, oasis, iron maiden, billy joel, no doubt, abba, aerosmith, david gray, van morrison, bloc party, eric clapton, r.e.m.
amorphis, meshuggah, tricky, alice in chains, god is an astronaut, my dying bride
daft punk, beastie boys, gotan project, moby, nightmares on wax, nirvana, the cinematic orchestra, squarepusher
sufjan stevens, band of horses, iron & wine, fleet foxes, okkervil river, m. ward, the decemberists, spoon, bon iver, beck, death cab for cutie, deerhunter, elbow, the shins, ben folds five, interpol, girls aloud, róisín murphy, yeah yeah yeahs, elliott smith, nick drake, stars, santogold, mgmt, depeche mode, wilco, kings of leon, andrew bird, david bowie, arcade fire, broken social scene, patrick wolf, the new pornographers
stereolab, m83, cocteau twins, pet shop boys, madlib, of montreal, air, depeche mode, my bloody valentine, beck, nine inch nails, radiohead, justice, moby, m.i.a., junior boys, aphex twin, deerhoof, coldplay, mgmt, red hot chili peppers, the beach boys, bob dylan, the flaming lips, the smashing pumpkins, john lennon, joy division, hercules and love affair
daft punk, bonnie prince billy, air, vangelis, t.i., animal collective
thievery corporation, massive attack, jamiroquai, booka shade, dido
deerhoof, animal collective, pavement, sonic youth, the magnetic fields, beck, devendra banhart, deerhunter, modest mouse, sufjan stevens, the notwist, the flaming lips, spoon
porcupine tree, dream theater, pain of salvation, coldplay, journey, barenaked ladies, pink floyd, u2, frank zappa, genesis, rush, ayreon, jethro tull, howard shore, queensr?che
m.i.a., a tribe called quest, bloc party, the specials, the clash, turbonegro, sage francis, the gossip, black flag, metric, the smiths, bad brains, the white stripes, michael jackson, the mars volta, radiohead, aesop rock, gang starr, misfits, against me!, de la soul, rise against, modest mouse, my chemical romance, otis redding, as i lay dying
as i lay dying, killswitch engage, strapping young lad, radiohead, sigur rós, a perfect circle, the doors, meshuggah, kyuss
cradle of filth, moonspell, guns n roses, the dresden dolls, the rasmus, bloodhound gang, nightwish, carcass, metallica, evanescence, die ?rzte, amorphis, the prodigy, therion, death
clueso, jamie cullum, radiohead, phoenix, jack johnson, amy winehouse, aerosmith, bob marley, the kooks, norah jones, jamiroquai, u2, robbie williams, guns n roses, joss stone, red hot chili peppers, gentleman, feist, the cure, alanis morissette, erykah badu
kamelot, cascada, akon, marilyn manson, era, [unknown], eminem, hilary duff, katy perry, tenacious d
jack johnson, sublime, goldfinger, reel big fish, richard cheese, alkaline trio, morcheeba, cake, red hot chili peppers, ska-p, the white stripes
sepultura, testament, stone temple pilots, stevie wonder, dropkick murphys, johnny cash, bob marley, nickelback, machine head, prince, all that remains, def leppard, lynyrd skynyrd
belle and sebastian, u2, wilco, pixies, grateful dead, radiohead, the shins, tosca, the beatles, r.e.m., thievery corporation, johann sebastian bach, morcheeba, zero 7, sufjan stevens, spoon, brian eno, beck, stereolab, stars, coldplay, neko case, andrew bird, led zeppelin, the cinematic orchestra, miles davis, the pogues, the beach boys, nick drake, the flaming lips, jeff buckley, daft punk, arcade fire, the smiths
alice in chains, disturbed, machine head, seether, rage against the machine, fear factory, soilwork, slipknot, devildriver, kyuss, stone sour, refused, killswitch engage, metallica, lacuna coil, in flames, the crystal method, 36 crazyfists, rob zombie, nirvana, lamb of god, dethklok, lynyrd skynyrd, deftones, audioslave, three days grace, tool, creed, foo fighters, nickelback, mudvayne
édith piaf, britney spears, chet baker, common, hot chip, simon & garfunkel, corinne bailey rae, kanye west, vampire weekend, talking heads, lupe fiasco, t.i., air, fleet foxes, justin timberlake, mary j. blige, the magnetic fields, mika
minus the bear, the presets, r?yksopp, circa survive, arctic monkeys, télépopmusik, spoon, tokyo police club, sneaker pimps, pendulum, bloc party, peter bjorn and john, dredg, foals, grizzly bear, modest mouse, bat for lashes, digitalism, coldplay, the fall of troy, alexisonfire, underworld, the crystal method, air, the knife, thrice, daft punk, the strokes, band of horses, emery, klaxons, simian mobile disco
modest mouse, neutral milk hotel, daft punk, red hot chili peppers, weezer, barenaked ladies, tv on the radio, 50 cent, the white stripes, built to spill, rage against the machine, the distillers, biffy clyro, the shins, buckethead, the mountain goats, band of horses, common, ac/dc, animal collective, linkin park, ben folds, against me!, the smashing pumpkins
sufjan stevens, andrew bird, arcade fire, wilco, tom waits, nick cave and the bad seeds, radiohead, beck, bj?rk, the decemberists, neko case, bonnie prince billy, bob dylan, u2, gorillaz, deerhoof, boards of canada, the flaming lips, bright eyes, the magnetic fields, iron & wine, feist, sigur rós, clap your hands say yeah, gnarls barkley, r.e.m., blur, bloc party, eels, stars
tool, the strokes, babyshambles, the white stripes, arctic monkeys, incubus, foo fighters, pearl jam, the chemical brothers, the clash, muse, pink floyd, the libertines, nine inch nails, queens of the stone age, primus, apocalyptica, bloc party, rage against the machine, the raconteurs, kyuss, bob marley & the wailers, the faint, mando diao, johnny cash, deichkind, shout out louds, amy winehouse, blur, jethro tull, einstürzende neubauten, red hot chili peppers, the decemberists, the kooks, dirty pretty things, jimi hendrix, nirvana
infected mushroom, travis, limp bizkit, coldplay, 30 seconds to mars, spice girls, barenaked ladies
kelly clarkson, matchbox twenty, r.e.m., goo goo dolls, rilo kiley, backstreet boys, plain white ts
melvins, mirah, rage against the machine, tortoise, ac/dc, cypress hill, a tribe called quest
emery, black rebel motorcycle club, a day to remember, britney spears, chevelle, vampire weekend, jimmy eat world, the beatles, adam green, panic! at the disco, nickelback, cobra starship
trivium, nas, all that remains, jedi mind tricks, parkway drive, notorious b.i.g., as i lay dying, 50 cent, children of bodom, cunninlynguists, pink floyd, jay-z, ludacris, immortal technique, killswitch engage, amon amarth, underoath, t.i., metallica, slipknot, all shall perish, bring me the horizon, sublime, saosin, bullet for my valentine, lil wayne
bob marley & the wailers, oasis, cypress hill, napalm death, t. rex, misfits, grateful dead
okkervil river, the black keys, the roots, animal collective, radiohead, iron & wine, the shins, the national, fleet foxes, wilco, cut copy
air, jamie cullum, 50 cent, usher, nas, nina simone, mary j. blige
they might be giants, the flaming lips, iggy pop, morrissey, franz ferdinand, r.e.m., talking heads, depeche mode, elliott smith, the smiths, underworld, james brown, primal scream, sonic youth, iron & wine, spoon
snow patrol, placebo, fall out boy, the kills, yellowcard, alanis morissette, britney spears, jimmy eat world, damien rice, lady gaga, black eyed peas, green day, linkin park, marilyn manson, nine inch nails, the distillers, depeche mode, the sounds, alkaline trio, katy perry, no doubt, lostprophets, the prodigy, blink-182, garbage, muse, daft punk, gwen stefani, m?tley crüe, the pussycat dolls, panic at the disco, sugababes, weezer, beyoncé
goldfrapp, fall out boy, timbaland, the pussycat dolls, alicia keys, gwen stefani, amy winehouse, janet jackson, lady gaga, natasha bedingfield, feist, rihanna, t.a.t.u., fergie, katy perry, maroon 5, david guetta, missy elliott, tori amos, yann tiersen, james blunt, lily allen, nelly furtado, carla bruni, kate nash, m.i.a., justin timberlake, spice girls, september, hilary duff, abba
yann tiersen, rjd2, my chemical romance, mae, thrice, moby, phoenix, john mayer, zero 7, the used, beck, snow patrol, daft punk, elliott smith, sigur rós, kanye west, alicia keys, belle and sebastian, coldplay, imogen heap, ben harper, jay-z, craig david, amy winehouse, franz ferdinand, emilíana torrini, minus the bear, girl talk
jurassic 5, the roots, rjd2, a tribe called quest, nightmares on wax, bloc party, [unknown], the fratellis, dj shadow, roots manuva, the white stripes, common, bob marley & the wailers, nas, gnarls barkley, oasis, kasabian, jimi hendrix, the last shadow puppets, immortal technique, vampire weekend, gorillaz, de la soul, jay-z, talib kweli, the stone roses, led zeppelin, massive attack, john legend, mark ronson, coldplay, amy winehouse, band of horses, radiohead
arcade fire, elliott smith, the decemberists, the dandy warhols, the beatles, arctic monkeys, final fantasy, metric, the new pornographers, architecture in helsinki, the smashing pumpkins, modest mouse, interpol, nirvana, tokyo police club, death from above 1979, wilco, franz ferdinand, the killers, clap your hands say yeah, iron & wine, of montreal, hot hot heat, explosions in the sky, mgmt
the birthday massacre, above & beyond, armin van buuren, high contrast, nightwish, ferry corsten, atb, katatonia, paul van dyk, scooter
the flaming lips, primus, sonic youth, pj harvey, iggy pop, nick drake, the mars volta, squarepusher, the smiths, sigur rós, fugazi, fiona apple, the dandy warhols, eels, faith no more, bonnie prince billy, the dillinger escape plan, joy division, queens of the stone age, ennio morricone, nine inch nails, johnny cash, orbital, radiohead, minor threat, the white stripes, alice in chains, herbie hancock, frank zappa, nirvana, beastie boys, bj?rk, pixies, melvins, john coltrane, aphex twin
all that remains, in flames, imogen heap, queens of the stone age, the haunted, thrice, mastodon, meshuggah, behemoth, 36 crazyfists, killswitch engage, bring me the horizon
taking back sunday, billy talent, my chemical romance, beatsteaks, incubus, relient k, green day, die ?rzte, simple plan, him, fall out boy, good charlotte, bullet for my valentine, nirvana, foo fighters, pink, 30 seconds to mars, blink-182, onerepublic, the fratellis, evanescence, max?mo park, the fray, 3 doors down, nickelback, the kooks
natasha bedingfield, radiohead, rammstein, coldplay, pet shop boys, the cranberries, bryan adams, massive attack, iggy pop, gnarls barkley, depeche mode, robbie williams, simon & garfunkel, marilyn manson, dirty pretty things
madonna, daft punk, hercules and love affair, various artists
ayreon, stratovarius, amon amarth, iron maiden, arch enemy, eluveitie, epica, avantasia, sonata arctica, moonspell, sabaton, sirenia, edguy, slayer, nightwish, korpiklaani, after forever, hammerfall
backstreet boys, bon jovi, panic at the disco
in flames, metallica, arctic monkeys, sonic youth, slayer, anthrax, the libertines, rise against, adam green, iron maiden, satyricon, beatsteaks, the kooks, darkthrone, foo fighters, sodom, deichkind, the white stripes, the raconteurs, queens of the stone age, the smiths, coldplay, the strokes, rammstein, amon amarth, volbeat, machine head, trivium, limp bizkit, tenacious d, disturbed, muse, nirvana
sonic youth, aphex twin, queens of the stone age, beck, of montreal, tom waits, interpol, red hot chili peppers, pixies, modest mouse, mindless self indulgence, neutral milk hotel, iron & wine, fugazi, nick cave and the bad seeds, death from above 1979, rancid, arctic monkeys, the clash, gorillaz, girl talk, nirvana, misfits, iggy pop, radiohead, john frusciante, peaches, the flaming lips, bad brains, ramones, muse, the pogues
jason mraz, n*e*r*d, bob marley & the wailers, joss stone, john legend, gnarls barkley, santogold, ben harper
autechre, the prodigy, apparat, faithless, aphex twin
ani difranco, bob dylan, feist, john mayer, bright eyes, the white stripes, fiona apple, kate nash, amy winehouse, dave matthews band, the beatles, cat power, dashboard confessional, sarah mclachlan, joni mitchell, tracy chapman, u2, regina spektor, coldplay, sara bareilles, lykke li, death cab for cutie, the kinks, kt tunstall, alanis morissette, keane, neko case, arctic monkeys, outkast
franz ferdinand, fischerspooner, talking heads, kraftwerk, johnny cash, nine inch nails, beck, battles, sonic youth, depeche mode, goldfrapp, lcd soundsystem, ladytron, roots manuva, brian eno, the stone roses, duran duran, animal collective, four tet, kasabian
the dillinger escape plan, gojira, primus, in flames, metallica, dethklok
metallica, trivium, ozzy osbourne, iron maiden, bullet for my valentine, avenged sevenfold, angra, sonata arctica, ac/dc, judas priest, helloween, rainbow, thin lizzy, black sabbath, u2, arch enemy
kelly clarkson, black sabbath, backstreet boys, m?tley crüe, scorpions
bob dylan, foo fighters, led zeppelin, opeth, soundgarden, in flames, neil young, primus, rush, coldplay, eric clapton, the beatles, pink floyd, queens of the stone age, dire straits, buckethead, radiohead, meshuggah, eluveitie, pearl jam, beck, tool, creedence clearwater revival, ben harper, bruce springsteen, a perfect circle, audioslave, children of bodom, joe satriani, the byrds, bob marley & the wailers, the jimi hendrix experience, the who, tom petty and the heartbreakers, incubus, porcupine tree
system of a down, damien rice, radiohead, autechre, danny elfman, the doors
sepultura, cypress hill, matisyahu, eric clapton, morphine, finntroll, massive attack, amorphis, deftones, type o negative, koЯn, slipknot, the gathering, soulfly, jethro tull, ska-p, children of bodom, in flames, machine head, paradise lost, dark tranquillity, hypocrisy, opeth, sublime
phil collins, frank zappa, death cab for cutie, gorillaz, kraftwerk, grateful dead, aphex twin, pink floyd, nirvana, john lennon, queen, billy joel
girl talk, lupe fiasco, modest mouse, blink-182, kanye west, death cab for cutie, jack johnson, common, outkast, nas, the postal service, t.i., coheed and cambria, system of a down, rise against, saosin, dashboard confessional, bloc party, mos def, the academy is..., brand new, underoath, ludacris, the fall of troy, nirvana, minus the bear, the doors, pink floyd, cake, gorillaz, goldfinger, motion city soundtrack, nada surf, radiohead, the roots, immortal technique
radiohead, gorillaz, pixies, air, manu chao, explosions in the sky, bj?rk, the beatles, red hot chili peppers, moby, fatboy slim, rage against the machine, the hives, queen, daft punk, jimi hendrix, led zeppelin, the smashing pumpkins, asian dub foundation, portishead, deftones
simple plan, escape the fate, enter shikari, senses fail, linkin park, eels
bat for lashes, andrew bird, david bowie, santogold, bonobo, neil young, nirvana
linkin park, sublime, nofx, marilyn manson, foo fighters, me first and the gimme gimmes, dope, katy perry, nada surf, radiohead, theatre of tragedy, apocalyptica, franz ferdinand
death cab for cutie, linkin park, nirvana, bloodhound gang, lagwagon, billy talent, guano apes, hoobastank, koЯn, adema, system of a down, green day, jimmy eat world, story of the year, good charlotte, bob marley, mudvayne, die ?rzte, pendulum, opeth, daft punk, r.e.m., 3 doors down, rise against, blackfield, die toten hosen, elliott smith, him, rihanna, placebo, bright eyes
the beatles, stereophonics, jack johnson, beatsteaks, die ?rzte, alicia keys, ben harper, bob marley, ac/dc, lenny kravitz, bob dylan, jimi hendrix, john legend, ray charles, die toten hosen, the beach boys, norah jones, paolo nutini, the kooks, 3 doors down, aretha franklin, muse, red hot chili peppers, foo fighters, oasis, dashboard confessional, jamie cullum, pearl jam, amy winehouse, coldplay, farin urlaub, blink-182, [unknown], arctic monkeys, adam green, panic at the disco, johnny cash
linkin park, foo fighters, good charlotte, def leppard, tenacious d, iron maiden, my chemical romance, koЯn, lostprophets, p.o.d., in flames, gorillaz, the rasmus, onerepublic, symphony x, ozzy osbourne, helloween, metallica, nightwish, dope, serj tankian, daft punk, bloodhound gang, lamb of god, genesis, iced earth, alice in chains, judas priest, blink-182, sum 41, drowning pool
children of bodom, all that remains, p.o.d., as i lay dying, escape the fate, cobra starship, linkin park, from autumn to ashes, saosin, killswitch engage, bring me the horizon, story of the year, alesana, trivium, bullet for my valentine, in flames, lupe fiasco, senses fail, anberlin, dir en grey, atreyu, 30 seconds to mars
nine inch nails, boards of canada, amon tobin, eels, the chemical brothers, the cinematic orchestra, queens of the stone age, nas, nofx, gorillaz, the offspring, the crystal method, bonobo, system of a down, thievery corporation, elliott smith, alkaline trio, the hellacopters, fatboy slim, dj shadow, moby, beastie boys, goldfinger, kmfdm, static-x, a perfect circle, ok go, hans zimmer, finntroll, the prodigy, johnny cash, rage against the machine, bob marley & the wailers, the hives
[miles davis]
yo la tengo, blonde redhead, pinback, deftones, deerhoof, lupe fiasco, nofx, m83, broken social scene, amon tobin, ignite, the mars volta, the album leaf, jack johnson, the get up kids, bat for lashes, camera obscura, digitalism, boards of canada, streetlight manifesto, circa survive, queen, sublime, hot chip, the notwist, coheed and cambria
slipknot, nirvana, stone sour, the beatles, in flames, soulfly, marilyn manson, bad religion
tool, a perfect circle, placebo, incubus, gorillaz, muse, nirvana, explosions in the sky, system of a down, radiohead, the dresden dolls, neutral milk hotel, nine inch nails, boards of canada, the beatles, marilyn manson, imogen heap, the smashing pumpkins, spoon, katatonia, interpol, dido, eminem, pink floyd, modest mouse, the flaming lips, bright eyes, tenacious d, rammstein, sia, emilie simon, mudvayne, bj?rk, linkin park, deerhoof, dethklok, the white stripes, the mars volta
crystal castles, afi, depeche mode, metric, underoath, the faint, broken social scene, anti-flag, mgmt, lacuna coil, the blood brothers, clap your hands say yeah, from autumn to ashes, my bloody valentine, marilyn manson, cocorosie
aerosmith, red hot chili peppers, rage against the machine, audioslave, deep purple, coldplay, nickelback, metallica, the strokes, michael jackson, avenged sevenfold, disturbed, led zeppelin, mot?rhead, amy winehouse, franz ferdinand, black sabbath, iron maiden, [unknown], angra, bj?rk
a day to remember, placebo, rise against, nightwish, beirut, red hot chili peppers, muse, him, within temptation, shiny toy guns, mindless self indulgence, modest mouse, the beatles, infected mushroom, linkin park, nine inch nails, pink floyd, arctic monkeys, dream theater, symphony x, lacuna coil, opeth, the doors, system of a down, afi, radiohead, flyleaf, the who, nirvana, heaven shall burn, the killers, coldplay, ayreon, helloween, daft punk, led zeppelin
goldfrapp, hot chip, miles davis, johnny cash, nouvelle vague, the last shadow puppets, amy winehouse, amon tobin, shpongle, orbital, jazzanova, nina simone, gorillaz
nick drake, fleet foxes, josé gonzález, belle and sebastian, neutral milk hotel, sufjan stevens, air, black rebel motorcycle club, hercules and love affair, max richter
blondie, marvin gaye, mf doom, the roots, madlib, as i lay dying, dir en grey, n*e*r*d, jay-z, fall out boy, atmosphere, madvillain, black eyed peas
the last shadow puppets, muse, nouvelle vague, placebo, thievery corporation, bonobo, linkin park, coldplay, mgmt, hard-fi, massive attack, portishead, radiohead, death cab for cutie, cat power, air, sia, 30 seconds to mars, boards of canada, onerepublic, the kooks, r?yksopp, unkle, nightmares on wax, goldfrapp, tricky, amon tobin, lamb, the bravery, feist, groove armada, télépopmusik, the killers, my chemical romance, snow patrol, de-phazz, the cinematic orchestra, dj shadow, mogwai, bloc party, modest mouse, a fine frenzy
sonata arctica, loreena mckennitt, hans zimmer, sabaton, groove coverage, evanescence, eluveitie, vangelis, tarja turunen, rammstein, soundtrack, sirenia, bee gees, tristania, howard shore, apocalyptica, britney spears, the cranberries, bon jovi
flogging molly, hans zimmer, red hot chili peppers, dropkick murphys, linkin park, sonata arctica, aerosmith, coldplay, explosions in the sky, placebo, enya, amy macdonald, ac/dc, muse, james blunt, snow patrol, apocalyptica, moby, the offspring, dire straits, system of a down, dave matthews band, billy joel, toto, guns n roses, fall out boy, howard shore, green day, manu chao
the prodigy, a perfect circle, the crystal method, bloc party, 30 seconds to mars, the chemical brothers, myslovitz, p.o.d., happysad, limp bizkit, massive attack, guano apes, placebo, sneaker pimps, anathema, fatboy slim, iamx, david guetta, paul oakenfold, faithless, red hot chili peppers, rammstein, deftones, tool, air, bonobo, simian mobile disco, muse, chicane, koЯn, unkle, linkin park, him, mika, the rasmus, akurat, radiohead
the shins, the national, kent, bloc party, the mountain goats, elliott smith, band of horses, arcade fire, sigur rós, morrissey, interpol, m83, against me!, beirut, modest mouse, mando diao, arctic monkeys, 65daysofstatic, the radio dept.
led zeppelin, black sabbath, sex pistols, stone temple pilots, jennifer lopez, jefferson airplane, the who, no doubt, ramones, melvins, iggy pop, hey, ac/dc, the rolling stones, type o negative, a-ha, akurat, linkin park, slipknot, bob marley & the wailers
kreator, sodom, death, judas priest, anthrax, napalm death, ramones, misfits, carcass, darkthrone, hypocrisy, megadeth, testament
coldplay, red hot chili peppers, the kooks, john frusciante, damien rice, bryan adams, jack johnson, scorpions, incubus, r.e.m., radiohead, tegan and sara, depeche mode
marilyn manson, rammstein, judas priest, the sounds, lordi, hammerfall, madonna, nirvana, iron maiden, pet shop boys, system of a down, kraftwerk, children of bodom, mot?rhead, bon jovi, sabaton, in flames, dio, black sabbath, ac/dc, guns n roses, benny benassi, the offspring, groove coverage, metallica, the prodigy, fatboy slim, tom petty and the heartbreakers, apoptygma berzerk, nightwish, the cardigans, kiss, pink floyd
soilwork, iron maiden, arch enemy, fear factory, samael, at the gates, sonic syndicate, scar symmetry, sepultura, sentenced, nightwish, amon amarth, rage against the machine, finntroll, gorillaz, eluveitie, system of a down, ensiferum, katatonia, arctic monkeys, metallica, apocalyptica, children of bodom, paradise lost, iced earth, judas priest, garbage, killswitch engage, dimmu borgir, norther, seeed, trivium, machine head, fatboy slim, soulfly
manu chao, apocalyptica, the 69 eyes, basshunter, avenged sevenfold, ti?sto, kent, muse, enrique iglesias, linkin park, infected mushroom, apoptygma berzerk, the rasmus, him, r?yksopp, evanescence, the all-american rejects, hans zimmer
jethro tull, pink floyd, iron maiden, ulver, tom waits, king crimson, david bowie, dream theater, ac/dc, anathema, after forever, katatonia
tom waits, bob dylan, philip glass, aphex twin, max richter, mogwai, battles, autechre, dj krush, andrew bird, 65daysofstatic, venetian snares, nick drake, captain beefheart & his magic band, manu chao, boards of canada, mono, gotan project, neko case, joanna newsom, kimya dawson, jeff buckley, the jesus and mary chain, portishead, sigur rós, explosions in the sky, radiohead, devendra banhart, godspeed you! black emperor
the game, nas, o.s.t.r.
beirut, john frusciante, red hot chili peppers, system of a down, staind, damien rice, incubus, coldplay, pid?ama porno, kult, r.e.m., a perfect circle, nirvana
bright eyes, god is an astronaut, infected mushroom, nada surf, kt tunstall, elton john, lcd soundsystem, tori amos, death cab for cutie, philip glass
seal, depeche mode, goldfrapp, rammstein, me first and the gimme gimmes, armin van buuren, ti?sto, fort minor, billy joel, zero 7, good charlotte, coldplay, madonna, the crystal method, bryan adams, kanye west
kate bush, air, ani difranco, the beatles, tegan and sara, joanna newsom, joni mitchell, billy joel, boards of canada, no doubt, fiona apple, aimee mann, metric, beastie boys, sufjan stevens, cat stevens, nick drake, the beach boys, fleetwood mac, eels, justice, eagles, sarah mclachlan, tori amos, belle and sebastian, carla bruni, elvis presley, beck, the cranberries, the dresden dolls
grateful dead, minus the bear, parkway drive, god is an astronaut, drowning pool, agalloch, sufjan stevens, chamillionaire, the mars volta, rise against, coheed and cambria, sublime, avenged sevenfold, all that remains
melvins, converge, thursday, sonic youth, mastodon, mono, pixies
depeche mode, the smashing pumpkins, stone temple pilots, danny elfman, rammstein, deftones
t.i., atb, notorious b.i.g., jay-z, kanye west, coldplay, blank & jones, akon, common, james blunt, nelly, the game, ludacris, busta rhymes, ice cube, linkin park, armin van buuren, ti?sto, moby, justin timberlake, snoop dogg, beyoncé, ferry corsten, ghostface, lil wayne
steely dan, deep purple
sufjan stevens, r?yksopp, clint mansell, mono, trentem?ller, bright eyes, the knife, anna ternheim, beirut, feist
animal collective, modest mouse, devendra banhart, yeah yeah yeahs, the magnetic fields, beck, arcade fire, le tigre, tv on the radio, the faint, the ting tings, bright eyes, architecture in helsinki, the white stripes, joy division, lcd soundsystem, mgmt, ratatat, gnarls barkley, ramones, m.i.a., spoon, cat stevens, the cure, kanye west, the blood brothers, crystal castles
apparat, the beatles, booka shade, spoon
the go! team, neko case, guided by voices, the ting tings, pavement, the national, santogold, the shins, bloc party, the clash, death cab for cutie, fugazi, my morning jacket, pixies, neutral milk hotel, wilco, yo la tengo, arcade fire, new order, m. ward, tv on the radio, sonic youth, spoon, blonde redhead, the postal service, yeah yeah yeahs, interpol, dinosaur jr., the magnetic fields, tortoise, franz ferdinand
neil young, guided by voices, antony and the johnsons, sonic youth, the beatles, adam green, wilco, pavement, beck, melvins, david bowie, bright eyes, tom waits, bob dylan, sufjan stevens, the cure, the white stripes, the smiths, cocorosie, grizzly bear, bonnie prince billy, babyshambles, the rolling stones, andrew bird, blur, arcade fire, final fantasy, elliott smith, devendra banhart, mot?rhead, the raconteurs, joanna newsom, rufus wainwright, modest mouse, the velvet underground
ozzy osbourne, testament, lamb of god, sentenced, the 69 eyes, all that remains, killswitch engage, oomph!, pantera, scar symmetry, system of a down, within temptation, chimaira, devildriver, 311, dio, as i lay dying, black label society, machine head, p.o.d., the birthday massacre, the hellacopters, moonspell, red hot chili peppers, clint mansell, reel big fish, koЯn, metallica
skid row, m?tley crüe, helloween, ac/dc, the rasmus, def leppard, bon jovi, aerosmith
faith no more, morphine, no doubt, nine inch nails, dave matthews band, buckethead, jamiroquai, rush, sting, orbital
marilyn manson, emilie simon, no doubt, david bowie, tegan and sara, the cure, placebo, shout out louds, muse, depeche mode, the doors, amy winehouse, she wants revenge, nine inch nails, siouxsie and the banshees, gorillaz, t. rex, blur, sex pistols, lenny kravitz, supertramp, stars, nirvana, the distillers, mindless self indulgence, gwen stefani, buzzcocks, goldfrapp, duffy, le tigre
dimmu borgir, dark tranquillity, norther, children of bodom, lacuna coil, darkthrone, evanescence, burzum, bathory, my dying bride, after forever, paradise lost, nightwish, tarja turunen, immortal, slayer
ayreon, tarja turunen, nightwish, sonata arctica, after forever, epica, hooverphonic, lacuna coil, the corrs, therion, tristania, porcupine tree, sirenia, ulver, theatre of tragedy, rhapsody of fire, kamelot, howard shore, opeth
phoenix, thievery corporation, gorillaz, metric, r?yksopp, the flashbulb, radiohead, shakira, santogold, broken social scene, atb, al green, stereolab, the strokes, m83, ti?sto, the killers, cut copy, coldplay, death cab for cutie, madonna, daft punk, ferry corsten, jason mraz, manu chao, dave matthews band, air, taking back sunday, justice, mf doom, the chemical brothers, lily allen, mgmt, the smashing pumpkins, frou frou, télépopmusik, the beatles, jack johnson, the shins, above & beyond, john mayer, cansei de ser sexy, incubus, bob marley, moby, sarah mclachlan, armin van buuren, kanye west
dream theater, buckethead, pink floyd, toto, megadeth, kiss, lamb of god, andrew lloyd webber, bon jovi, bullet for my valentine
[vnv nation]
nirvana, tom waits, yeah yeah yeahs, cat power, pj harvey, the killers, metallica, the cure, eels, katie melua, ozzy osbourne, evanescence, amy winehouse, foo fighters, nick drake, avril lavigne, a perfect circle, system of a down, joanna newsom, lacuna coil, green day, the white stripes, rage against the machine
nas, beastie boys, girl talk, notorious b.i.g., 2pac, jimi hendrix, j dilla, rjd2, dj shadow, the chemical brothers, ghostface, dmx, mos def
queens of the stone age, isis, a perfect circle, nine inch nails, opeth, mogwai, kyuss, pj harvey, machine head, katatonia, common, bob marley, led zeppelin, iron maiden, melvins, bj?rk, faith no more, erykah badu, gojira, serge gainsbourg, radiohead, portishead, alice in chains
beck, elliott smith, weezer, bob marley, the smashing pumpkins, coldplay, ben harper, feist, the kooks, franz ferdinand, badly drawn boy, emilíana torrini, sufjan stevens, the cure, damian marley, caetano veloso, belle and sebastian, ramones, the strokes, the beatles, thin lizzy, radiohead, blur, kimya dawson, chico buarque, jamiroquai, gotan project, cake, deus
3 doors down, paramore, avril lavigne, adema, cansei de ser sexy, matchbox twenty, the killers, red hot chili peppers, limp bizkit, garbage, papa roach, the ting tings, simple plan, kaiser chiefs, my chemical romance, pink, nickelback
elvis presley, katie melua, klaxons, mgmt, nirvana, the beatles, blondie, tegan and sara, kylie minogue, norah jones, the kills, the kooks, the rolling stones, john lennon, john coltrane, david bowie, louis armstrong, the doors, damien rice, simian mobile disco, of montreal, peaches, peter bjorn and john, the postal service, the rapture, the verve, deftones, james brown, blur, interpol, soundtrack, cansei de ser sexy, frank sinatra, the vines, the jesus and mary chain, the shins, lifehouse
amon tobin, nightmares on wax
the white stripes, johnny cash, kings of leon, pixies, ac/dc, the knife, bj?rk, m.i.a., queens of the stone age, faith no more, david bowie, neutral milk hotel, prince, metallica, led zeppelin, the smiths, gogol bordello, iron maiden, ramones, gorillaz, marilyn manson, amy winehouse, the specials, jethro tull, scissor sisters, slayer, nirvana, anthrax, the smashing pumpkins, lcd soundsystem, blur, the prodigy, squarepusher
placebo, babyshambles, arctic monkeys, the cure, interpol, oasis, marilyn manson, nirvana, deftones, apocalyptica, kasabian, nine inch nails, franz ferdinand, muse, iron & wine, stereophonics, radiohead, emilie autumn, papa roach, paramore, rob zombie, kings of leon, linkin park, coldplay, the verve, red hot chili peppers, the beatles
queens of the stone age, oasis, bob dylan, kyuss, aphex twin, the white stripes, the jesus and mary chain, depeche mode, the doors, animal collective, pj harvey, the beatles, nirvana, my bloody valentine, ladytron, the dandy warhols, eagles of death metal, black flag, le tigre, mindless self indulgence
the radio dept., queen, arctic monkeys, abba, mika, gwen stefani, the cranberries, enrique iglesias, jeff buckley, coldplay, manu chao, nirvana, avril lavigne, kaiser chiefs, marilyn manson, ac/dc
queen, pink, pink floyd, pixies, the beach boys, u2, dream theater, eels, modest mouse
flyleaf, the ataris, anti-flag, billy talent, rise against, cute is what we aim for, alexisonfire, linkin park, paramore, enter shikari, 44, the fall of troy, nickelback, anberlin, disturbed, all time low, senses fail
[miley cyrus]
metallica, enigma, linkin park, aerosmith, marilyn manson, megadeth, dire straits, elvis presley, bon jovi, moby, diana krall, iron maiden
simple plan, kate nash, the kooks, linkin park
enigma, dj shadow, mr. scruff, nightmares on wax, otis redding, the chemical brothers, tosca, damien rice
thom yorke, the chemical brothers, nightwish, ladytron, justice, the ting tings, feist, the beatles, onerepublic, kate nash, sarah mclachlan, the corrs, the knife, katy perry, the prodigy, kt tunstall, a fine frenzy, amy winehouse, r?yksopp, daft punk, kings of leon, dido, she wants revenge, animal collective, regina spektor, tegan and sara, emilie simon, the fray
bad brains, creedence clearwater revival, daft punk, gorillaz, bob marley, talking heads, misfits, cocorosie, pixies, beck, ratatat, the knife, devo, boys noize, jefferson airplane, the velvet underground, simian mobile disco, beastie boys, cream
deftones, the cardigans, the beatles, mindless self indulgence, emilie simon, the smashing pumpkins, mono, band of horses, blonde redhead, from autumn to ashes, no doubt, metric, cake, goldfrapp, peaches
bring me the horizon, parkway drive, tenacious d, comeback kid, rise against, ac/dc
céline dion, roxette, mariah carey, enya, elton john, christina aguilera, queen, abba, katie melua, supertramp, eagles, deep purple, eric clapton, andrew lloyd webber, cat stevens, guns n roses, kelly clarkson, madonna, metallica, electric light orchestra, leona lewis, simon & garfunkel, phil collins, dream theater
radiohead, the strokes, lykke li, the ting tings, biffy clyro, sigur rós, klaxons, muse, interpol, paramore, santogold, lily allen, coldplay, editors, the postal service, tegan and sara, thom yorke, justice, john williams, bloc party, the shins, clap your hands say yeah, marilyn manson, digitalism, kate nash, le tigre
nickelback, joe satriani, van morrison, deep purple, eric clapton, katie melua, eagles, led zeppelin, godsmack, aerosmith, pearl jam, metallica, thin lizzy
michael bublé, bloc party, bat for lashes, nine inch nails, pid?ama porno, r.e.m., razorlight, limp bizkit, [unknown], jurassic 5, incubus, the subways, arctic monkeys, alice in chains
marilyn manson, apoptygma berzerk, the prodigy, iamx, the beatles, afi, the cure, nine inch nails, dope, a perfect circle, emilie autumn, nirvana
misfits, nick cave and the bad seeds
madonna, the sounds, lady gaga, blink-182, frank sinatra, beyoncé, volbeat, shakira, cascada, various artists, in flames, koЯn, black eyed peas, rihanna, elvis presley, disturbed, britney spears, nightwish, lily allen, the veronicas, basement jaxx, sugababes
queen, radiohead, moby, the beatles, nofx, nine inch nails, ludwig van beethoven, vangelis, jack johnson, tori amos, the smashing pumpkins, kings of convenience, frédéric chopin, enya, queens of the stone age, simon & garfunkel, jamiroquai, kaiser chiefs, supertramp, garbage, tracy chapman, belle and sebastian, coldplay, linkin park, oasis, rise against, rage against the machine, foo fighters, franz ferdinand, green day
atreyu, simple plan, 3 doors down, the killers, paramore, silverstein, fall out boy, the offspring, sugarcult, the last shadow puppets, green day, linkin park, metallica, blink-182, sum 41, die toten hosen, rise against, good charlotte, metro station, kings of leon, red.jumpsuit.apparatus, papa roach, story of the year, avril lavigne, coldplay, from autumn to ashes, three days grace, mando diao, trivium, flyleaf, deichkind, guns n roses, koЯn, underoath, kanye west, 44, onerepublic, enter shikari, stone sour
tom waits, animal collective, the books, the kinks, beck, radiohead, m. ward, modest mouse, andrew bird, jens lekman, spoon, the magnetic fields, bob dylan
the cure, death from above 1979, the white stripes, apparat, frédéric chopin, the cribs, radiohead, the stone roses, kraftwerk, air, elliott smith, buzzcocks, einstürzende neubauten, dinosaur jr., the smiths, the beatles, nouvelle vague, daft punk, digitalism, massive attack, kings of convenience, franz ferdinand, klaxons, black rebel motorcycle club, herbie hancock
the prodigy, rammstein, nine inch nails, placebo, portishead, static-x, john williams, queens of the stone age, rob zombie, bloodhound gang, iggy pop, deftones, red hot chili peppers, koЯn, the chemical brothers, the smashing pumpkins, rage against the machine, kings of leon, black sabbath, the knife, slipknot, franz ferdinand, kmfdm, massive attack
green day, simple plan
sufjan stevens, elliott smith, bob dylan, radiohead, ryan adams, badly drawn boy, sigur rós, stone temple pilots, sonic youth, nada surf, the smashing pumpkins, the postal service, foo fighters, david bowie, the decemberists, belle and sebastian, nick drake, godspeed you! black emperor, thom yorke, flying lotus, josé gonzález, deerhunter
kanye west, incubus, mgmt, mando diao, arctic monkeys, bloc party, nirvana, the game, the last shadow puppets, hot hot heat, the kooks, justice, coldplay, klaxons, the offspring, the beatles, nada surf, n*e*r*d, rihanna, the roots, razorlight, the killers, muse, dirty pretty things, red hot chili peppers, tokyo police club, jay-z, justin timberlake, craig david, billy talent, babyshambles, damien rice, digitalism, fall out boy
portishead, rammstein, massive attack, faithless, morphine, anathema, him, the cinematic orchestra, siouxsie and the banshees, the prodigy, apoptygma berzerk, parov stelar, tom waits, depeche mode, the knife, tricky, kraftwerk, boards of canada, joy division, max richter, bonobo, amon tobin, burial, the chemical brothers, gotan project
rage against the machine, muse, four tet, tool, queens of the stone age, metallica, boards of canada, sigur rós, massive attack, jimi hendrix, koЯn, orbital, gorillaz, god is an astronaut, ladytron, marilyn manson, king crimson, incubus, system of a down, the doors, serj tankian, portishead, arctic monkeys, van halen, plaid, goldfrapp, aphex twin, black sabbath, rammstein
madlib, bonobo, burial, josé gonzález, rjd2, flying lotus, arctic monkeys, four tet, nightmares on wax, thievery corporation, the national, boards of canada, architecture in helsinki, jamiroquai, ratatat, gnarls barkley, jack johnson, róisín murphy, jazzanova, the roots, belle and sebastian, mgmt, santogold, madvillain, beck, gorillaz
zero 7, norah jones, bob marley & the wailers, sigur rós, air, kings of convenience, shpongle, moloko, trentem?ller, amy winehouse, lily allen, daft punk, buena vista social club, coldplay, goldfrapp, tricky, basement jaxx, ti?sto, télépopmusik, fatboy slim, mogwai, the knife, de-phazz, st. germain, bloc party, duffy, infected mushroom, poets of the fall, bonobo, groove armada, david guetta, sia, radiohead, bob marley, jazzanova, the chemical brothers, the gathering
j dilla, the killers, roots manuva, the roots, erykah badu, ghostface, mos def
mudvayne, stone sour, disturbed, static-x, deftones, nine inch nails, kmfdm, marilyn manson, rammstein, billy talent, koЯn, ministry, staind
ac/dc, the offspring, volbeat, iron maiden, ramones, elvis presley, guns n roses, alkaline trio, dropkick murphys, green day, dragonforce, van halen, simple plan, tenacious d, bad religion, rancid, scorpions
lady gaga, rihanna
asian dub foundation, the chemical brothers, fatboy slim, cypress hill, queen, akurat
farin urlaub, die ?rzte, the killers, the hives, billy joel, mika, nightwish, die toten hosen, red hot chili peppers, simple plan, three days grace, muse, bryan adams, emilie autumn, michael bublé, green day, nickelback, bowling for soup, barenaked ladies, death cab for cutie
sum 41, green day, mando diao, avril lavigne, the strokes, the kooks, linkin park, no doubt, paramore, myslovitz, blink-182, coma, enrique iglesias, good charlotte, nirvana, 3 doors down, gwen stefani, britney spears, the offspring, the pussycat dolls, pid?ama porno, hey, manu chao, evanescence, lady gaga, fort minor, system of a down, happysad, dirty pretty things, red hot chili peppers, vampire weekend, 30 seconds to mars, koЯn, katy perry, the ataris, razorlight
arctic monkeys, nouvelle vague, the cinematic orchestra, amon tobin, eminem, asian dub foundation, the herbaliser, bonobo, sean paul, dj krush, franz ferdinand, gnarls barkley, m83, pj harvey, thievery corporation, beirut, the chemical brothers, r?yksopp, sigur rós, badly drawn boy, mr. scruff, basement jaxx, tosca, boards of canada, jazzanova, goldfrapp
the kooks, city and colour, jay-z, incubus, nas, bob dylan, red hot chili peppers, the raconteurs, jeff buckley, kings of leon, the rolling stones, cunninlynguists, kanye west, the beatles, de la soul, common, the white stripes, rihanna, van morrison, nirvana, billy joel, david bowie, live, the verve, green day, pink floyd, norah jones, foo fighters, the doors, oasis, lil wayne, mariah carey, outkast, u2, talib kweli, matchbox twenty, jamiroquai, frank sinatra, silverchair
disturbed, rise against, metallica, linkin park, blind guardian, def leppard, megadeth, the sisters of mercy, depeche mode, papa roach
m.i.a., led zeppelin, radiohead, sufjan stevens, muse, spoon, jack johnson, the strokes, aesop rock, arctic monkeys, elliott smith, johnny cash, devendra banhart, belle and sebastian, matisyahu, atmosphere, system of a down, sage francis, babyshambles, flight of the conchords, santogold, bon iver, mirah, beirut, the killers, shakira, notorious b.i.g., death cab for cutie, jeff buckley
zero 7, norah jones, aimee mann, basement jaxx, joni mitchell, the doors, wolfgang amadeus mozart, orbital, the cardigans, madonna
timbaland, ashlee simpson, katy perry, david guetta, justin timberlake, jennifer lopez, amy winehouse, kylie minogue, leona lewis, craig david, chris brown, janet jackson, avril lavigne, the pussycat dolls, flo rida
pink floyd, kamelot, haggard, modest mouse, my dying bride, therion, ensiferum, streetlight manifesto, turisas, avenged sevenfold, neutral milk hotel, katatonia, sage francis, afi, bathory, dimmu borgir, moonspell, equilibrium, the beatles, kanye west, agalloch, nick drake, pendulum, arcade fire, johnny cash, dethklok, akon, opeth, tokyo police club, anathema, ayreon, mindless self indulgence
tom waits, nine inch nails, pixies, m. ward, joy division, kings of leon, the fall, the white stripes, editors, the dandy warhols, dinosaur jr., siouxsie and the banshees, radiohead, god is an astronaut, simon & garfunkel, rancid, the killers
paramore, t.a.t.u., avril lavigne, flyleaf, good charlotte, afi, sum 41, emery, the rasmus, linkin park, simple plan, the killers, bon jovi, nightwish, 3 doors down, skillet, muse, evanescence, ill ni?o, the veronicas, fall out boy, garbage, keane, panic! at the disco, kylie minogue, pain, shakira, papa roach, breaking benjamin
dj krush, feist, dj shadow, mf doom, the knife, pixies, the shins, radiohead, madvillain, johnny cash, tom waits, the dandy warhols, junior boys, cunninlynguists, iggy pop, the streets, the prodigy, portishead, cut copy, eagles of death metal, the kills, she wants revenge, roots manuva, m.i.a., the smiths, le tigre
the killers, jonas brothers, cobra starship, soundtrack, mika, the fratellis, beirut, michael jackson, john mayer
ministry, david bowie, kate bush, the sisters of mercy, placebo, pj harvey, system of a down, marilyn manson, neko case, the doors, moby
bob marley, damian marley, gentleman
the beatles, kings of leon, radiohead, boards of canada, moby, guns n roses, the flaming lips, madonna, my morning jacket, fleet foxes, daft punk, antony and the johnsons, gorillaz, garbage, coldplay, the doors, deftones, emilie simon, clap your hands say yeah, r.e.m., shakira, the cure, michael jackson, blonde redhead, robbie williams, architecture in helsinki, the rolling stones, dido, arctic monkeys, depeche mode, the verve, aerosmith, cansei de ser sexy, john lennon, beck
antony and the johnsons, beirut, ben folds, ramones, belle and sebastian, neutral milk hotel, editors, the new pornographers, mgmt
johnny cash, electric six, the beatles, cream, black sabbath, elvis presley, michael jackson, led zeppelin
spoon, bob dylan, ryan adams, sigur rós, radiohead, beirut, death cab for cutie, common, gnarls barkley, the mountain goats, coldplay, ray lamontagne, ben folds, the white stripes, the beatles, bloc party, bon iver, feist, lily allen, al green, the flaming lips, of montreal, bob marley, nick drake, atmosphere, cat power, josé gonzález
high contrast, massive attack
delerium, the future sound of london, the cure, joy division, combichrist, depeche mode
jack johnson, death cab for cutie, coldplay, fleet foxes, the shins, cold war kids, tegan and sara, the beatles, eddie vedder, girl talk, justice, mgmt, the smashing pumpkins, vampire weekend, elliott smith, peter bjorn and john, the kinks, crystal castles, explosions in the sky, kanye west, modest mouse, the postal service, bon iver, beirut, broken social scene, architecture in helsinki, mando diao, simon & garfunkel, the new pornographers, kings of leon, radiohead, beck, the killers, tokyo police club, led zeppelin, ratatat, the sounds, feist, bright eyes, sara bareilles
eels, parov stelar, avril lavigne, dream theater, [unknown], metallica, breaking benjamin, deep purple, basement jaxx, the future sound of london, opeth, guano apes, tiamat, akira yamaoka, isis, portishead, dead can dance
king crimson, frank zappa, led zeppelin, pixies, miles davis, bj?rk, nick cave and the bad seeds, jethro tull, captain beefheart & his magic band, pearl jam, [unknown], the dresden dolls
bob dylan, charlie parker, the velvet underground, simon & garfunkel, otis redding, van morrison, creedence clearwater revival, nina simone, the doors, tom waits, the byrds, the rolling stones, the beach boys
megadeth, slayer, sodom, testament, behemoth, kreator, death, metallica, ac/dc, anthrax, amon amarth, dark tranquillity, in flames, mot?rhead, arch enemy, vader, hypocrisy, manowar, led zeppelin, pink floyd
50 cent, natasha bedingfield, justin timberlake, amy winehouse, pink, mika, the fray, james blunt, bryan adams, alicia keys, james morrison, coldplay, rihanna, moby, seal, nickelback, jennifer lopez, michael jackson, the prodigy, nirvana, craig david, mary j. blige, enrique iglesias, ne-yo, lenny kravitz, nelly furtado, snow patrol
lupe fiasco, mobb deep, kanye west, jay-z, fort minor, the prodigy, ice cube, eminem, jedi mind tricks, enter shikari, wu-tang clan, cypress hill, ghostface
eminem, 50 cent, the beatles, snoop dogg, ti?sto, rihanna, 2pac, cascada, beyoncé, chris brown, robbie williams, dmx, elvis presley, maroon 5, scooter, lil wayne, james blunt, elton john, snow patrol, benny benassi, scissor sisters, akon, r.e.m., nas, ludacris, dr. dre, justin timberlake, christina aguilera, depeche mode, coldplay, britney spears, t.i.
cat power, mika, kate bush, four tet, moby
seal, michael jackson, lacuna coil, soundtrack, a-ha, dream theater, nightwish, phil collins, angra, infected mushroom, van halen, ac/dc, symphony x, abba, eric clapton, george michael, bee gees, eminem, madonna, shpongle, creedence clearwater revival, the strokes
dj shadow, the smashing pumpkins, ...and you will know us by the trail of dead, mogwai, dj krush, amon tobin, architecture in helsinki, new order, bj?rk, pixies, blur, massive attack, the cure, death cab for cutie, miles davis, ladytron, nirvana, unkle, nine inch nails, peter bjorn and john, simian mobile disco, groove armada, stars, the chemical brothers, underworld, nada surf, sneaker pimps, radiohead, beck, basement jaxx, bonobo, sonic youth, reel big fish, placebo
johnny cash, the jam, die toten hosen, rob zombie, the beatles, andrew lloyd webber, metallica
morrissey, the beatles, oasis, travis, pulp, the kinks, the beach boys
sum 41, nirvana, rise against, the fratellis, sex pistols, ac/dc, billy talent, the offspring, the killers, aerosmith, kaiser chiefs, him, bon jovi, the rolling stones, metallica, mando diao, abba, system of a down, goldfinger, flogging molly, robbie williams, papa roach, misfits, roxette, the beatles, black eyed peas, pid?ama porno, linkin park
atb, chicane, poets of the fall, a-ha, underoath, madonna, nine inch nails, sting, ti?sto, story of the year, asian dub foundation, lostprophets, depeche mode, paul van dyk, coldplay, u2, the prodigy, my bloody valentine, cut copy, hot chip
sonic youth, system of a down, millencolin, the mars volta, los hermanos, the smashing pumpkins, bad religion, max?mo park, the strokes, radiohead, at the drive-in, nofx, the hellacopters, misfits, queens of the stone age, placebo, alexisonfire, pixies, rage against the machine, kings of leon, muse, goldfinger
in extremo, iron maiden, subway to sally, burzum, manowar, korpiklaani, immortal, cradle of filth, haggard, rammstein, schandmaul, turisas, satyricon, dimmu borgir, mot?rhead, blind guardian, ensiferum, bathory, finntroll, nightwish, kiss
dropkick murphys, flogging molly, the distillers, franz ferdinand, hey, pid?ama porno, kult, the offspring, guano apes, sum 41, gogol bordello, the cure, katie melua, muse, coma, rancid, alanis morissette, loreena mckennitt
therion, gojira, cursive, bathory, pink floyd, dimmu borgir, atb, nirvana, bloodhound gang, scorpions, dethklok, ensiferum, cradle of filth, tegan and sara, queen, the white stripes, death, finntroll
depeche mode, the prodigy, aphex twin
eminem, outkast, ludacris, damian marley, the roots, dmx, common, ghostface, dr. dre, t.i., jay-z, notorious b.i.g., usher, snoop dogg, a tribe called quest
kasabian, yann tiersen, los hermanos, travis, air, metric, anti-flag, kt tunstall, the killers, arcade fire, sigur rós, the verve, she wants revenge, chico buarque, the strokes, era, matisyahu, editors, interpol, oasis, alanis morissette, radiohead, arctic monkeys, amy winehouse, bad religion, enya, franz ferdinand, system of a down, muse, garbage, cansei de ser sexy, the cardigans, the cranberries, gym class heroes, bloc party, kings of leon, placebo, audioslave, the bravery
the birthday massacre, dope, green day, the offspring, reel big fish, bloodhound gang, drowning pool, children of bodom, disturbed, killswitch engage, r.e.m., ozzy osbourne, all that remains, atreyu, linkin park, nickelback, megadeth, bullet for my valentine
beyoncé, chris brown, rihanna, ne-yo, kanye west
the beatles, arctic monkeys, pavement, david bowie, the prodigy, muse, bright eyes, the last shadow puppets, tv on the radio, radiohead, weezer, arcade fire, bat for lashes
cream, rush, primus, system of a down, loreena mckennitt, led zeppelin, tenacious d, iron maiden, death cab for cutie, disturbed, staind, jethro tull, van halen, the doors, red hot chili peppers, 3 doors down, r.e.m., nickelback, ramones, descendents, black sabbath, u2, grateful dead, matisyahu, taking back sunday
chet baker, queens of the stone age, charlie parker, 311, the police, the mars volta, marilyn manson, hot hot heat, nine inch nails, the smashing pumpkins, django reinhardt, john coltrane, the smiths, system of a down, girl talk, the dresden dolls, the white stripes, [unknown], stone temple pilots, muse, sublime
alice cooper, tarja turunen, rhapsody of fire, koЯn, sepultura, iced earth
david guetta, ti?sto, black eyed peas, backstreet boys, basshunter, infected mushroom, daft punk, afi, michael jackson, enya, britney spears, seether, tori amos, chris brown, dave matthews band, moby, fatboy slim, hans zimmer, massive attack, lady gaga, armin van buuren
dream theater, sabaton, porcupine tree, queensr?che
groove coverage, metallica, nirvana, various artists, nightwish, sonata arctica, samael
slipknot, koЯn, marilyn manson, rammstein, him, system of a down, nirvana, pearl jam, metallica, the rolling stones, garbage, static-x, linkin park, cradle of filth, rob zombie, nine inch nails, lacuna coil, the smashing pumpkins, bloodhound gang, cypress hill, soundtrack, limp bizkit, depeche mode, the distillers, johnny cash, deftones, dragonforce, foo fighters, rage against the machine, eels, eminem, mudvayne, bob dylan, type o negative, thomas newman, disturbed, green day, misfits, the 69 eyes, the killers, incubus
ti?sto, burzum, timbaland, paul oakenfold, nelly furtado, cradle of filth, armin van buuren, basshunter, christina aguilera, mika, aerosmith
radiohead, the blood brothers, death cab for cutie, the shins, coldplay, josé gonzález, shout out louds, beirut, damien rice, jack johnson, sufjan stevens, the kooks, kanye west, arctic monkeys, the hives, at the drive-in, tegan and sara, the arcade fire, the mars volta, the postal service, the strokes, bob dylan, regina spektor, jens lekman, the beatles, sigur rós, tokyo police club, belle and sebastian, oasis, bloc party, h?kan hellstr?m, muse, digitalism, refused, iron & wine
nine inch nails, linkin park, blink-182, foo fighters, evanescence, 30 seconds to mars, a perfect circle, hoobastank, goo goo dolls, no doubt, good charlotte, third eye blind, breaking benjamin, something corporate, 3 doors down, keane, lifehouse, disturbed, garbage, papa roach, sum 41, stone sour, pink, moby, kelly clarkson, flyleaf, bowling for soup, alter bridge, the all-american rejects, dashboard confessional, green day, cascada, girls aloud, maroon 5, the smashing pumpkins
the doors, bob marley, jamiroquai, the beatles, red hot chili peppers, phoenix, the whitest boy alive, john legend, sade, talib kweli, st. germain, myslovitz, the rolling stones, the fray, the police, architecture in helsinki, arctic monkeys, r?yksopp, editors, the knife, alicia keys, happysad, buena vista social club, calvin harris, beck, michael jackson
girls aloud, the specials, the rolling stones, david bowie, the jam, the who
in extremo, nightwish, amon amarth, hypocrisy, serj tankian, cradle of filth, static-x, vader, die apokalyptischen reiter, satyricon, behemoth, at the gates, slipknot, godsmack, helloween, cannibal corpse, slayer, r?yksopp, children of bodom, limp bizkit, iron maiden, all that remains, drowning pool, megadeth, caliban, manowar, mudvayne, system of a down, black sabbath, pantera, koЯn, the prodigy, iced earth, david guetta, metallica, papa roach
lykke li, the libertines, babyshambles, mgmt, joy division, the wombats, tokyo police club, kaiser chiefs, architecture in helsinki, vampire weekend, metric, foals, the cribs, the go! team
billie holiday, ella fitzgerald, aretha franklin, nina simone, frank sinatra, elvis presley, louis armstrong, johnny cash, marvin gaye, the beatles
abba, christina aguilera, britney spears
ladytron, lady gaga, lykke li, goldfrapp, mgmt, róisín murphy, cut copy, hercules and love affair, the ting tings, sia, the knife, justice, kate nash, cansei de ser sexy, kanye west, peter bjorn and john
rage against the machine, kings of leon, ac/dc, the dresden dolls, the rolling stones, the killers
morrissey, kate nash, razorlight, red hot chili peppers, jimmy eat world, my chemical romance, david bowie, portishead, max?mo park, morcheeba, the smashing pumpkins, mika, the killers, mark ronson, ac/dc, bob marley, travis, stereophonics, snow patrol, james morrison, the streets, pink floyd, primal scream, oasis, lady gaga
disturbed, marilyn manson, static-x, koЯn, dope, ill ni?o, soulfly, mudvayne, ministry, deftones, the prodigy, slipknot, soilwork, the offspring, metallica, machine head, p.o.d., queens of the stone age, ozzy osbourne, chevelle, coma, eagles of death metal
built to spill, lily allen, modest mouse, neutral milk hotel, sufjan stevens, al green, beck, ryan adams, bruce springsteen, the strokes
melvins, max?mo park, tv on the radio, the beatles, animal collective, king crimson, django reinhardt, kyuss, the kooks, the mountain goats, iron maiden, tortoise
dj krush, the beatles, morphine, o.s.t.r., amon tobin, the verve, jimi hendrix, led zeppelin, iron maiden, dream theater, ac/dc, bonobo, dj shadow, the herbaliser, beck, the prodigy, jamiroquai, slayer, the cinematic orchestra, rjd2, coldplay, u2, miles davis, the jimi hendrix experience, joe satriani, the doors, the dandy warhols
common, santogold, the herbaliser, josé gonzález, massive attack, prefuse 73, doves, air, thievery corporation, lupe fiasco, radiohead, kings of leon, sia, the cinematic orchestra, dj krush, pj harvey, blondie, mos def
david bowie, scissor sisters, le tigre, mika, eagles, buena vista social club, the white stripes, coldplay, hooverphonic, moby, r?yksopp, massive attack, pink floyd, moloko, gorillaz, bonobo, nelly furtado, pink, morcheeba, supertramp, the cardigans, the chemical brothers, bee gees, radiohead, toto, james blunt, travis, deep purple, thomas newman, madonna
behemoth, nile, the vines, darkthrone, satyricon, burzum
sufjan stevens, modest mouse, m83, prince, radiohead, air, sigur rós, the beatles, andrew bird, daft punk, the knife, elliott smith, nine inch nails, arcade fire, ladytron, justice, broken social scene, regina spektor, muse, mgmt, feist, ...and you will know us by the trail of dead, digitalism, belle and sebastian, klaxons, patrick wolf, goldfrapp, josé gonzález, the rolling stones, franz ferdinand, the smashing pumpkins, pj harvey, kings of convenience, the shins, bloc party, beirut
enter shikari, arctic monkeys, metallica, the beatles, panic at the disco, muse, motion city soundtrack, thin lizzy, funeral for a friend, jimmy eat world, dashboard confessional, regina spektor, paramore, aerosmith, foo fighters, finch, belle and sebastian, sarah mclachlan, fall out boy, the decemberists, skid row, johnny cash, red.jumpsuit.apparatus, my chemical romance, bob dylan, sum 41, system of a down, brand new, jurassic 5, billy talent, feist, led zeppelin, story of the year, green day, killswitch engage, lostprophets, incubus, queen, blink-182
atb, coldplay, ti?sto, david guetta, john mayer, paul van dyk, the cure, ne-yo, chicane, red hot chili peppers, blank & jones, chris brown, beyoncé, armin van buuren, ferry corsten, akon, madonna, nelly furtado, paul oakenfold, pink floyd, above & beyond
kelly clarkson, kent, chris brown, h?kan hellstr?m, enrique iglesias, atb
porcupine tree, mindless self indulgence, simian mobile disco, cat power, she wants revenge, calexico, fischerspooner, nine inch nails, tom waits, type o negative, orbital, digitalism, ladytron, hot chip, the knife, goldfrapp, johnny cash, the rapture, le tigre
the crystal method, infected mushroom
pink floyd, radiohead, the doors, joy division, the beatles, the cure, the jimi hendrix experience, placebo, interpol, daft punk, death cab for cutie, nine inch nails, the who, janis joplin, depeche mode, cream, limp bizkit, john lennon, the rolling stones, led zeppelin, justice, bob dylan, millencolin, the offspring, fischerspooner, blink-182, muse, the beach boys, the last shadow puppets, bloc party, jefferson airplane, sigur rós, nirvana, jimi hendrix, the killers, coldplay, the kills, the smashing pumpkins, grateful dead, manu chao, against me!, supertramp
eminem, lil wayne, t.i., jedi mind tricks, cunninlynguists, mobb deep, 2pac, akon, atb, 50 cent, the game, talib kweli, lupe fiasco, mos def, the prodigy, rihanna, limp bizkit, hoobastank, justin timberlake, lady gaga
judas priest, marilyn manson, m?tley crüe, iron maiden, him, nightwish, rob zombie, blind guardian, evanescence, cradle of filth
stereophonics, damian marley, pink floyd, seal, jamiroquai, atb, depeche mode, o.s.t.r., tenacious d, vangelis, september, coldplay, george michael, kanye west, guns n roses, sade
david bowie, red hot chili peppers, they might be giants, the beatles, of montreal, beck, ramones, shpongle, led zeppelin, the smashing pumpkins, pixies, ac/dc, nofx, neil young, the who, the go! team, the clash, nine inch nails, jimi hendrix, the kinks, herbie hancock, the magnetic fields, daft punk, pink floyd, jethro tull, sonic youth, joe satriani, pearl jam, radiohead, jurassic 5, r.e.m., outkast, amon tobin, system of a down, the rolling stones, paul simon, dinosaur jr., pavement, m.i.a., de la soul, devo
kasabian, bloc party, mew, franz ferdinand, the killers, keane, arctic monkeys, hard-fi, kaiser chiefs, the strokes, the libertines, the kooks, coldplay, oasis, muse, mando diao, placebo, foals, the last shadow puppets, doves, klaxons, mgmt, the cure, morrissey, hot hot heat, r.e.m., travis, metric, the fratellis, the pigeon detectives, counting crows
the dillinger escape plan, madness, amy winehouse, yeah yeah yeahs, the prodigy, mindless self indulgence, the dresden dolls, public enemy, the ting tings, ska-p, koЯn
metallica, in flames, norther, sentenced, armin van buuren, ti?sto, staind, céline dion, children of bodom, cradle of filth, leona lewis, sonata arctica, placebo, 3 doors down, pain, ferry corsten, amorphis, deathstars, delerium, above & beyond
nickelback, sonata arctica, metallica, avantasia, ill ni?o, iron maiden, nightwish, korpiklaani, creed, lacuna coil, iced earth, manowar, staind, tenacious d, helloween, pearl jam, tarja turunen, ac/dc, children of bodom
christina aguilera, the ting tings, katie melua, thievery corporation, manu chao, robbie williams, michael bublé, mika, kt tunstall, seal, abba, pet shop boys
[[unknown]]
grateful dead, steely dan, neko case, prince, metallica, neil young, ice cube, abba, ennio morricone, depeche mode, bathory, stereolab, the byrds, t. rex
beastie boys, blur, led zeppelin, dj shadow, david bowie, bloc party, the chemical brothers, the clash, modest mouse, the jam, ac/dc, kanye west, the prodigy, the flaming lips, flight of the conchords, the herbaliser, the beatles, beck, eels, kaiser chiefs, the killers, basement jaxx, johnny cash, lcd soundsystem, jay-z, kasabian, groove armada, arctic monkeys, boards of canada, elvis presley, bj?rk, tom waits, aphex twin, air
against me!, less than jake, goldfinger, rise against, streetlight manifesto, the bouncing souls, jack johnson, descendents, black flag, millencolin, dropkick murphys, the offspring
the birthday massacre, nightwish, soundtrack, linkin park, rammstein, evanescence, ac/dc, lacuna coil, era, eminem, akira yamaoka, guano apes, seal, coldplay, tarja turunen, neil young, queen, reel big fish, katatonia, joy division, franz ferdinand
megadeth, depeche mode, metallica, the prodigy, backstreet boys, dark tranquillity, evanescence, judas priest, bon jovi, pendulum, nickelback, 3 doors down, pink floyd, aerosmith, misfits, guns n roses, nightwish
pink floyd, lil wayne, a day to remember, brand new, something corporate, blink-182, incubus, minus the bear, led zeppelin, tokyo police club, oasis, the shins, red hot chili peppers, elliott smith, a perfect circle, say anything, jason mraz, taking back sunday, anti-flag, ludacris, bob marley, sublime, alesana, pixies, the all-american rejects, the ataris, explosions in the sky, katy perry, coldplay, new found glory, usher, the killers
sigur rós, pj harvey, travis, the police, pink floyd, bj?rk, clint mansell, the cinematic orchestra, frank sinatra, the mars volta, thom yorke, massive attack, portishead, sonic youth, bob marley & the wailers, antonio vivaldi, bob marley, mark ronson, buena vista social club, jethro tull
gwen stefani, pink, the veronicas, danny elfman, alanis morissette, the killers, céline dion
aretha franklin, coldplay, the clash
moby, portishead, tool, dead can dance, sade, t.a.t.u., depeche mode, the cure, clint mansell, led zeppelin, moloko, u2, the prodigy, bj?rk
iamx, the rasmus, james blunt, within temptation, britney spears, fischerspooner, pink floyd, jem, sonata arctica, wolfgang amadeus mozart, evanescence, antonio vivaldi, therion, ludwig van beethoven, type o negative, combichrist, she wants revenge, bob marley & the wailers, stone sour, david guetta, bj?rk, johann sebastian bach, manowar, iron maiden, helloween, katatonia, megadeth, vnv nation
the knife, vader, gorillaz, daft punk, bob marley, myslovitz, system of a down, koЯn, the prodigy, nelly furtado, clint mansell, ac/dc, rammstein, era, deep purple, foo fighters, nirvana, disturbed, red hot chili peppers, ska-p, cradle of filth, beck
strapping young lad, vader, slayer, carcass, napalm death, moonspell, darkthrone, the dillinger escape plan, satyricon, metallica, in flames, nile, mot?rhead, dark tranquillity, megadeth, pantera, kreator, bathory, opeth, at the gates, sepultura
madonna, devendra banhart, depeche mode, rufus wainwright, moby, pet shop boys, róisín murphy, prince, the cure
diana krall, tom waits, frank zappa, system of a down, norah jones, ella fitzgerald, miles davis, van morrison, apocalyptica, pink floyd, david bowie, deep purple, jimi hendrix, metallica, ac/dc, frank sinatra, the pogues
maroon 5, jason mraz, justin timberlake, chris brown, lifehouse, paramore, avril lavigne, panic at the disco, the beatles, dashboard confessional, the fray, michael jackson, ne-yo, red.jumpsuit.apparatus, incubus, 3 doors down, rihanna, my chemical romance, john mayer, linkin park, kelly clarkson, craig david, taylor swift, gwen stefani, akon, yellowcard, jordin sparks, goo goo dolls, alicia keys, kanye west, matchbox twenty, the all-american rejects, the pussycat dolls, fergie, paolo nutini, onerepublic, michael bublé, usher, gavin degraw, boys like girls
the doors, animal collective
him, the rasmus, nirvana, the 69 eyes, stratovarius, groove coverage
the shins, calexico, sufjan stevens, keane, panic at the disco, green day, rilo kiley, plain white ts, stereophonics, regina spektor, razorlight, the all-american rejects, cute is what we aim for, the kooks, travis, bloc party, howard shore, snow patrol, coldplay
opeth, pain of salvation, the haunted, soilwork, strapping young lad, dark tranquillity, lamb of god, aesop rock, katatonia, a perfect circle, mastodon, metallica, machine head, muse, flogging molly, amon amarth, at the gates, the mars volta, mr. scruff, meshuggah, iron maiden, shpongle, the prodigy, pantera, disturbed, god is an astronaut, sage francis, led zeppelin, volbeat
nightwish, after forever, evanescence, within temptation, anberlin, saosin, boys like girls, foo fighters, breaking benjamin, billy talent, killswitch engage, dream theater, atreyu, dredg, paramore, alter bridge, story of the year, apocalyptica, enter shikari, paradise lost, creed, silverstein, metallica, underoath
sting, alicia keys, godsmack, u2, nouvelle vague, ska-p, morcheeba
deathstars, in flames, the 69 eyes, nightwish, amorphis, marilyn manson, moonspell, nirvana, disturbed, anathema, green day, evanescence, paradise lost, slayer, poets of the fall, the offspring, the cranberries, the sisters of mercy, iron maiden, queen, madonna, linkin park
the mars volta, less than jake, tool, jimmy eat world, angels & airwaves, the postal service, lcd soundsystem, red hot chili peppers, underworld, fall out boy, taking back sunday, afi, bloc party, broken social scene, deus, ladytron, the offspring, rancid, the smashing pumpkins, snow patrol, green day, new found glory, beastie boys, pearl jam, panic at the disco, enter shikari, a perfect circle
tosca, thievery corporation, bonobo, justice, daft punk, basement jaxx, mylo, digitalism, nightmares on wax, the chemical brothers, fatboy slim, simian mobile disco
jimmy eat world, bloc party, johnny cash, foo fighters, audioslave, air, red hot chili peppers, robbie williams, green day, the offspring, depeche mode, iron maiden, the mars volta, coheed and cambria, thin lizzy, turbonegro, my morning jacket, beck, aerosmith, lenny kravitz, flogging molly, muse, the smashing pumpkins, beastie boys, lady gaga, silverchair, 3 doors down, basshunter, r?yksopp, placebo, weezer, system of a down, ac/dc, eminem, feeder
apoptygma berzerk, ladytron, ferry corsten, the birthday massacre, ti?sto, rammstein, vnv nation, coldplay, shiny toy guns, duran duran, beastie boys, atb, britney spears, infected mushroom, muse, depeche mode, moby, u2, madonna, justin timberlake, paul van dyk, fischerspooner, rihanna, timbaland, static-x, oomph!, kt tunstall, paul oakenfold, lady gaga, sia
alanis morissette, bon iver, snow patrol, the national, janis joplin
autechre, plaid, the brian jonestown massacre, aphex twin, daft punk, the fall, bj?rk, amon tobin, pixies, orbital, nightmares on wax, boards of canada, radiohead, underworld, badly drawn boy, venetian snares, new order, j dilla, echo & the bunnymen, frank zappa, queens of the stone age, talking heads, nine inch nails, pavement, dizzee rascal, david bowie, yo la tengo, cocteau twins, the chemical brothers, the dandy warhols
madonna, maria mena, kelly clarkson, céline dion, andrew lloyd webber, jennifer lopez, mariah carey, evanescence, nelly furtado, kent
sage francis, comeback kid, all shall perish, john mayer, clueso, the black dahlia murder, maria mena
the prodigy, system of a down, aimee mann, faithless, massive attack, tricky, morcheeba, fatboy slim, the chemical brothers, aphex twin, apocalyptica, jethro tull, rammstein, r.e.m., bj?rk, boards of canada, the offspring, simon & garfunkel, nine inch nails, high contrast, ladytron, eminem, r?yksopp, dream theater, enigma, orbital, air, dido, blur, bloodhound gang
dark tranquillity, in flames, the haunted, sonata arctica, symphony x, tool, pain of salvation, amon amarth, stratovarius, dream theater, porcupine tree
atmosphere, wilco, iron & wine, bob dylan, the new pornographers, the beatles, radiohead, ray lamontagne, bon iver, johnny cash, kanye west, spoon, arcade fire, metric, weezer
burial, high contrast, dj shadow, autechre, boards of canada, thievery corporation, depeche mode, daft punk
minus the bear, editors, alesana, modest mouse, emery, sigur rós, god is an astronaut, chiodos, clap your hands say yeah, paul van dyk, silverstein, keane, story of the year, ferry corsten
jack johnson, christina aguilera, mando diao, the beatles, jethro tull, bon jovi, red hot chili peppers, coldplay
clueso, coldplay, radiohead, the kooks, incubus, arctic monkeys, placebo, the streets, bloc party, ratatat, oasis, peter fox, blink-182, pearl jam, nada surf, travis, system of a down, keane, the cardigans, seeed, calexico, muse, red hot chili peppers, the subways, farin urlaub, avril lavigne, rage against the machine, linkin park, sum 41, justice, brand new, jimi hendrix, the verve, mgmt, deichkind, dashboard confessional
pendulum, the prodigy, above & beyond, daft punk, gorillaz, john coltrane, booka shade
[justice]
bloc party, thom yorke, kings of leon, interpol, coldplay, bright eyes, death cab for cutie, arcade fire, stars, cold war kids, placebo, r?yksopp, the weakerthans, portishead, amy winehouse, bonobo, the get up kids, aphex twin, editors, thursday, air, antony and the johnsons, biffy clyro, alkaline trio, franz ferdinand, mogwai, beirut, sigur rós, eddie vedder, santogold, burial, joy division, mark ronson
rancid, reel big fish, sum 41, blink-182, green day, pennywise, streetlight manifesto, nofx, bad religion, rise against, the used, good charlotte, afi, the all-american rejects, koЯn, paramore, the killers, goldfinger, lagwagon, no doubt, billy talent, silverstein, fall out boy, simple plan, franz ferdinand, radiohead, less than jake, slipknot, escape the fate, nirvana, coldplay, death cab for cutie, panic at the disco, relient k, bowling for soup, anberlin, the offspring, bob marley & the wailers, story of the year, millencolin
disturbed, creed, p.o.d., tenacious d, 311, alter bridge, 3 doors down, sublime, three days grace, muse, fear factory, soulfly, nofx, lagwagon, pendulum
blank & jones, ferry corsten, atb
in flames, scar symmetry, sonata arctica, red hot chili peppers, flogging molly, the hellacopters, dark tranquillity, iron maiden, the clash, joe satriani, marillion, dire straits, metallica, ozzy osbourne, finntroll, blind guardian, manu chao, porcupine tree, the doors, green day, katatonia
barenaked ladies, garbage, the beatles, queen, cake, green day, john williams, evanescence, rage against the machine, alanis morissette, fiona apple, creed, eagles, sarah mclachlan, the hives, they might be giants, johann sebastian bach, the who, metallica, fall out boy, the cure, rancid, tom petty and the heartbreakers, creedence clearwater revival, abba
fatboy slim, nightmares on wax, franz ferdinand, various artists, the cinematic orchestra, manu chao, seeed, dj krush, roots manuva
sonic youth, beastie boys, pixies, boards of canada, the fall, r.e.m., marvin gaye, stereolab, the breeders, blondie, jurassic 5, devo, captain beefheart & his magic band
sublime, red hot chili peppers, the smashing pumpkins, pearl jam, staind, alice in chains, nirvana, stone temple pilots, kings of leon, green day, live, oasis, notorious b.i.g., nickelback, nine inch nails, the police
bonobo, jazzanova, the future sound of london, autechre, squarepusher, amon tobin, apparat, four tet, aphex twin, koop, thievery corporation, prefuse 73, zero 7, various artists, radiohead, jamiroquai
public enemy, prefuse 73
type o negative, morbid angel, bob marley, prefuse 73, black label society, nile, bonobo, dj shadow, dj krush, metallica, cannibal corpse, anathema, death, judas priest, red hot chili peppers, pink floyd, immortal, bloodbath, tom waits, damian marley, michael bublé, nirvana, sting, iced earth, testament, opeth
chico buarque, pink floyd, led zeppelin, the police, bob marley, sting, sublime, david guetta, the beatles, dire straits, creedence clearwater revival, bob dylan, elvis presley, miles davis, johnny cash, bob marley & the wailers, deep purple, john coltrane, ac/dc, eric clapton, the beach boys, jimi hendrix, the doors, oasis, red hot chili peppers, jack johnson, nirvana
in extremo, system of a down, farin urlaub, godsmack, three days grace, korpiklaani, tiamat
in flames, arch enemy, cradle of filth, nine inch nails, hypocrisy, soilwork, the prodigy, pain, sepultura, tristania, deathstars, sirenia, soulfly, after forever, disturbed, muse, three days grace, stone sour, opeth, lacuna coil, chimaira, deftones, lamb of god, moby, theatre of tragedy, dark tranquillity, serj tankian, tiamat, scar symmetry
coldplay, the police, ludwig van beethoven, supertramp, tool, édith piaf, kraftwerk, nightwish
[darkthrone]
the smiths, pink floyd, the who, bob dylan, oasis, the rolling stones, the verve, the doors, doves, r.e.m., manic street preachers, u2, bruce springsteen, david bowie, the cure, the byrds, nirvana, joy division, the national, the kinks, morrissey, the clash, blur, coldplay, the jam, led zeppelin, elbow, sigur rós, the velvet underground, the libertines, my bloody valentine, echo & the bunnymen, john lennon, nick drake, the stone roses, pixies, stereophonics, the jimi hendrix experience
bruce springsteen, the police, the breeders, sonic youth, the white stripes, pulp, atmosphere, devendra banhart, jeff buckley, beirut, leonard cohen, the brian jonestown massacre, dj krush, joy division, blonde redhead, tom waits, joni mitchell, pixies, king crimson, pinback
meshuggah, cannibal corpse, all shall perish, killswitch engage, slayer, amon amarth, behemoth, opeth, dimmu borgir, metallica, at the gates, the haunted, nine inch nails, in flames, orbital, deftones, soilwork, nile, lamb of god, immortal
muse, pendulum, the decemberists, max?mo park, red hot chili peppers, coldplay, the killers, late of the pier, nirvana, bloc party, queen, franz ferdinand, dire straits, arctic monkeys, oasis, the beatles, klaxons, pink floyd, the white stripes, jack johnson, death from above 1979, jamiroquai, blur, scissor sisters, thin lizzy, the strokes, led zeppelin, gorillaz, david bowie, the clash, the pigeon detectives, eagles, system of a down, u2, johnny cash, kaiser chiefs, bruce springsteen
jethro tull, the cure, the offspring, u2, queen, dio, the police, alice cooper, kiss, r.e.m., green day, dire straits, deep purple, megadeth, iron maiden, van halen, the sisters of mercy, lacuna coil, pearl jam, nirvana, bad religion, aerosmith, david bowie, judas priest, metallica, bon jovi, rainbow, fleetwood mac, howard shore, nofx, eagles, bauhaus, ac/dc, a perfect circle, 3 doors down, iced earth, blind guardian, marillion, muse
[skillet]
rise against, the faint, marilyn manson, infected mushroom, atreyu, senses fail, radiohead, fischerspooner, fall out boy, koЯn, placebo, daft punk, the used, chimaira, system of a down, blink-182, chiodos, my chemical romance, delerium, amon amarth, jimmy eat world, pink floyd, atb, godsmack, linkin park, alexisonfire, mindless self indulgence, wolfgang amadeus mozart, venetian snares, alesana, dope
foo fighters, thursday, sigur rós, 65daysofstatic
the who, girl talk, notorious b.i.g., mf doom, black sabbath, madvillain, animal collective, dr. dre, modest mouse, a tribe called quest, atmosphere, kyuss, jimi hendrix, beastie boys, nirvana, bob marley, various artists, down, nas, jay-z
lily allen, the streets, the beatles, daft punk, kanye west, michael jackson, mos def, mark ronson, the stone roses, gnarls barkley, air, erykah badu, the prodigy, arctic monkeys, the chemical brothers, eagles of death metal, klaxons, weezer, faithless, stevie wonder, amy winehouse, coldplay, marvin gaye
nirvana, theatre of tragedy, after forever, rammstein, nickelback, garbage, linkin park, apocalyptica, marilyn manson, alanis morissette
leonard cohen, the pogues, danny elfman, jethro tull, rammstein, nightwish, depeche mode, johnny cash, paul simon, bruce springsteen, sex pistols, h?kan hellstr?m, nirvana, the white stripes, flogging molly, genesis, david bowie, roxette, atreyu, counting crows, kent, muse, creedence clearwater revival
radiohead, the national, the fall, deerhoof, the black keys, tv on the radio, gogol bordello, interpol, the knife, the white stripes, burial, ...and you will know us by the trail of dead, stereolab, arcade fire, klaxons, fleet foxes, explosions in the sky, battles, editors, deftones, brian eno, the mars volta, muse, ac/dc, captain beefheart & his magic band, deerhunter, death from above 1979, dinosaur jr., joanna newsom, frank zappa, beck, neil young, eels
enya, shakira, mariah carey, céline dion, the beatles, avril lavigne, enrique iglesias, sarah mclachlan, vangelis, bon jovi
killswitch engage, lamb of god, amorphis, linkin park, nelly furtado, the rolling stones, queens of the stone age, katy perry, paul oakenfold, disturbed, black sabbath, serj tankian, volbeat, ac/dc
50 cent, led zeppelin, angels & airwaves, chamillionaire, mark ronson, high contrast, wilco, lupe fiasco, eddie vedder, coldplay, the killers
my chemical romance, the offspring, alkaline trio, jason mraz, audioslave, bad religion, nofx, the used, afi, the weakerthans, pennywise, beastie boys, sublime, fall out boy, thrice, the cure, the distillers, atmosphere
mary j. blige, amy winehouse, ghostface, michael jackson, marvin gaye, erykah badu, stevie wonder, mf doom, aretha franklin, beyoncé, j dilla, de la soul, prince, wu-tang clan
misfits, at the drive-in, metallica, mogwai, iron maiden, cursive, fugazi, dead kennedys, turbonegro, social distortion
against me!, foo fighters, alkaline trio, nofx, the clash, radiohead, kanye west, david bowie, atmosphere, blink-182, ramones, green day, mos def, regina spektor, lagwagon, belle and sebastian, descendents, tegan and sara
grateful dead, def leppard, ozzy osbourne, the doors, paramore
disturbed, muse, black sabbath, koЯn, mindless self indulgence, mudvayne, soilwork, rancid, combichrist, lamb of god, queens of the stone age, the haunted, nofx, machine head, rob zombie, skinny puppy, children of bodom, dream theater, killswitch engage
editors, nick cave and the bad seeds, r.e.m., radiohead, eddie vedder, the kooks, franz ferdinand, feist, elvis presley, pixies, deus, electric six, arctic monkeys, stereophonics, muse, david bowie, spoon, calexico, elliott smith, pj harvey, nick drake, the white stripes, prince, razorlight, madonna, eels, morcheeba, mika, depeche mode
radiohead, sigur rós, anathema, the cinematic orchestra, r?yksopp, bonobo, lykke li, max richter, massive attack
high contrast, the roots, moloko, pid?ama porno, the prodigy, justin timberlake, gentleman, hey, róisín murphy, hot chip, nelly furtado, akurat, kosheen, imogen heap, the chemical brothers, system of a down, damian marley, r?yksopp, 50 cent, bob marley, erykah badu, gorillaz, madonna, happysad
the mars volta, tool, queens of the stone age, battles, primus, a perfect circle, beirut, beck, gogol bordello, richard cheese, jimi hendrix, dredg, god is an astronaut, nine inch nails, radiohead, alice in chains, the smashing pumpkins, faith no more, guns n roses, mogwai, melvins, kyuss, foo fighters, nirvana, muse, the cinematic orchestra, 65daysofstatic, godspeed you! black emperor
the beatles, manu chao, david bowie, black rebel motorcycle club, the rolling stones, the clash, neil young, brian eno, franz ferdinand, johnny cash, frank zappa, the kinks, bob marley & the wailers, grateful dead, moby, sublime
anti-flag, funeral for a friend, gentleman, the mars volta, shpongle, mastodon, deftones, emery, ignite, circa survive, lostprophets, sigur rós, atreyu, afi, tool, killswitch engage, 65daysofstatic, emilie simon, the prodigy, rise against, converge, the fall of troy, underoath, isis, pennywise, my dying bride, finch, hatebreed, from autumn to ashes, porcupine tree
alanis morissette, alicia keys, amy winehouse, u2, shakira, lenny kravitz, nirvana, moby, jamiroquai, coldplay, the rolling stones, manu chao, 3 doors down, joe satriani, arctic monkeys, radiohead, aerosmith, buena vista social club, lacuna coil, damian marley, massive attack, nine inch nails, audioslave, jimi hendrix
coheed and cambria, misfits, converge, kyuss, heaven shall burn, bloc party, turbonegro, unkle, the fall of troy, ladytron, the distillers, queens of the stone age, blink-182, ramones, air, at the drive-in, pixies, pendulum, killswitch engage, refused, ignite, the black dahlia murder, the dillinger escape plan, tv on the radio, santogold
kaiser chiefs, coldplay, queen, imogen heap, paul mccartney, kasabian, the cardigans, john lennon, stereophonics, keane, travis, kiss, oasis, scorpions, aerosmith, bob dylan, u2, simon & garfunkel, the verve, the rolling stones, elvis presley, journey, kent, red hot chili peppers, adele, corinne bailey rae
wu-tang clan, the roots, cunninlynguists, 2pac, notorious b.i.g., dizzee rascal, erykah badu, de la soul, a tribe called quest, busta rhymes, james brown, jurassic 5, dj shadow, dr. dre
him, rise against, dave matthews band, pain of salvation, samael, lordi, panic! at the disco, type o negative, sabaton
david bowie, the dandy warhols, turbonegro, melvins, the cure, beck, electric six, devo, of montreal, neutral milk hotel, the jimi hendrix experience, pj harvey, dead kennedys, otis redding, rush, the jesus and mary chain
cansei de ser sexy, daft punk, the jesus and mary chain, justice, sex pistols, the knife, chromeo, death from above 1979, ministry, klaxons, metallica, the rapture, the gossip
ensiferum, eluveitie, nile, finntroll
abba, cake, linkin park, t.a.t.u., sarah mclachlan, radiohead, tori amos, nirvana, the cranberries, madonna, the cure
the smashing pumpkins, at the drive-in, sigur rós, manu chao, tool, metallica, ac/dc, bruce springsteen, nine inch nails, ben harper, bob marley, mogwai, daft punk, rage against the machine, faithless, the mars volta, bon iver, alice in chains, massive attack, the white stripes
u2, paul mccartney, the black keys, peter gabriel, the beatles, audioslave, norah jones, kt tunstall, pink floyd
mirah, the album leaf, death cab for cutie, explosions in the sky, sigur rós, bon iver, paramore, say anything, saves the day, underoath, kings of leon, emery, crystal castles, tegan and sara, relient k, damien rice, anberlin, sufjan stevens
los hermanos, kaiser chiefs, arctic monkeys, radiohead, the fratellis, the rolling stones, oasis, ozzy osbourne, cake, the doors, rufus wainwright, richard cheese, metallica, bob dylan, interpol, amy winehouse, carla bruni, beck, pixies, the raconteurs, the strokes, blur, the beatles, queens of the stone age, supergrass, ok go, the dandy warhols, a-ha
[four tet]
lily allen, mark ronson, high contrast, amy winehouse, nas, hard-fi, keane, morrissey, feist, justice, amy macdonald, duffy, goldfrapp, sade, placebo, mobb deep, mika, kimya dawson, nirvana, led zeppelin, moloko
manowar, metallica, red hot chili peppers, judas priest, apocalyptica, therion, green day, the offspring, alanis morissette, iron maiden, guano apes, roxette, nirvana, nightwish, the cranberries, marilyn manson, morcheeba, t.a.t.u., r.e.m., amy winehouse, garbage, no doubt
saves the day, dead kennedys, santogold, new found glory, talking heads, brand new, dinosaur jr., pixies, jurassic 5, alkaline trio
comeback kid, afi, dropkick murphys, against me!, new found glory, brand new, misfits
gotan project, enya, de-phazz, fatboy slim, the beatles, morcheeba, thomas newman, kelly clarkson, moby, soundtrack, ennio morricone, hooverphonic, louis armstrong, ella fitzgerald, tracy chapman
u2, portishead, massive attack, tricky, lamb, hooverphonic, moloko, unkle, dj shadow, thievery corporation, sneaker pimps, morcheeba, mos def, bonobo, télépopmusik, air, archive, erykah badu, nightmares on wax, amon tobin, faithless, bj?rk, goldfrapp, kosheen, rjd2, serge gainsbourg, moby, r?yksopp
bob dylan, weezer, pixies, jazzanova, air, the stone roses, sonic youth, belle and sebastian, the velvet underground, the jesus and mary chain, radiohead, beck, depeche mode, oasis, tortoise
jason mraz, live, muse, foo fighters, jamie cullum, jamiroquai, lenny kravitz, marilyn manson, maroon 5, jack johnson, john mayer, bob marley & the wailers, franz ferdinand, aerosmith, the beatles
type o negative, nine inch nails, the smiths, cocteau twins, the smashing pumpkins, the jesus and mary chain, blink-182, moonspell, u2, goo goo dolls, mot?rhead, dead can dance, the sisters of mercy, lagwagon, depeche mode, my bloody valentine, the cure, iron maiden, oasis, paradise lost
red hot chili peppers, timbaland, peter fox, kanye west, david guetta, 50 cent, sum 41, dmx, justin timberlake, usher, the game, ice cube, busta rhymes, moby, the offspring, jay-z, lenny kravitz, eminem, billy talent, chris brown, coldplay, ludacris, outkast, missy elliott, snoop dogg
johann sebastian bach, theatre of tragedy, eminem, hooverphonic, coldplay, dj shadow, moby, disturbed, jamiroquai, télépopmusik, the game, madonna, kylie minogue, slowdive, lil wayne, dir en grey
damien rice, the beatles, the kooks, coldplay, the dresden dolls, the strokes, paul simon, billy talent, thievery corporation, system of a down, tenacious d, green day, radiohead, eddie vedder, nina simone
m83, sufjan stevens, the strokes, the books, kings of convenience, explosions in the sky, aesop rock, daft punk, feist, grizzly bear, prefuse 73, amy winehouse, broken social scene, iron & wine, mgmt, stars, miles davis, band of horses, the album leaf, atmosphere, girl talk, fleet foxes, bon iver, the notwist, mirah, m.i.a., aphex twin, portishead, andrew bird, air, beck, the go! team, josé gonzález, the black keys, the roots, the knife, bonobo, animal collective, vampire weekend
jimmy eat world, rilo kiley, metallica, death cab for cutie, green day, belle and sebastian, the beatles, johnny cash, the smashing pumpkins, foo fighters, beck, death from above 1979, regina spektor, bj?rk, nine inch nails, bob dylan, angels & airwaves, snow patrol, the who, the killers, r.e.m., radiohead, the velvet underground, less than jake, the cure, incubus, counting crows, plain white ts, the get up kids, streetlight manifesto, saves the day, nofx, oasis, pink floyd, tool, neutral milk hotel, rancid, alanis morissette
johnny cash, kanye west, daft punk, hard-fi, immortal technique
nightwish, the police, u2, portishead, andrew lloyd webber, pet shop boys, 50 cent, queen, the smiths, inxs, david bowie, kraftwerk, george michael, joss stone, joy division, counting crows, lacrimosa
taylor swift, dashboard confessional, saosin, taking back sunday, all time low, yellowcard, panic at the disco, paramore
depeche mode, beastie boys, bon jovi, queen, hilary duff, journey, the cure, def leppard, lynyrd skynyrd, p.o.d., kiss, switchfoot, tool, led zeppelin, madonna, the police, inxs, scorpions, creed, panic! at the disco, michael jackson
moby, [unknown], 3 doors down, basshunter, shakira, disturbed, groove armada, faithless, the chemical brothers, rob zombie, muse, audioslave, the prodigy, basement jaxx, massive attack, fatboy slim, placebo, gorillaz, air, marilyn manson, r?yksopp, system of a down, daft punk, moloko, kings of leon, enigma, the kooks, 311, goldfrapp, the crystal method
ludwig van beethoven, frédéric chopin, antonio vivaldi, johann sebastian bach, gorillaz, daft punk
placebo, kent, nofx, paramore, nirvana, the kooks, amy winehouse, the distillers, kings of leon, aimee mann, the cure, billie holiday, maria mena, anna ternheim, blink-182, regina spektor, billy talent, john mayer, elliott smith, imogen heap, joy division, dashboard confessional, h?kan hellstr?m, frédéric chopin, bloc party, bob marley, paolo nutini, fiona apple, alkaline trio, bob dylan, mando diao, pendulum, cansei de ser sexy
angels & airwaves, foo fighters, muse, eels, radiohead, linkin park, green day, kaiser chiefs, afi, metallica, nirvana, bowling for soup, 44, rage against the machine, new found glory, feeder, tenacious d, sum 41, papa roach, nofx, audioslave, oasis, alkaline trio, queen, less than jake, gorillaz, incubus, david bowie, limp bizkit, james blunt, the all-american rejects, fall out boy, nickelback, the white stripes, avril lavigne, bryan adams, my chemical romance, jack johnson, r.e.m., blur, kasabian
ac/dc, johnny cash, mot?rhead, nirvana, ramones, black sabbath, metallica, iron maiden, queens of the stone age, creedence clearwater revival, slayer, dropkick murphys, led zeppelin, rammstein, kyuss, turbonegro, kraftwerk, megadeth, eagles of death metal, isis, guns n roses, the white stripes, sepultura, soulfly, the clash, the cure, marilyn manson, melvins, deep purple, judas priest, sex pistols, mastodon, manowar, red hot chili peppers, kiss
queen, nightwish, ti?sto, evanescence, amy winehouse, cascada, rihanna, basshunter
kt tunstall, alicia keys, foo fighters, the dandy warhols, beck, christina aguilera, alanis morissette, mika, seeed, feist, the faint, eels, lily allen, hoobastank, keane, amy winehouse, portishead, the knife, imogen heap, nelly furtado, air, muse, sara bareilles, sufjan stevens, tegan and sara, audioslave, frou frou, robbie williams
mika, of montreal, wilco, radiohead, yeah yeah yeahs, feist, kanye west, coldplay, spoon, elliott smith, modest mouse, the kooks, bob dylan, chromeo, beck, girl talk, sufjan stevens, devendra banhart, kate nash, band of horses, andrew bird, lcd soundsystem, the strokes, hot chip, t.i.
the fray, the sounds, amorphis, in flames, soilwork, relient k, three days grace, opeth, nickelback, snow patrol, hoobastank, sonic syndicate, jonas brothers, breaking benjamin, oasis, the kooks, the mars volta, black sabbath, maria mena, scar symmetry, stone sour, red.jumpsuit.apparatus, the strokes, bloodhound gang, keane
radiohead, bon iver, animal collective, gogol bordello, kings of leon, josé gonzález, joanna newsom, the kooks, shout out louds, justice, the black keys, girl talk, the national, the raconteurs, the beatles, foals, arcade fire, keane, eagles of death metal, kanye west, cake, sigur rós, the white stripes, klaxons, m.i.a., elvis presley, against me!, clap your hands say yeah, the clash, neutral milk hotel, battles, bob dylan, death from above 1979, iron & wine, gorillaz, the doors, grizzly bear, interpol, bloc party, mindless self indulgence, daft punk, devendra banhart, arctic monkeys
amy winehouse, [unknown], norah jones, loreena mckennitt, apocalyptica
animal collective, the beach boys, my morning jacket, the beatles, deerhunter, peter bjorn and john, madlib, grizzly bear, beck, of montreal, the flaming lips, kanye west, queen, sigur rós, radiohead, tom waits, the white stripes, lil wayne, modest mouse, beastie boys, girl talk, rush, pink floyd, the raveonettes, outkast, pulp, nine inch nails, eagles of death metal
the sounds, buckethead, ac/dc, chromeo, pearl jam, the hellacopters, justice, trivium, alice in chains, daft punk, faith no more
dropkick murphys, in extremo, subway to sally, cannibal corpse, die apokalyptischen reiter, hatebreed, die ?rzte, tenacious d, slayer, nickelback, disturbed, farin urlaub, deichkind, deathstars, rammstein, schandmaul, system of a down, rage against the machine, korpiklaani, aerosmith, equilibrium, avenged sevenfold, heaven shall burn, daft punk, him, in flames, bob marley, marilyn manson, godsmack, nightwish, scooter, amon amarth, peter fox, static-x, linkin park, the offspring, children of bodom, finntroll
lamb of god, as i lay dying, devildriver, heaven shall burn, hatebreed, children of bodom, stone sour, chimaira, caliban, sonic syndicate, all that remains, parkway drive, in flames, the black dahlia murder, atreyu, ill ni?o, machine head, the used, rise against, bring me the horizon, trivium, all shall perish, sonata arctica, soilwork, static-x
roxette, ac/dc, queen, peter bjorn and john, mando diao, the beatles, avenged sevenfold, ladytron, jamiroquai
angra, symphony x, a perfect circle
david guetta, madonna, roxette, benny benassi, paul van dyk, atb, september
in flames, soilwork, killswitch engage, black label society, lily allen, scar symmetry, sonic syndicate, papa roach, lamb of god, the kooks, all that remains, trivium, as i lay dying, linkin park, muse, children of bodom, avenged sevenfold, foo fighters, atreyu, 30 seconds to mars, disturbed, oasis, franz ferdinand, machine head, chimaira
live, david gray, lily allen, johnny cash, katy perry, eagles, t.a.t.u.
sonic youth, the jesus and mary chain, pavement, lil wayne, spoon, the brian jonestown massacre, deerhunter, the magnetic fields, t. rex, wilco, my bloody valentine, belle and sebastian, ghostface, the rolling stones, the velvet underground, of montreal, neil young, phoenix, camera obscura, junior boys, morrissey, bob dylan, david bowie, kanye west, the knife, minor threat
melvins, faith no more, atmosphere, sage francis, nine inch nails
coldplay, the decemberists, the kooks, morrissey, air, ladytron, kent, the knife, bj?rk, flogging molly, regina spektor, emilíana torrini, johnny cash, howard shore, nina simone, anna ternheim, mgmt, the beatles, robyn, josé gonzález, bloc party, pink floyd, mando diao, the arcade fire, antony and the johnsons, oasis, interpol, the cardigans, sigur rós, aphex twin, madonna, death cab for cutie, mew, babyshambles, the postal service, arctic monkeys, placebo
josé gonzález, philip glass, max richter, lamb, kings of convenience, sigur rós, joanna newsom, joni mitchell, [unknown], morcheeba, bon iver, devendra banhart, howard shore, the cure, radiohead, the cinematic orchestra, goo goo dolls, brian eno, muse, boards of canada, the smashing pumpkins, placebo
michael bublé, hans zimmer, travis, parov stelar, coldplay, the killers, oasis, happysad, morcheeba, sia, radiohead, john mayer, the cranberries, kanye west, jack johnson, diana krall, emilie simon, lupe fiasco, beirut, tori amos, soundtrack, placebo, manu chao, bloc party, frou frou, feist, james morrison, erykah badu, natasha bedingfield, kent, amy winehouse, nelly furtado
the beatles, the killers, r.e.m., the verve, shakira, snow patrol, radiohead, pearl jam, pink floyd, the velvet underground, beyoncé, foo fighters, franz ferdinand, los hermanos, the police, audioslave, the strokes, ramones, joy division, led zeppelin, queen, stereophonics, ac/dc, rage against the machine, kaiser chiefs, david bowie, norah jones, green day, keane, bloc party, abba, blink-182, chris cornell, blur
kings of leon, lady gaga, mariah carey, katy perry, jack johnson, mgmt, kanye west, jay-z, john mayer, eminem, something corporate, coldplay, natasha bedingfield
the whitest boy alive, manu chao, jack johnson, feist, kings of convenience, deichkind, jamiroquai, phoenix, steely dan, mylo, bob marley, justice, télépopmusik, daft punk, sade, digitalism, van morrison, stevie wonder, marvin gaye
babyshambles, the flashbulb, akira yamaoka, the mars volta, [unknown]
beck, boards of canada, the prodigy, plaid, aphex twin, nine inch nails, brian eno, massive attack, fatboy slim, depeche mode, amon tobin, underworld, autechre, tricky, kmfdm, unkle, the crystal method, linkin park, the future sound of london, skinny puppy, the flashbulb, venetian snares, u2, apparat, delerium, moby, groove armada, primal scream, the chemical brothers, squarepusher
modest mouse, radiohead, muse, built to spill, sigur rós, weezer, yeah yeah yeahs, the beatles, crystal castles, animal collective, of montreal, brand new, rammstein, god is an astronaut, green day, mindless self indulgence, the faint, yellowcard, arcade fire, franz ferdinand, interpol, m83, the killers, beck, grizzly bear, tv on the radio, death cab for cutie, the white stripes, placebo, oasis, keane, boards of canada, coldplay, the smashing pumpkins, neutral milk hotel, system of a down, the velvet underground, pavement, nine inch nails, kings of leon, the bravery, pink floyd, the decemberists, air, deerhunter, editors, pearl jam, joy division, broken social scene, paramore
the fratellis, muse, eels, the rolling stones, kaiser chiefs, nouvelle vague, coldplay, live, oasis, johnny cash, neko case, elvis presley, the last shadow puppets, the raconteurs, kt tunstall, deus, moby, green day, guns n roses, the killers, ray charles, queen, manu chao, franz ferdinand, volbeat, gnarls barkley, no doubt, christina aguilera, duffy, groove coverage, the kinks, scissor sisters, the beatles, abba
funeral for a friend, chiodos, atreyu, underoath, alexisonfire, my chemical romance, saosin, taking back sunday, rise against, thrice, from autumn to ashes, 36 crazyfists, alesana, finch, silverstein, the fall of troy, bullet for my valentine, enter shikari, from first to last, a day to remember, killswitch engage, senses fail, fall out boy, misfits, escape the fate, 30 seconds to mars, koЯn
my bloody valentine, the jesus and mary chain, sonic youth, yo la tengo, explosions in the sky, boards of canada, sigur rós, the cure, the radio dept., nirvana, blink-182, bad brains, the smiths, the breeders, guided by voices, blonde redhead, devendra banhart, neutral milk hotel, minor threat
onerepublic, the prodigy, arctic monkeys, muse, chris brown, timbaland, fall out boy, hoobastank, 65daysofstatic, lupe fiasco, fort minor, 44, n*e*r*d, 30 seconds to mars, jonas brothers, simple plan, jordin sparks, usher, ne-yo, rihanna, santana, the kooks, t.i., flo rida, massive attack, lostprophets, justin timberlake, oasis, craig david, lifehouse, the pussycat dolls, lady gaga, nelly furtado, p.o.d., enigma, paul oakenfold
aimee mann, flogging molly, beirut, the beatles, emilie simon, the clash, nouvelle vague, abba, the ting tings, amy winehouse, cansei de ser sexy, the subways, rammstein, the doors, dido, gnarls barkley, feist, lily allen, kt tunstall
danny elfman, scorpions, roxette, enigma, queen, vangelis, girls aloud, mariah carey, david bowie, dire straits, nelly, abba, céline dion, hooverphonic, madonna, eagles
eddie vedder, deep purple, matchbox twenty, judas priest, def leppard, skid row, creed, manowar, maria mena, flyleaf, city and colour, elliott smith, dio
slayer, nirvana, iron maiden, metallica, ac/dc, hypocrisy, sepultura, nile, megadeth
the smiths, nirvana, morrissey, misfits, band of horses, alkaline trio, alesana, a day to remember, anna ternheim, him, the cure, red.jumpsuit.apparatus, yellowcard, atreyu, pantera, in flames, from autumn to ashes, millencolin, muse, motion city soundtrack, finntroll, funeral for a friend, parkway drive, escape the fate, saosin, underoath, neil young, all that remains, emery, soilwork, silverstein, bring me the horizon, foo fighters, paramore
interpol, buckethead, built to spill, bauhaus, arcade fire, ladytron, brian eno, death, riverside, black sabbath, blackfield, bathory, carcass, ozzy osbourne, electric light orchestra, the cure, pavement, slayer
oasis, babyshambles, the kooks, kings of leon, arctic monkeys, jack johnson, the killers, the sounds, biffy clyro
thrice, alkaline trio, phoenix, the hush sound, descendents, pinback, jimmy eat world, the notwist, refused, the clash, sufjan stevens
flying lotus, squarepusher, andrew bird, bj?rk, radiohead, portishead, j dilla, autechre, mf doom, notorious b.i.g., aphex twin
aerosmith, elton john, pearl jam, elvis costello, live
grizzly bear, fleet foxes, low, bonnie prince billy, interpol, queens of the stone age, the knife, black flag, the beatles, neil young, faith no more, of montreal
lamb of god, amon amarth, slayer, fear factory, disturbed, deathstars, devildriver, mudvayne, sonic syndicate, trivium, cannibal corpse, amorphis, dropkick murphys, scorpions, anthrax, ozzy osbourne, kreator
coldplay, the killers, dredg, mando diao, death cab for cutie, iamx, the beatles, red hot chili peppers, the strokes, archive, the postal service, the kooks, mika, jet, the fray, mew, patrick wolf, lily allen, kent, keane, radiohead, bloc party, the kills, franz ferdinand, jem, goldfrapp, frou frou, ratatat, hot chip, sneaker pimps, norah jones, johnny cash, evanescence, paolo nutini
queen, eric clapton, u2, metallica, guns n roses, robbie williams, lady gaga, eagles, dire straits, the doors, bon jovi, billy joel, bob marley, elvis presley, madonna, ac/dc, prince, frank sinatra, green day, faithless, lily allen, michael bublé
koЯn, deftones, linkin park, 30 seconds to mars, the prodigy, breaking benjamin, kanye west, bullet for my valentine, serj tankian, sigur rós, fort minor, limp bizkit, nine inch nails, staind
britney spears, ne-yo, beyoncé, lady gaga, amy macdonald, leona lewis, katy perry, peter fox, christina aguilera, kelly clarkson, justin timberlake, benny benassi, nelly furtado, spice girls, craig david, good charlotte, the pussycat dolls, amy winehouse, david guetta
pendulum, faithless, manu chao, bob dylan, gnarls barkley, the rolling stones, the white stripes
the presets, cut copy, britney spears, beirut, metric, cocorosie, robyn, crystal castles, camera obscura, bon iver, elliott smith, grizzly bear, travis, bat for lashes, blonde redhead, apparat, radiohead, kylie minogue, hot chip, beyoncé, broken social scene, arcade fire, justin timberlake, lykke li, pj harvey, mirah
tool, samael, ayreon, after forever, iced earth, ensiferum, the gathering, dead can dance, disturbed, system of a down, blind guardian, metallica, haggard, lacuna coil, serj tankian, epica, pantera, a perfect circle, tiamat, sirenia, helloween, in flames, theatre of tragedy
elliott smith, morrissey, belle and sebastian, the smiths, descendents, the beatles, bob dylan, my bloody valentine, black flag, oasis, the jam, misfits, sonic youth, johnny cash, ramones, blur, the cure, the rolling stones, dinosaur jr., pixies, bad brains, explosions in the sky, stereolab, mf doom, fugazi, joy division, jimmy eat world, dead kennedys, pulp
sigur rós, godspeed you! black emperor, madonna, pink floyd, mogwai, enigma, múm, explosions in the sky, m83, broken social scene, god is an astronaut, mono, boards of canada, the album leaf, ti?sto, guns n roses, coldplay, pearl jam, nirvana, norah jones, bj?rk, red hot chili peppers, cocteau twins, creed, slipknot, 65daysofstatic
bruce springsteen, kelly clarkson
boys noize, maroon 5, alicia keys, lenny kravitz, the killers, beyoncé, gnarls barkley, linkin park, norah jones, justin timberlake, audioslave, mando diao, the chemical brothers
johnny cash, arcade fire, the magnetic fields, gnarls barkley, vampire weekend, soundtrack, ennio morricone
of montreal, mogwai, deerhoof, pavement, boards of canada, the smiths, clap your hands say yeah
era, faithless, apocalyptica, goldfinger, rainbow
cypress hill, rancid, afi, jedi mind tricks, manu chao, against me!, bj?rk, dropkick murphys
red hot chili peppers, air, ac/dc, babyshambles, muse, razorlight, gorillaz, koop, radiohead, rage against the machine, jamiroquai, scorpions, linkin park, the police, daft punk, kt tunstall, counting crows, a perfect circle, bonobo, u2, dead can dance, koЯn, kasabian, metallica, blind guardian, faith no more, the dandy warhols, doves, good charlotte
the beatles, radiohead, sufjan stevens, death cab for cutie, bob dylan, bright eyes, the shins, arcade fire, band of horses, interpol
arcade fire, ray lamontagne, tori amos, peter gabriel, seal, yann tiersen, sigur rós, bruce springsteen, depeche mode, kate bush, pj harvey, bj?rk, leonard cohen, nina simone, gorillaz, kt tunstall, david bowie, thomas newman, r.e.m., josé gonzález, tracy chapman, sufjan stevens
guided by voices, melvins, sonic youth, my bloody valentine, blonde redhead, tom waits, black flag, captain beefheart & his magic band, the flaming lips, deerhoof, cocteau twins, the doors, joy division, the zombies, talking heads
elvis presley, justice, the beatles, common, daft punk, the killers, muse, frank sinatra, gentleman, benny benassi, armin van buuren, atb, ti?sto, robbie williams, bloc party, coldplay, ramones
wu-tang clan, o.s.t.r., limp bizkit, yann tiersen, janis joplin, the prodigy, [unknown], nirvana, koЯn, the rolling stones
arctic monkeys, oasis, bloc party, iamx, kasabian, foals, mando diao, mgmt, kaiser chiefs, franz ferdinand, ladytron, klaxons, the prodigy, travis, infected mushroom, fall out boy, placebo, kosheen
fleet foxes, the white stripes, daft punk, interpol, m83, david bowie, deep purple, radiohead, peter bjorn and john
scar symmetry, hypocrisy, the dillinger escape plan, amon amarth, soilwork, cannibal corpse, as i lay dying, in flames, converge
ferry corsten, blank & jones, armin van buuren, above & beyond, daft punk, paul van dyk, atb
the clash, the bravery, chevelle, p.o.d., bon jovi, journey
john frusciante, dave matthews band, tenacious d, the beatles, coldplay, u2, arctic monkeys, metric, tokyo police club, john mayer, jack johnson, the killers, foo fighters, mf doom, band of horses, faithless, pink floyd, ryan adams, kent, 30 seconds to mars, norah jones, the white stripes, kings of leon, panic at the disco, fatboy slim, cake, nine inch nails, the whitest boy alive, slipknot, r?yksopp, interpol, disturbed, the clash, the strokes, david bowie, muse, phoenix, fort minor, gnarls barkley
heaven shall burn, vader, the beatles, p.o.d., caliban, in flames, tool, slipknot, turisas, nightwish, as i lay dying, damien rice, katatonia, amon amarth, led zeppelin, koЯn, funeral for a friend, gojira, muse, samael, fear factory, darkthrone, soulfly, lamb of god, sum 41
tori amos, blind guardian, dire straits, r?yksopp, imogen heap, flyleaf, foo fighters, johnny cash, chimaira, within temptation, creedence clearwater revival
ben folds, rage against the machine, green day, bloodhound gang, matchbox twenty, linkin park, kanye west, rise against, a perfect circle, marilyn manson, bruce springsteen, alanis morissette, tom petty and the heartbreakers, bright eyes, counting crows, coldplay, death cab for cutie, the beatles, incubus, jack johnson, matisyahu, fleetwood mac, pink floyd, dido, eric clapton, johnny cash, serj tankian, alicia keys, nickelback, pearl jam
simon & garfunkel, ludwig van beethoven, talking heads, missy elliott, the future sound of london, the dandy warhols, daft punk, peter gabriel, ladytron, fatboy slim, pixies, creedence clearwater revival, johann sebastian bach, aerosmith
jethro tull, minor threat, misfits, the knife, the cure, melvins, ministry, cannibal corpse, dead kennedys
rjd2, radiohead, cake, otis redding, mgmt, santogold, scissor sisters, the white stripes, bj?rk
queen, burial, booka shade, the kooks, dj shadow, moby, gorillaz, pink floyd, the whitest boy alive, [unknown], nightwish, fort minor, seal, michael jackson
rage against the machine, ignite, kiss, mike oldfield, trivium, ramones, machine head, deep purple, rise against, incubus, led zeppelin
angels & airwaves, good charlotte, 44, sum 41, red hot chili peppers, green day, ska-p, guano apes, the cranberries, franz ferdinand, the hives, p.o.d., bloodhound gang, amy macdonald, manu chao, bob marley, avril lavigne, gogol bordello, the killers
nightwish, sonata arctica, megadeth, epica, guns n roses, simple plan, therion, mariah carey
los hermanos, the beatles, the vines, muse, ac/dc, jack johnson, carla bruni, pink floyd, black sabbath, franz ferdinand, apocalyptica, dido, feist, tenacious d, black flag, the cranberries, foo fighters, explosions in the sky, lynyrd skynyrd, audioslave, chico buarque, queens of the stone age, ludwig van beethoven, adam green, james blunt, slipknot
thievery corporation, peter gabriel, sting, kate bush, massive attack, boards of canada, sarah mclachlan, moby
die ?rzte, billy talent, system of a down, rammstein, mindless self indulgence, marilyn manson, flogging molly, my chemical romance, tenacious d, linkin park, koЯn, seeed, good charlotte, hellogoodbye, bullet for my valentine, akon, foo fighters, green day, stone sour, avenged sevenfold, the offspring, guano apes, sum 41, eminem, queens of the stone age, nirvana, panic at the disco, groove coverage, oasis, red hot chili peppers, sean paul, gorillaz
disturbed, the dresden dolls, system of a down, children of bodom, the veronicas, regina spektor, the kooks, patrick wolf, cake, t.a.t.u., nickelback, metallica, daft punk, panic! at the disco, the ting tings, trivium, apocalyptica, stone sour, limp bizkit, slipknot, godsmack, bullet for my valentine, katy perry, bj?rk, 30 seconds to mars, epica, pink floyd, rammstein, judas priest, incubus, fear factory, coldplay, evanescence
a fine frenzy, bj?rk, st. germain, diana krall, de-phazz, air, gotan project, nightmares on wax, tosca, groove armada, alanis morissette
pink martini, leonard cohen, johann sebastian bach, gotan project
bj?rk, depeche mode, r?yksopp, air, u2, coldplay, robbie williams, groove armada, tori amos, lamb, kosheen, faithless, radiohead, chicane, the album leaf, underworld, r.e.m., scissor sisters, pet shop boys, placebo, the beatles, télépopmusik, the chemical brothers, madonna, unkle, massive attack, blur, andrew lloyd webber, boards of canada, portishead, beck, ladytron, sigur rós, múm, red hot chili peppers, dido
belle and sebastian, arcade fire, nick drake, elliott smith, jeff buckley, bright eyes, andrew bird, joy division, kings of convenience, the strokes, leonard cohen, the smiths, devendra banhart, led zeppelin, muse, bon iver, animal collective, interpol, pink floyd, sex pistols, nirvana, r.e.m.
porcupine tree, riverside, tool, sigur rós, the mars volta, a perfect circle, blackfield, pink floyd, radiohead, camel, genesis, primus, marillion, anathema, dead can dance, nine inch nails, dredg, peter gabriel, archive, muse, rage against the machine, massive attack, coldplay, pearl jam, queens of the stone age, deftones
placebo, oomph!, marilyn manson, the killers, linkin park, koЯn, bj?rk
thomas newman, ella fitzgerald, ennio morricone, the hush sound, beirut, m. ward, the cranberries, coldplay, koop, clint mansell
digitalism, cunninlynguists, rjd2, atmosphere, the cinematic orchestra, madlib, daft punk, mr. scruff, jurassic 5, roots manuva
led zeppelin, keane, the all-american rejects, eric clapton, adele, snow patrol, lifehouse, bryan adams, maroon 5, the who, john lennon, sugarcult, ac/dc, pink floyd, scorpions, sara bareilles, elton john, stereophonics, bon iver, madonna, hey
the strokes, black sabbath, the used, muse, the raveonettes, metallica, rise against, flyleaf, modest mouse, the blood brothers, bloc party, queens of the stone age, the doors, the vines, panic at the disco, franz ferdinand, arctic monkeys, green day, phoenix, bullet for my valentine, daft punk, bj?rk, system of a down, eagles of death metal, beck
nightwish, evanescence, the corrs, the sisters of mercy, hooverphonic, red hot chili peppers, u2, chicane, moloko, atb, jamiroquai, mylo, delerium, morcheeba, paul oakenfold, daft punk, katie melua, howard shore, dido, orbital, kosheen, the chemical brothers, john williams
the beach boys, the kinks, johnny cash, less than jake
burial, nine inch nails, joy division, josé gonzález, death from above 1979, aphex twin, bat for lashes, the knife, the smashing pumpkins, beck, johnny cash, the cure, fleet foxes, flying lotus, yeah yeah yeahs, david bowie, boards of canada, autechre, jimi hendrix, the police, death cab for cutie, foals, the rolling stones, radiohead, depeche mode, u2, sigur rós, talking heads, hot chip, tv on the radio, bj?rk, portishead
dream theater, joe satriani, journey, roxette, switchfoot, avril lavigne, nickelback, oasis, led zeppelin
portishead, anna ternheim, nightwish, placebo, die ?rzte, garbage, babyshambles, the pipettes
queen, evanescence, green day, marilyn manson, madonna, elton john, radiohead, the cranberries, pink, cascada, robbie williams, roxette, the sisters of mercy, duran duran, the verve, garbage, portishead, air, within temptation, the pogues, billy joel, paramore
creedence clearwater revival, enya, fear factory, dr. dre, snoop dogg, modest mouse, kanye west, frank zappa, ice cube, marilyn manson, akon, the doors
diana krall, guns n roses, metallica, sade, the cure, aerosmith, manowar, the cranberries, u2, bon jovi
the rolling stones, delerium, enya, pink floyd, kraftwerk, mike oldfield, ac/dc, elton john, the knife, era, queen, genesis, the beatles, santana
opeth, ulver, katatonia, hatebreed, paradise lost, clint mansell, riverside, chimaira, in flames, soilwork, gojira, bloodbath, cannibal corpse, porcupine tree, pantera, amorphis, hypocrisy
brian eno, the brian jonestown massacre, pink floyd, john coltrane, animal collective, the future sound of london, miles davis, dinosaur jr., radiohead
chris cornell, riverside, angra, porcupine tree, phoenix, audioslave, rush, september, pain of salvation
sonic youth, the magnetic fields, dj shadow, joanna newsom, cold war kids, the dandy warhols, radiohead, pavement, the smashing pumpkins, tom waits, clap your hands say yeah
50 cent, michael jackson, ne-yo, beyoncé, kanye west, t.i., adele, n*e*r*d, alicia keys, usher, outkast, john legend, marvin gaye, bob marley
dave matthews band, toto, counting crows, steely dan, ben folds, the hellacopters, jack johnson, the killers, arctic monkeys, stars, ben folds five, muse, katie melua, creedence clearwater revival, ray lamontagne, broken social scene, the dandy warhols, tom petty and the heartbreakers, foo fighters, death cab for cutie, jamie cullum, journey, sting, jason mraz
frank sinatra, andrew bird, yann tiersen, danny elfman, philip glass, gotan project, django reinhardt, pink martini
dropkick murphys, flogging molly, system of a down, third eye blind, less than jake, goldfinger, nofx, a perfect circle, misfits, me first and the gimme gimmes, red hot chili peppers, bad religion, sonata arctica, green day, barenaked ladies, sublime, the clash, millencolin, marilyn manson, foo fighters, dead kennedys
the kooks, babyshambles, the offspring, the last shadow puppets, kaiser chiefs, kings of leon, joy division, the subways, mgmt, 3 doors down, kasabian, max?mo park, the libertines, the raconteurs, r.e.m., dirty pretty things, the hives, nirvana, alice in chains, eagles of death metal, chris cornell, green day, the who, system of a down, deus, coldplay, foo fighters
j dilla, the beatles, de la soul, madlib, rjd2, gang starr, nas, common, jedi mind tricks, various artists, jay-z, mobb deep, mf doom, aesop rock, jimi hendrix, led zeppelin, miles davis, cunninlynguists
anthrax, rob zombie, sodom, judas priest, kyuss, testament, johnny cash, type o negative, metallica, kreator, scorpions, megadeth, queens of the stone age, radiohead, dream theater, rush
snow patrol, band of horses, vangelis, volbeat, mew, prince, lifehouse, stevie wonder, joe satriani, nickelback, the knife, serj tankian, enya, bee gees, era, muse, michael jackson, mike oldfield, the offspring, phil collins, bryan adams, moby, onerepublic
enya, bob marley, john williams, howard shore, kt tunstall, vangelis, céline dion, katie melua, simon & garfunkel, james blunt, bob marley & the wailers, the beatles, eric clapton, norah jones, creedence clearwater revival, moby, portishead, cat stevens, dire straits, elton john, emilíana torrini, the doors, the rolling stones, dido, jack johnson
napalm death, meshuggah, judas priest, arch enemy, nile, amorphis, cannibal corpse, sabaton, children of bodom, behemoth, carcass, in flames, slayer, bloodbath, vader, strapping young lad, darkthrone
the killers, foo fighters, coldplay, cake, rammstein, stone sour, disturbed, creed, norah jones, matchbox twenty, ben folds, tenacious d, megadeth, 3 doors down, billy joel, iron maiden, m?tley crüe, mot?rhead, johnny cash, elton john, ozzy osbourne, queen, inxs, nickelback, opeth, green day, marilyn manson, gogol bordello, tom waits
ani difranco, bob dylan, bj?rk, tori amos, pink floyd, adam green, the cure, tom waits, manu chao, nine inch nails, nick cave and the bad seeds, sheryl crow, burial, sia, morphine, the white stripes, depeche mode, the cranberries, joy division, leonard cohen, placebo, pj harvey, tegan and sara, alanis morissette, the beach boys, cake, miles davis, morrissey, bob marley & the wailers, radiohead, the smashing pumpkins, calexico, belle and sebastian, jeff buckley, massive attack
blink-182, senses fail, silverstein, taking back sunday, the dresden dolls, dashboard confessional, all time low, death cab for cutie, a day to remember, the all-american rejects, enter shikari, tegan and sara, rise against, emery, fall out boy, sugarcult, something corporate, the academy is..., billy talent, alesana, sum 41, the used, lifehouse, 44, pink, green day, funeral for a friend, escape the fate, my chemical romance, the veronicas, miley cyrus, anti-flag, story of the year, paramore
mike oldfield, kosheen, hans zimmer, electric light orchestra, maroon 5, robyn, bat for lashes, supertramp, kasabian, seal
a day to remember, atreyu, silverstein, funeral for a friend, rise against, story of the year, the streets, escape the fate, from autumn to ashes, saosin, comeback kid, enter shikari, clueso, alexisonfire, the all-american rejects, from first to last, all that remains, chiodos, mindless self indulgence, senses fail, bullet for my valentine, him, 30 seconds to mars, hoobastank, alesana, killswitch engage
nickelback, katy perry, paramore, roxette, adele, bullet for my valentine, simple plan, my chemical romance, papa roach, moby
grateful dead, bright eyes, mf doom, madlib, the beatles, jack johnson, the roots, gang starr, the books, sublime, frank sinatra, ghostface, brand new, madvillain, gorillaz, snoop dogg, pink floyd, say anything, motion city soundtrack, red hot chili peppers, death cab for cutie, beck, cursive, johnny cash, jimi hendrix, misfits, j dilla, neil young, eric clapton, led zeppelin, the shins, radiohead, a tribe called quest, saosin, miles davis, the decemberists, cunninlynguists
bob marley, system of a down, escape the fate, gorillaz, enter shikari, lostprophets, franz ferdinand, three days grace, billy talent, the rasmus
the who, pink floyd, bob dylan, elvis presley
the smashing pumpkins, deftones, turbonegro, sonic youth, ladytron, the blood brothers, ...and you will know us by the trail of dead, radiohead, faith no more, interpol, alexisonfire, crystal castles, refused, thursday, afi, bj?rk, parkway drive, unkle, the strokes
muse, jimi hendrix, nirvana, gogol bordello, fear factory, linkin park, portishead, volbeat, pixies, blonde redhead, johnny cash, pearl jam, nine inch nails, kings of leon, nightwish, radiohead, matisyahu, alice in chains, neil young, green day, rammstein, frank zappa, rancid, janis joplin, strapping young lad, theatre of tragedy, the hives, pink floyd, the prodigy, paradise lost, the smashing pumpkins, queens of the stone age, massive attack, tiamat, the clash
the herbaliser, madlib, prefuse 73, autechre, cocorosie, dj krush, sigur rós, amon tobin, lykke li, o.s.t.r., mf doom, plaid, four tet, antony and the johnsons, apparat, boards of canada, rjd2
ensiferum, the smiths, scar symmetry, turisas, rammstein, manowar, morrissey, muse, soilwork, sonic syndicate, children of bodom, heaven shall burn, sonata arctica, lordi, immortal, satyricon, ozzy osbourne, dethklok, caliban, u2, amorphis, dimmu borgir, burzum, justice, bathory, crystal castles
sufjan stevens, modest mouse, cursive, mf doom, animal collective, radiohead, jimi hendrix, of montreal, death cab for cutie, calexico, tv on the radio, neutral milk hotel, pavement, stars, the decemberists, built to spill, pink floyd, beirut, eels, jay-z, the new pornographers, the white stripes, arcade fire, architecture in helsinki, the flaming lips, n*e*r*d, the shins, band of horses, atmosphere
new found glory, millencolin, 50 cent, senses fail, simple plan, 44, avril lavigne, sum 41, eminem, alexisonfire, angels & airwaves, yellowcard, foo fighters, limp bizkit, chris brown, finch, paramore, panic at the disco, good charlotte, story of the year, green day, slipknot, funeral for a friend, taking back sunday, linkin park, rage against the machine, fort minor, hoobastank, t.i., jimmy eat world, underoath, infected mushroom
pearl jam, oasis, arctic monkeys, jack johnson, chris cornell, radiohead, silverchair, green day, nirvana, foo fighters, ska-p, queens of the stone age, creed
nirvana, kylie minogue, the cure, [unknown], phoenix, mariah carey, the vines, britney spears, metallica, saosin, the chemical brothers, groove armada, the smashing pumpkins, the doors, george michael, stone temple pilots, incubus
air, aimee mann, feist, serge gainsbourg, amy winehouse, télépopmusik, fiona apple, sufjan stevens, emilie simon, goldfrapp, nouvelle vague, adele, st. germain, carla bruni, norah jones, belle and sebastian, regina spektor, the cinematic orchestra, stereolab, jazzanova, peter bjorn and john, kings of convenience, groove armada, pj harvey, mgmt, cocorosie, portishead
yeah yeah yeahs, britney spears, yann tiersen, marilyn manson, the distillers, muse, blonde redhead, the veronicas, kate nash, sia, siouxsie and the banshees, kylie minogue, madonna, pink, katy perry, regina spektor, portishead, sugababes, goldfrapp, bj?rk, lily allen, kelly clarkson, bat for lashes, cansei de ser sexy, oasis, nouvelle vague, evanescence, gwen stefani, dropkick murphys, the white stripes, emilie autumn, johnny cash, no doubt, the prodigy, avril lavigne
radiohead, bad religion, the beatles, bob marley & the wailers, muse, elliott smith, bloc party, no doubt, the postal service, pinback, the shins, weezer, mew, neko case, jimi hendrix, lykke li, sublime, the cure, tori amos, queens of the stone age, arcade fire, david bowie, descendents, nirvana, nofx, orbital, anti-flag, kings of leon, marvin gaye, aretha franklin
kreator, die toten hosen
elliott smith, joy division, bright eyes, katie melua, the academy is..., modest mouse, babyshambles, nofx, sonic youth, dashboard confessional, the smiths, deftones
kate nash, travis, flight of the conchords, papa roach, nelly furtado, barenaked ladies, angels & airwaves, blink-182, fall out boy, simple plan, alanis morissette, bright eyes, the killers, kt tunstall, nouvelle vague, britney spears, rihanna, editors, bush, the offspring, kasabian, bob marley, bon jovi, the rolling stones, the wombats, black eyed peas, lady gaga, cake, infected mushroom, mgmt, modest mouse, the white stripes, gogol bordello
saosin, [unknown], red hot chili peppers, 30 seconds to mars, led zeppelin, incubus, paramore, pendulum, ti?sto, anberlin, lifehouse, linkin park, mae, the fall of troy, ne-yo, timbaland, lupe fiasco, all that remains, chiodos, queen, the whitest boy alive, avenged sevenfold, kanye west
jack johnson, the doors, the beatles, amy winehouse, bob marley, daft punk, pink floyd, jamiroquai, ben harper, pearl jam, arctic monkeys, oasis, led zeppelin, foo fighters, red hot chili peppers, john mayer, goldfrapp, los hermanos, elvis presley, manic street preachers, the offspring, trentem?ller, r.e.m., kiss
amon amarth, slipknot, rammstein, arch enemy, sonata arctica, black sabbath, koЯn, killswitch engage, the prodigy, in flames, finntroll, led zeppelin, pantera
aphex twin, bonobo, the knife, radiohead, the album leaf, architecture in helsinki, the books, apparat, bat for lashes, beirut, crystal castles, cut copy, stars, four tet, devendra banhart, the streets, coldplay
the cardigans, prefuse 73, 65daysofstatic, the prodigy
the beatles, yo la tengo, belle and sebastian, the decemberists, they might be giants, the mountain goats, bright eyes, r.e.m., norah jones, the weakerthans, ani difranco, billy joel, feist, the shins, camera obscura, death cab for cutie, regina spektor, fleet foxes, bj?rk, nouvelle vague, the flaming lips
lil wayne, blink-182, dmx, sum 41, lupe fiasco, black eyed peas, t.i., kanye west, new found glory, jay-z, busta rhymes, nas, common, sean paul, 50 cent, nelly, outkast, the game
enter shikari, placebo, joy division, 65daysofstatic, sigur rós, dredg, comeback kid, the radio dept., atreyu, mogwai, stereophonics, klaxons, moby, chiodos, muse, beirut
kamelot, she wants revenge, loreena mckennitt, ludwig van beethoven, venetian snares, skinny puppy, david bowie, nine inch nails
the cure, lupe fiasco, outkast, peter bjorn and john, daft punk, talking heads, kanye west, the rapture, a tribe called quest, damian marley, the clash, james brown, coldplay, john legend, cansei de ser sexy, beastie boys, de la soul, charlie parker, queen
the fray, switchfoot, iron & wine, sugarcult, ne-yo, dashboard confessional, ok go, john legend, muse, ashlee simpson, death cab for cutie, kanye west, alicia keys, gym class heroes, hilary duff, frédéric chopin
miles davis, john coltrane, herbie hancock, charlie parker, pearl jam, u2, radiohead, ella fitzgerald, coldplay, the police, chet baker
r?yksopp, goldfrapp, air, massive attack, groove armada, télépopmusik, moby, thievery corporation, faithless, boards of canada, hooverphonic, bj?rk, lamb, portishead, bonobo, moloko, the knife, morcheeba, róisín murphy, the chemical brothers, sia, daft punk, tosca, chicane, peter bjorn and john, unkle, kosheen, nightmares on wax, enigma, mylo, sneaker pimps, de-phazz, frou frou, radiohead
gentleman, bob marley, burial
hans zimmer, thomas newman, ne-yo, leona lewis, bonobo, beyoncé, timbaland, robyn, jordin sparks, mariah carey, goldfrapp, justin timberlake, sigur rós, nelly furtado, rihanna, amy winehouse, norah jones, lenny kravitz, air, the chemical brothers, frank sinatra
morcheeba, red hot chili peppers, trentem?ller, manu chao, aerosmith, dj krush, bonobo, infected mushroom, rage against the machine, groove armada, jamiroquai, parov stelar, r?yksopp, st. germain, fatboy slim, system of a down, marvin gaye, m.i.a., mr. scruff, lenny kravitz, papa roach, the hives, the chemical brothers
mobb deep, nas, a tribe called quest, gang starr, ghostface, jedi mind tricks, nine inch nails, cunninlynguists, outkast, ashlee simpson, norah jones
metallica, the mountain goats, neko case, bruce springsteen, the new pornographers, the dresden dolls, megadeth, tool, iron maiden, nine inch nails, judas priest, mos def, the breeders, pearl jam, john coltrane, guns n roses, talib kweli
kosheen, the chemical brothers, infected mushroom, 50 cent, sepultura, the future sound of london, static-x, mike oldfield, massive attack, groove armada, guano apes, the crystal method, pendulum
howard shore, linkin park, ramones, rammstein, the doors, metallica, grateful dead, the prodigy, the white stripes, johnny cash, tenacious d, creedence clearwater revival, muse, dave matthews band, dropkick murphys, queens of the stone age, nirvana, sonic youth, led zeppelin, red hot chili peppers, audioslave
depeche mode, system of a down, porcupine tree, death cab for cutie, god is an astronaut, daft punk, the streets, rage against the machine, refused, queens of the stone age, guano apes, red hot chili peppers, the offspring, thrice, anberlin, eddie vedder
camera obscura, my bloody valentine, fugazi, yo la tengo, morrissey, the bouncing souls, dinosaur jr., the stone roses, descendents, bad brains, minor threat
chiodos, metro station, from first to last, emery, finch, escape the fate, enter shikari, senses fail, taking back sunday, funeral for a friend, placebo
los hermanos, justin timberlake, pearl jam, incubus, maroon 5, the offspring, amy winehouse, john mayer, mariah carey
thomas newman, mike oldfield, daft punk, vangelis, enya, howard shore, moby, the kooks, nightwish, r?yksopp, santana, scooter, nick cave and the bad seeds, mika, david guetta, abba, hans zimmer
kate bush, imogen heap, télépopmusik, sufjan stevens, snow patrol, m83, sia, r?yksopp, bloc party, róisín murphy, tori amos, iamx, mew, death cab for cutie, feist, lamb, hooverphonic, antony and the johnsons, emilíana torrini, múm, goldfrapp, explosions in the sky, massive attack, josé gonzález, zero 7, iron & wine, interpol, portishead, muse, poets of the fall, cat power, maria mena, mirah, pinback, damien rice, bj?rk, patrick wolf, stereophonics
basshunter, black eyed peas, emilíana torrini, die ?rzte, cascada
miley cyrus, ac/dc, céline dion, lady gaga, britney spears, flo rida, kelly clarkson, the veronicas, jason mraz, cascada, beyoncé, rihanna, avril lavigne
muse, pink floyd, johnny cash, damien rice, bob dylan, keane, soundgarden, jack johnson, the doors, janis joplin, gavin degraw, the killers, the clash, ramones, infected mushroom, amy winehouse, john mayer, the beatles, kasabian, green day, kaiser chiefs, manu chao, bob marley, franz ferdinand, jamiroquai, dave matthews band, jefferson airplane, rage against the machine, arctic monkeys, talking heads, alanis morissette, foo fighters, madness, jason mraz, placebo, nirvana, okkervil river, pearl jam
miles davis, sting, led zeppelin, james brown, sade, judas priest, marillion, deep purple, eric clapton, ac/dc, the doors, john coltrane
pink floyd, soulfly, sepultura, rage against the machine, led zeppelin, nofx, isis, queens of the stone age, black sabbath, the doors, mastodon, nirvana, down, converge, kyuss, opeth, bob marley, marilyn manson, tool, rancid, limp bizkit, the police, metallica, dream theater, burzum
as i lay dying, parkway drive, alkaline trio, from first to last, the prodigy, afi, the offspring, all that remains, megadeth, blink-182, children of bodom, thrice, funeral for a friend, fall out boy, killswitch engage, silverstein, paul oakenfold, billy talent
the weakerthans, the national, pearl jam, the killers, guided by voices
shpongle, tom waits, captain beefheart & his magic band, frank zappa, miles davis, philip glass, buckethead, yann tiersen, orbital, king crimson, the dandy warhols, gotan project, brian eno
pavement, jack johnson, pixies, radiohead, fugazi, nirvana, yo la tengo, cansei de ser sexy, cursive, public enemy, explosions in the sky, carla bruni, calexico, bloc party, black flag
mindless self indulgence, sigur rós, god is an astronaut, morphine, diana krall, buckethead, the white stripes, foals, metallica, slayer, mono, the cinematic orchestra, 65daysofstatic, black sabbath, rage against the machine, mot?rhead
yann tiersen, the knife, nirvana, boards of canada, die toten hosen, guano apes, gorillaz, die ?rzte, bat for lashes, enter shikari, air, placebo, joanna newsom, josé gonzález, red hot chili peppers, disturbed, the cranberries, daft punk, pendulum, beatsteaks, strapping young lad, deftones, foo fighters, b?hse onkelz, metallica, breaking benjamin, from autumn to ashes, fischerspooner, r?yksopp, in extremo, subway to sally
the killers, the kooks, seeed, kings of leon, arcade fire, arctic monkeys, vampire weekend, peter fox, high contrast, razorlight, bloc party, the whitest boy alive, max?mo park, beastie boys, jack johnson, mgmt, tv on the radio, pendulum, timbaland, foo fighters, the gossip, franz ferdinand, the chemical brothers, cobra starship, crystal castles, the prodigy, fleet foxes, cat power, placebo, wu-tang clan, klaxons, system of a down, billy talent, editors, kanye west, shiny toy guns, architecture in helsinki, justice, robyn
animal collective, iron maiden, black sabbath, system of a down, boards of canada, mastodon, autechre
nirvana, garbage, no doubt, blink-182, goo goo dolls, queens of the stone age, foo fighters, sarah mclachlan, madonna, shakira, paramore, the beatles, coldplay, gwen stefani, rilo kiley, tom petty and the heartbreakers, incubus, the white stripes, the ataris, rihanna, lenny kravitz, velvet revolver, green day, the who, pearl jam, the killers, black eyed peas, kate nash, red hot chili peppers, norah jones, kelly clarkson, the smashing pumpkins, creedence clearwater revival, katy perry, kt tunstall, alanis morissette, avril lavigne, bowling for soup, bob marley, taylor swift, the cure, journey, muse, backstreet boys
pendulum, radiohead, depeche mode, pink floyd, porcupine tree, the prodigy, queens of the stone age, boards of canada, squarepusher, aphex twin, r?yksopp, incubus, daft punk, venetian snares, animal collective, thom yorke, the hives, the beatles, beck, nick drake, supergrass, justice, mike oldfield, t.a.t.u., captain beefheart & his magic band, abba, air
ti?sto, metric, atb, massive attack, nightwish, akurat, 65daysofstatic, dredg, portishead, no doubt, the killers, franz ferdinand, the bravery, the presets, armin van buuren, ska-p, myslovitz, the cardigans, the smashing pumpkins, three days grace, queen, the dresden dolls, u2, dido, black rebel motorcycle club, the kills, above & beyond, good charlotte, radiohead, depeche mode, parov stelar, paul van dyk
bloc party, kings of leon, crystal castles, editors, arcade fire, the national, bon iver, max?mo park, kings of convenience, fleet foxes, m83, the killers, hot chip, mgmt, yeah yeah yeahs, the sounds, vampire weekend, doves
cypress hill, 2pac, gang starr, snoop dogg, dmx, ghostface, notorious b.i.g., de la soul, dr. dre, mobb deep, nas, outkast, eminem
fall out boy, rufus wainwright, dashboard confessional, paolo nutini, u2, nine inch nails, hellogoodbye, gym class heroes, john mayer, tori amos, the academy is..., panic at the disco, paramore, snow patrol, jeff buckley, justin timberlake, britney spears, mika, joshua radin, maroon 5, the smashing pumpkins, damien rice, incubus, motion city soundtrack, my chemical romance, jack johnson, patrick wolf, andrew bird, amy winehouse, ryan adams, foo fighters, arcade fire, coldplay, alicia keys, the gossip, barenaked ladies, the decemberists
regina spektor, jimmy eat world, john mayer, brand new, say anything, paramore, mae, fall out boy, new found glory, kings of leon, death cab for cutie, something corporate, the hush sound, damien rice, bon iver, the get up kids, relient k, sufjan stevens, panic at the disco, goldfrapp, sara bareilles, saves the day, neutral milk hotel, city and colour, coldplay, bright eyes
green day, red hot chili peppers, blur, jamiroquai, the offspring, cocteau twins, dave matthews band, pearl jam, richard cheese, cake, incubus, matisyahu, u2, the chemical brothers, audioslave, goldfrapp, cream, radiohead, black eyed peas, koЯn, limp bizkit, daft punk
led zeppelin, the chemical brothers, fatboy slim, testament, bonobo, jamiroquai, black label society, judas priest, r?yksopp, the doors, santana, deep purple, depeche mode, therion, m?tley crüe, pink martini, metallica, massive attack, ac/dc, down, daft punk, portishead, jimi hendrix, duran duran, in flames, faithless, gotan project, megadeth, apocalyptica, architecture in helsinki, red hot chili peppers, aerosmith, rage against the machine, scorpions, the jimi hendrix experience, beirut, placebo
behemoth, a perfect circle, bat for lashes, nick cave and the bad seeds
avril lavigne, dashboard confessional, blink-182, good charlotte, snow patrol, lifehouse, paramore, something corporate, oasis, relient k, babyshambles, jimmy eat world, james blunt, plain white ts, taking back sunday, michael bublé, brand new, elton john, sum 41, coldplay, keane, robbie williams, red.jumpsuit.apparatus, sugababes, kelly clarkson, the verve, kate nash, joshua radin, bright eyes, mika, funeral for a friend
die ?rzte, [unknown], flogging molly, foo fighters, mando diao, red hot chili peppers, linkin park, feist, incubus, kimya dawson, blink-182, die toten hosen, the smashing pumpkins, kings of leon, arctic monkeys, various artists
feist, santogold, vampire weekend, a fine frenzy, queen, the killers, mark ronson, billie holiday, foals, no doubt, bat for lashes, coldplay, ella fitzgerald, lady gaga, lupe fiasco, kanye west, johnny cash, franz ferdinand, mgmt, lily allen, édith piaf, fleet foxes, mando diao, kt tunstall, pink, m.i.a., depeche mode, the ting tings, duran duran
cocorosie, pj harvey, múm, thom yorke, aphex twin, architecture in helsinki, the beatles, air, ok go, goldfrapp, kimya dawson, blonde redhead, system of a down, archive, depeche mode, joanna newsom, bonobo, led zeppelin, soundgarden, metallica, the strokes, guano apes, a perfect circle
sufjan stevens, los hermanos, belle and sebastian, porcupine tree, the arcade fire, bloc party, the gathering, radiohead, the smashing pumpkins, cansei de ser sexy, david bowie, mogwai, interpol, slowdive, sigur rós, the smiths, kings of convenience, beck, stereolab, pixies, death cab for cutie, devendra banhart, tiamat, rush, camera obscura, the cure, arctic monkeys, cat power, the radio dept., nick drake, sonic youth
faithless, amy macdonald, a fine frenzy, michael bublé, madonna, sarah mclachlan, chicane, lifehouse, david guetta, cobra starship, leona lewis, dire straits, blank & jones, soundtrack, duffy, imogen heap, eels
einstürzende neubauten, frank zappa, leonard cohen, serge gainsbourg, brian eno, aphex twin, nick cave and the bad seeds, the velvet underground, iggy pop, nine inch nails, the fall, marilyn manson, nick drake, pulp, t. rex, squarepusher, the doors
bloc party, max?mo park, three days grace, billy talent, placebo, rise against, the kooks, nada surf, the subways, taking back sunday, franz ferdinand, arctic monkeys, jimmy eat world, alkaline trio, hot hot heat, afi, the vines, ladytron, my chemical romance, the fratellis, mando diao, the bravery, the strokes, panic! at the disco, queens of the stone age, kaiser chiefs, the sounds, the killers, hard-fi, metric, razorlight, lostprophets, the shins, gorillaz, the dandy warhols, moby
paradise lost, cradle of filth, him, opeth, dimmu borgir, judas priest, johnny cash, misfits, slipknot, finntroll, behemoth, ensiferum, equilibrium, rob zombie, avantasia, def leppard, eluveitie, iron maiden, satyricon, nine inch nails, dope, nightwish, m?tley crüe, trivium
kelly clarkson, sugababes, lady gaga, onerepublic, christina aguilera, santogold, metro station, the killers, september, the fray, elvis presley, alter bridge, kylie minogue, the pussycat dolls, joss stone, katy perry, pink, céline dion, backstreet boys, coldplay, mariah carey, janet jackson, the beatles
dir en grey, katatonia, siouxsie and the banshees, michael jackson, interpol, gorillaz, pearl jam, depeche mode, september, marilyn manson, editors, the cure, opeth, pendulum, emilie autumn, finntroll, nine inch nails, placebo, david guetta, basement jaxx, joy division, delerium, foo fighters, type o negative, justice, m.i.a., oasis, r?yksopp, vnv nation, gojira, incubus, cocteau twins, infected mushroom, mew, bauhaus
death cab for cutie, m83, muse, girl talk, cut copy, ben folds, animal collective, fleet foxes, tv on the radio, ray lamontagne, the magnetic fields, the national, sigur rós, kanye west, arcade fire, the shins, bloc party, m.i.a., atmosphere, gnarls barkley, the cure, the notwist, the strokes, lykke li, portishead, tokyo police club, the killers, justice
coma, sabaton, in flames, korpiklaani, the beatles, the kooks, koЯn, akurat, madness, iron maiden, ska-p, children of bodom, metallica, kult, dropkick murphys, frédéric chopin, the offspring, nirvana, the cranberries, antonio vivaldi
tenacious d, the smiths, sufjan stevens, nirvana, built to spill, reel big fish, david bowie, rush
queen, arctic monkeys, oasis, system of a down, michael bublé, die ?rzte, jack johnson, jason mraz, farin urlaub, the killers, travis, incubus, muse, razorlight, franz ferdinand, the cribs, clueso, nirvana, serj tankian, creed, kaiser chiefs, kanye west, modest mouse, deichkind, placebo, the fratellis, chris cornell, mando diao
the knife, sigur rós, radiohead, pearl jam, placebo, andrew bird, the smashing pumpkins, beirut, eels, beck, johnny cash, unkle, depeche mode, manic street preachers, calexico, moby, interpol, goldfrapp, patrick wolf, abba, santogold, muse, joy division, david bowie, the strokes, the smiths, garbage, portishead, the cure, anna ternheim, keane, bj?rk, massive attack, the notwist
nelly furtado, pink martini, cake, gotan project, red hot chili peppers, sugababes, various artists, faithless, thomas newman, the chemical brothers, van morrison, the beatles, amy winehouse, st. germain
los hermanos, metallica, duran duran, coldplay, elvis presley, bush, audioslave, the strokes, pearl jam
flogging molly, red hot chili peppers, neil young, orbital, placebo, system of a down, moby, ulver, faithless
burial, sufjan stevens, architecture in helsinki, the go! team, rjd2, patrick wolf, the books, m83, josé gonzález, stars, flying lotus, ratatat, broken social scene, 65daysofstatic, death cab for cutie, antonio vivaldi, antony and the johnsons, bonobo, dizzee rascal, sonic youth, four tet, sigur rós, amon tobin, girl talk, the pipettes, the postal service, cut copy, johnny cash, radiohead, the knife, m.i.a., the streets, joanna newsom
poets of the fall, hans zimmer, howard shore, [unknown], massive attack, john williams, clint mansell, nightwish, jeff buckley
bj?rk, afi, franz ferdinand, ben folds, david bowie, the libertines, basement jaxx
metric, antonio vivaldi, avril lavigne, death cab for cutie, goo goo dolls, the new pornographers, girl talk, brian eno, the hellacopters, the postal service, hard-fi, the fray, franz ferdinand, radiohead, cut copy, flight of the conchords, the veronicas, carla bruni, kelly clarkson, john mayer, the kills, fleetwood mac, peter bjorn and john, jordin sparks, kt tunstall, cat power, sex pistols, taking back sunday, audioslave, spice girls, the killers, coldplay
pinback, bloc party, sufjan stevens, outkast, the shins, radiohead, the new pornographers, tokyo police club, feist, portishead, camera obscura, the killers, sonic youth, the kills, minus the bear, gnarls barkley, vampire weekend, guided by voices, badly drawn boy, the whitest boy alive, thom yorke, interpol, at the drive-in, shakira, matisyahu, isis, mastodon, of montreal, pavement, battles, muse, the beatles, tool, amy winehouse, arcade fire
bad religion, misfits, depeche mode, koЯn, iron maiden, ska-p, mot?rhead, ramones, metallica, faith no more, arch enemy, nightwish, green day, system of a down, black rebel motorcycle club, buzzcocks, ac/dc, rammstein, audioslave, guns n roses, nirvana, ozzy osbourne, alice in chains, nofx, red hot chili peppers, dead kennedys, the clash, rancid, lagwagon, millencolin, pennywise
sufjan stevens, death cab for cutie, bright eyes, jimmy eat world, feist, iron & wine, fall out boy, bonnie prince billy, beirut, nina simone, the national, the knife, tori amos, band of horses, leonard cohen, the decemberists, regina spektor, morrissey, ok go, damien rice, sia, alanis morissette, cat power, ladytron, mew, bloc party
the kooks, arcade fire, spoon, jack johnson, deerhoof, kate nash, the beatles, adele, neko case
metric, the dandy warhols, my bloody valentine, belle and sebastian, enya, gogol bordello, okkervil river
junior boys, j dilla, death from above 1979, death cab for cutie, talib kweli, madlib, the knife, common, morcheeba, beirut, nina simone, ghostface, kanye west, placebo, thievery corporation, madvillain, tv on the radio, ratatat, feist, a tribe called quest, the roots, bob marley, burial, the rapture, madonna, peter bjorn and john, the white stripes, mf doom, scissor sisters, air, jamiroquai, portishead, aesop rock, frou frou, chromeo
enya, kelly clarkson, red hot chili peppers, eagles, lady gaga, nightwish, black eyed peas, fergie, linkin park, amy winehouse, cascada, the doors, within temptation, bruce springsteen, shakira, metallica, justin timberlake, scooter, u2, robbie williams, gwen stefani, britney spears, mariah carey, trentem?ller, 3 doors down
seether, linkin park, breaking benjamin, papa roach, three days grace, bullet for my valentine, lacuna coil, the rasmus, paramore, within temptation, guano apes, oomph!, skillet, nightwish, green day, evanescence, the offspring, static-x, avril lavigne, hoobastank, the birthday massacre, nickelback, fort minor
michael jackson, akon, basshunter, red hot chili peppers, my chemical romance, fall out boy, various artists, green day, nirvana, linkin park, coldplay, lady gaga, the offspring, metro station, armin van buuren, black eyed peas, boards of canada, eminem, jason mraz, metallica, gym class heroes, mika, marilyn manson, scooter, alicia keys, benny benassi, paul van dyk, james blunt, katie melua, ferry corsten, above & beyond, amy winehouse, britney spears
j dilla, four tet, madlib, wu-tang clan, air, dj shadow, lil wayne, prefuse 73, kanye west, notorious b.i.g., girl talk, daft punk, the beatles, the flaming lips, animal collective, mobb deep, rjd2, streetlight manifesto, coldplay, ratatat, mf doom, gnarls barkley, madvillain, the mars volta, boards of canada, thievery corporation, massive attack, the rolling stones, a tribe called quest, the shins
pink floyd, manu chao, red hot chili peppers, rush, infected mushroom, judas priest, depeche mode, r.e.m., led zeppelin, enya, iggy pop, marillion, the kooks, ac/dc, porcupine tree, iron maiden, howard shore, dire straits, deep purple, mike oldfield, duran duran, flogging molly, hard-fi, the fratellis, talking heads, faithless, the doors
infected mushroom, kanye west, the prodigy, the presets, me first and the gimme gimmes, koЯn, fall out boy, apocalyptica, system of a down, bad religion, in flames, nine inch nails, basement jaxx, red hot chili peppers, slipknot, the offspring, aphex twin, rammstein, seether, ti?sto, muse, radiohead, cradle of filth, staind
sade, matisyahu, diana krall
belle and sebastian, the magnetic fields, bonnie prince billy, sonic youth, cat power, low, bloc party, the smiths, the go! team, broken social scene, mogwai, the national, johnny cash, fugazi, elliott smith, david bowie, pavement, dinosaur jr., ac/dc, beirut, sufjan stevens, pet shop boys, iron & wine, fleetwood mac, neil young, devo, arcade fire
nightwish, evanescence, hey, loreena mckennitt, guano apes, marilyn manson, tarja turunen, nirvana, enya, emilie autumn, t.a.t.u., lacuna coil, coma, goo goo dolls, siouxsie and the banshees, britney spears, arch enemy, joy division
system of a down, millencolin, iron maiden, disturbed, judas priest, in flames, schandmaul, arch enemy, turisas, b?hse onkelz, children of bodom, hammerfall, dio, rammstein, ac/dc, the offspring, slayer, subway to sally, koЯn, bloodhound gang, apocalyptica, dimmu borgir, nirvana, sum 41, blink-182, edguy, korpiklaani, slipknot, papa roach
new order, the cure, jimmy eat world, anna ternheim, cat power, against me!, death cab for cutie, morrissey, saosin, josé gonzález, le tigre, comeback kid, bloc party, lykke li, nouvelle vague, ignite, the whitest boy alive, bad brains, the kinks, ...and you will know us by the trail of dead, modest mouse, sia, chiodos, bad religion, iron & wine, the jam, the who, devo, belle and sebastian, blonde redhead, depeche mode, the national, arcade fire, joy division, peter bjorn and john, the smiths, feist, the blood brothers
coldplay, enigma, mariah carey, nouvelle vague, nightmares on wax, the beatles, audioslave, groove armada, pink floyd
madonna, paul oakenfold, r?yksopp, britney spears, the pussycat dolls, moby, chicane, justin timberlake, queen, the ting tings, atb, janet jackson, the chemical brothers, mariah carey
mindless self indulgence, nine inch nails, the beatles, bad religion, rage against the machine, fear factory, children of bodom, bowling for soup, the birthday massacre, nightwish, alkaline trio, apoptygma berzerk, electric light orchestra, marilyn manson, akira yamaoka, rhapsody of fire, dethklok, stratovarius, bloodhound gang, pain, cake, public enemy, infected mushroom, mew, gorillaz, fleet foxes
leona lewis, beyoncé, kelly clarkson, duffy, lady gaga, rihanna, spice girls, the killers, robyn, the veronicas, the pipettes, the ting tings, the beatles, katy perry, nirvana, jordin sparks, amy macdonald, rammstein, amy winehouse, the white stripes, mariah carey, mark ronson, t.a.t.u., mirah
the pussycat dolls, katy perry, system of a down
the flaming lips, yann tiersen, ramones, bob dylan, belle and sebastian, eric clapton, the white stripes, gorillaz, norah jones, the doors, queens of the stone age, deftones, bloc party, deus, the rolling stones, apocalyptica, bob marley & the wailers, pink floyd, air, dinosaur jr., the kinks, bj?rk, the beatles, enigma, daft punk, the album leaf, manu chao, sonic youth, pixies, elbow, koЯn, radiohead
arctic monkeys, pendulum, goldfinger, red hot chili peppers, me first and the gimme gimmes, peter fox, bob marley & the wailers, tenacious d, streetlight manifesto, dropkick murphys, ska-p, muse, bloodhound gang, eminem, disturbed, beatsteaks, incubus, gentleman, queens of the stone age, green day, lenny kravitz, the chemical brothers, nirvana
the cure, rammstein, beirut, the beatles, kings of leon, deus, death cab for cutie, morrissey, ac/dc, the police, camera obscura, mgmt, she wants revenge, the smashing pumpkins, digitalism, cocorosie, marilyn manson, the beach boys, klaxons, scissor sisters, the last shadow puppets, manic street preachers, david bowie
chamillionaire, kanye west, outkast, dmx, red hot chili peppers, eminem, nas, lil wayne, r?yksopp, nine inch nails, janet jackson, rise against, nirvana, jay-z, system of a down, dr. dre, michael jackson, common, zero 7, massive attack, disturbed, foo fighters, notorious b.i.g., lupe fiasco, stevie wonder, portishead, ludacris, 2pac, rush, snoop dogg, alicia keys, 50 cent, busta rhymes, metallica, marvin gaye, t.i., ghostface, gnarls barkley, jamiroquai, erykah badu, chris brown
notorious b.i.g., ghostface, j dilla, public enemy, common, mos def, bob marley
beyoncé, céline dion, christina aguilera, james blunt, james morrison, chris brown, akon, jason mraz, the corrs, lady gaga, paolo nutini, breaking benjamin, katy perry
pendulum, gang starr, moby, disturbed, muse, eminem, the prodigy, fatboy slim
the roots, the kooks, the streets, hard-fi, franz ferdinand, the pigeon detectives, the fratellis, the wombats, doves, bonobo, lcd soundsystem, arctic monkeys, the cribs, justice, hot hot heat, keane, architecture in helsinki, the rapture, calvin harris, coldplay, razorlight, the strokes, lily allen, hot chip, vampire weekend, kate nash, mgmt, madness, daft punk
placebo, the beatles, katie melua, nirvana, the killers, disturbed, enya, system of a down, happysad, pid?ama porno
vader, dream theater, amorphis, nile, cannibal corpse, marillion, death, children of bodom, samael, sepultura, arch enemy, darkthrone, bathory, moonspell, morbid angel, pain of salvation, slayer
skinny puppy, marilyn manson, johnny cash, she wants revenge, mindless self indulgence, a perfect circle, r.e.m., placebo, aesop rock, the beatles, siouxsie and the banshees, gorillaz, nine inch nails
kiss, ac/dc, ayreon, johnny cash, keane, miley cyrus, avantasia, def leppard, genesis, pink floyd, the ting tings, dire straits, m?tley crüe, amy macdonald, [unknown], bon jovi, snow patrol
the police, electric light orchestra, metallica, mike oldfield, pink floyd, abba, scissor sisters, a-ha, [unknown], the smiths, r.e.m., ennio morricone, dire straits, james blunt, kaiser chiefs, john williams, moby, the cure, johnny cash, sarah mclachlan, eels
coldplay, radiohead, travis, placebo, feeder, stereophonics, backstreet boys, maroon 5, james blunt, snow patrol, the fray, the killers, oasis, foo fighters, linkin park, nada surf, death cab for cutie, 30 seconds to mars, breaking benjamin, nirvana, paolo nutini, yann tiersen, mika, lacuna coil, u2, jet, hoobastank, franz ferdinand
u2, aerosmith, queen, muse, nofx, green day, in flames, deep purple, the beatles, ac/dc, the offspring, linkin park, the kooks, pearl jam, staind, anathema, iron maiden, foo fighters, dark tranquillity, coldplay, arctic monkeys, the killers, pink floyd, the who, seether, bob marley, oasis, frank sinatra, metallica, louis armstrong, apocalyptica, less than jake, franz ferdinand, red hot chili peppers, children of bodom, system of a down, the cardigans, genesis, kaiser chiefs, judas priest, kreator, sting
thievery corporation, dj krush, deichkind, roots manuva, volbeat, cunninlynguists, kings of leon, the prodigy, mf doom, deftones, booka shade, type o negative, aesop rock, the strokes, damian marley, beastie boys, ratatat, asian dub foundation, digitalism, public enemy, gnarls barkley, télépopmusik, in flames, gorillaz, the verve, massive attack
the beatles, the rolling stones, emilíana torrini, bob dylan, the doors, kings of leon, black rebel motorcycle club, johnny cash, blondie, elvis presley, the libertines, boards of canada, the verve, otis redding, nirvana, the smiths, tom waits, the strokes, ray charles, the brian jonestown massacre
jurassic 5, gang starr
the sounds, bloodhound gang, red hot chili peppers, dropkick murphys, pantera, the pipettes, the fratellis, arctic monkeys, rage against the machine, in flames, the strokes, the who
explosions in the sky, god is an astronaut, muse, arctic monkeys, the bravery, coldplay, the strokes, nine inch nails, nada surf, the killers, kasabian, the fray, franz ferdinand, the cardigans, modest mouse, radiohead, mew, deftones, dizzee rascal, the hush sound, the verve, oasis, snow patrol, kaiser chiefs
ti?sto, afi, metallica, red hot chili peppers, enigma, nine inch nails, alice in chains, system of a down, the beatles, the future sound of london, infected mushroom, green day, radiohead, paul oakenfold, deftones, atb, daft punk, led zeppelin, tori amos, autechre, buena vista social club, armin van buuren, judas priest, staind, the smashing pumpkins, sting, evanescence, iron maiden, pink floyd, death cab for cutie, coldplay, hans zimmer
pantera, opeth, kamelot, megadeth, soundgarden, korpiklaani, dragonforce, alice in chains, ensiferum, dimmu borgir, manowar, limp bizkit, scar symmetry, koЯn, pearl jam, deathstars, akira yamaoka, amorphis, disturbed, nirvana, stratovarius, nightwish, dark tranquillity, poets of the fall
róisín murphy, missy elliott, m.i.a., justin timberlake, placebo, amy winehouse, snoop dogg, sean paul, gwen stefani, lil wayne, 50 cent, beyoncé, the pussycat dolls, benny benassi, the prodigy
nirvana, fall out boy, from first to last, koЯn, afi, placebo, underoath, my chemical romance, the birthday massacre, type o negative, the killers, taking back sunday, rammstein, him, bloc party, the used, slipknot, oomph!, enter shikari, lostprophets, crystal castles, deathstars, breaking benjamin, stone temple pilots, bush, the academy is..., panic! at the disco, shiny toy guns, mew, anberlin, saosin, combichrist, sigur rós, garbage, snow patrol, bullet for my valentine, seether, the veronicas
richard cheese, metallica, pj harvey, interpol, queens of the stone age, gorillaz, the rolling stones, morphine, led zeppelin, gnarls barkley, eric clapton, green day, foo fighters, bloc party, franz ferdinand, calexico, stone temple pilots, the cure, red hot chili peppers, thom yorke, tool, arcade fire, jeff buckley
bonobo, thievery corporation, nightmares on wax, zero 7, tosca, the cinematic orchestra, mr. scruff, koop, air, de-phazz, the herbaliser, lamb, télépopmusik, portishead, josé gonzález, r?yksopp, sia, billie holiday, parov stelar, st. germain, groove armada, massive attack, amon tobin, goldfrapp, hooverphonic, morcheeba, dj krush
red hot chili peppers, groove armada, john frusciante, blink-182, josé gonzález, gnarls barkley, beastie boys, n*e*r*d, nouvelle vague, ben harper, common, kanye west, rage against the machine, cunninlynguists, the roots, radiohead, mos def, talib kweli, eric clapton, michael jackson, jurassic 5, john legend, sage francis, buena vista social club, alicia keys, jeff buckley, phil collins, cypress hill, toto, paul simon, imogen heap, beck, foo fighters, james brown, johnny cash, roots manuva
modest mouse, placebo, explosions in the sky, alice in chains, duran duran, mogwai, girl talk, cursive, minus the bear, queens of the stone age, bonnie prince billy, the go! team, prince, pavement, david bowie, the smashing pumpkins, built to spill, pixies, four tet, m83, tool, a perfect circle, mew, the get up kids, the album leaf, they might be giants, animal collective, cold war kids
kylie minogue, bob dylan, aretha franklin, the beatles, johann sebastian bach, mike oldfield, simon & garfunkel, pet shop boys, abba, the kinks, the who, john williams, ray charles, nick drake, van morrison, david bowie, hans zimmer, sheryl crow, jimi hendrix, kt tunstall, queen, jefferson airplane, avril lavigne, morrissey, norah jones, r.e.m., jeff buckley
muse, kiss, foo fighters, ac/dc, thin lizzy, pink floyd, def leppard, joe satriani, guns n roses, justice, u2, queen, regina spektor, mogwai, john williams, evanescence, the streets, a-ha, the corrs, oasis
a tribe called quest, the roots, arctic monkeys, beastie boys, jay-z, mando diao, radiohead, the libertines, eminem, the white stripes, de la soul, eagles of death metal, nas, gentleman, jurassic 5, outkast, the game, ice cube, amy winehouse, talib kweli, babyshambles, iggy pop, ac/dc, blur, mos def, j dilla
converge, iron maiden, mastodon, immortal technique, nas, the dresden dolls, isis, napalm death, alice in chains, bob marley & the wailers, slayer, joy division, rise against, pixies, mobb deep, cypress hill
sum 41, ska-p, nofx, seeed, bob marley & the wailers
the beatles, black eyed peas, jurassic 5, beastie boys, ghostface, ice cube, erykah badu, justice, snoop dogg, mos def, jay-z, nine inch nails, simian mobile disco, eminem, michael jackson, gang starr, dr. dre, ludacris, the game, peaches
ray charles, norah jones, eels, kings of convenience, jamie cullum, sigur rós, kings of leon, chet baker, bob dylan, coldplay, thomas newman, michael bublé, frank sinatra, jack johnson, bright eyes, feist, the beatles, colbie caillat
the beach boys, say anything, the weakerthans, alkaline trio, saves the day, death cab for cutie, the national, kanye west, metro station, jimmy eat world, cat stevens, a fine frenzy, ben harper, green day, motion city soundtrack, the all-american rejects, john legend, vampire weekend, girl talk, bj?rk, feist, descendents, fall out boy, the shins, cursive, beastie boys, fleet foxes, kelly clarkson, muse, beck, the postal service, chris brown, jay-z, gym class heroes
feist, animal collective, beirut, kings of leon, arctic monkeys, klaxons, yann tiersen, death from above 1979, late of the pier, adele, cansei de ser sexy, metric, los hermanos, lykke li, peter bjorn and john, justice, the national, mgmt, tokyo police club, amy winehouse
lil wayne, slipknot, killswitch engage, metallica, linkin park, pinback, system of a down, in flames, ladytron, lamb of god, the beatles, stone sour, devildriver, chimaira, serj tankian, sepultura, guns n roses, megadeth, the sounds, m83, gorillaz, seether, dethklok, from autumn to ashes, type o negative, hatebreed, rob zombie, ratatat, ill ni?o
the smiths, blonde redhead, beirut, travis, regina spektor, andrew bird, final fantasy, belle and sebastian, jens lekman, the breeders, pixies, nick drake, the cinematic orchestra, simon & garfunkel, jeff buckley, carla bruni, the shins, kings of convenience, mogwai, nina simone, bob dylan, damien rice
eluveitie, ensiferum, meshuggah, koЯn, sublime, system of a down, slipknot, korpiklaani, pendulum, tool, metallica, disturbed, children of bodom, nightwish, gojira, enter shikari
kiss, the kooks, coldplay, h?kan hellstr?m, the beatles, queen, the hives, mando diao, red hot chili peppers, arctic monkeys, paramore, nirvana, ac/dc, franz ferdinand, queens of the stone age, reel big fish, goo goo dolls, kent, paolo nutini, hot hot heat, the killers, johnny cash, the subways, bob dylan, bob marley, the white stripes, guns n roses, the shins, lagwagon, plain white ts, apocalyptica, panic at the disco, fall out boy, tegan and sara, millencolin, the strokes, jason mraz, metallica, hans zimmer
bob marley & the wailers, bad brains, jamiroquai, madness, rage against the machine, matisyahu, mot?rhead, bob marley, chico buarque, david bowie, no doubt, ac/dc, johnny cash
muse, taking back sunday, mindless self indulgence, cobra starship, sublime, the dresden dolls, the distillers, saves the day, flogging molly, no doubt, paramore, metro station, nofx, from first to last, katy perry, queen, gorillaz, ok go, frank sinatra, blink-182, nine inch nails, tom waits
lacuna coil, enya, avril lavigne, dido, epica, simple plan, blink-182, evanescence, fall out boy, enigma, placebo, green day, madonna, t.a.t.u.
placebo, lacrimosa, rammstein, therion, koЯn, linkin park, nine inch nails, the chemical brothers, sirenia, muse, moonspell, nirvana, rage against the machine, nightwish, unkle, bloc party, moby, lacuna coil, iron maiden, system of a down, green day, red hot chili peppers, blink-182
apocalyptica, disturbed, daft punk
in flames, norther, eluveitie, vader, rammstein, static-x, morbid angel, nightwish, sepultura, disturbed, carcass, soulfly, ill ni?o, evanescence, the cranberries
primal scream, nick drake, sublime, green day, pink floyd, the zombies
bob dylan, bon iver, pink floyd, the doors, the kinks, joy division, beirut, david bowie, tom waits, bauhaus, jefferson airplane, calexico, antony and the johnsons, miles davis, the rolling stones, neil young, nick cave and the bad seeds, john frusciante, the sisters of mercy, against me!
jonas brothers, chris brown, the academy is..., relient k, underoath, fall out boy, britney spears, the all-american rejects, matchbox twenty, avril lavigne, new found glory, boys like girls, brand new, paramore, motion city soundtrack, plain white ts, ne-yo, enrique iglesias, the used, blink-182, the fray, the killers, sugarcult, backstreet boys, eminem
[sade]
parov stelar, imogen heap, sage francis, maria mena, kt tunstall, the faint, cunninlynguists, the bravery, richard cheese, koЯn, natasha bedingfield, the cure
lykke li, bat for lashes, santogold, the roots, the knife, emilie simon, gogol bordello, gnarls barkley, hercules and love affair, beirut, ratatat, cocorosie, vampire weekend, tom waits, múm, aesop rock, crystal castles, róisín murphy, josé gonzález, portishead, thievery corporation, prefuse 73, nine inch nails
blur, pearl jam, joy division, rage against the machine, at the drive-in, roots manuva, bad brains, led zeppelin, nirvana, fugazi, alice in chains, godsmack, incubus, the kooks, the doors, pid?ama porno, tool, coma, system of a down, the smashing pumpkins, babyshambles, beck, minor threat, bonobo, m.i.a.
bloc party, nada surf, the killers, thrice, blur, digitalism, death cab for cutie, the kooks, kaiser chiefs, the offspring, interpol, the all-american rejects, the white stripes, the used, justice, daft punk, arcade fire, boys noize, funeral for a friend, beck, foo fighters, the postal service, the strokes, taking back sunday, afi, coldplay, nirvana, the shins, the corrs, finch, plain white ts, rise against, from first to last, snow patrol, red hot chili peppers, the beatles, franz ferdinand, something corporate, millencolin, the police, thursday
daft punk, the beatles, richard cheese
streetlight manifesto, jason mraz, goldfinger, metallica, rancid, pendulum, reel big fish, the who, ludwig van beethoven, the offspring, faith no more, sublime, nine inch nails, rise against, explosions in the sky, bowling for soup
nightwish, armin van buuren, scooter, metallica, mot?rhead, daft punk, red hot chili peppers, iron maiden, dethklok, rhapsody of fire, ti?sto, green day, the chemical brothers, moby, fatboy slim, kiss, r.e.m., katy perry, the killers, m?tley crüe, blondie, abba, the who, the offspring, creedence clearwater revival, amy macdonald, dragonforce
minus the bear, motion city soundtrack, max?mo park, bloc party, sufjan stevens, the strokes, the smiths, biffy clyro, sigur rós, nick drake, damien rice, keane, three days grace, paramore, snow patrol, the wombats, colbie caillat, jack johnson, hellogoodbye, the used, city and colour, mono, 44, less than jake, feeder, final fantasy, fall out boy, billy talent
apoptygma berzerk, combichrist, depeche mode, vnv nation, ladytron
radiohead, rjd2, incubus, led zeppelin, red hot chili peppers, atmosphere, jack johnson, the beatles, coheed and cambria, muse, travis, bob marley & the wailers, sublime, simon & garfunkel, aesop rock, gorillaz, the strokes, tegan and sara, prefuse 73, 311, cream, jimmy eat world, portishead, gnarls barkley, david bowie, sage francis, pink floyd, nelly furtado, thursday, interpol, mf doom, neil young, broken social scene
alter bridge, lifehouse, pain of salvation, nightwish, him, goo goo dolls, kamelot, ayreon, incubus, iron maiden, john mayer, symphony x, opeth, killswitch engage, placebo, 3 doors down, muse, eagles, seal, dream theater, audioslave, creed, eminem, metallica, sonata arctica, staind
pink martini, billie holiday, blondie, michael bublé, barenaked ladies
nine inch nails, depeche mode, air, pj harvey, queens of the stone age, tegan and sara, the smiths, nirvana, alice in chains, the hives, the smashing pumpkins, the notwist, ladytron, the cure, peaches, arctic monkeys, tool, the strokes, deftones, the libertines, the white stripes, a perfect circle, franz ferdinand, the weakerthans, marilyn manson, placebo, joy division, the breeders, pixies, bright eyes, badly drawn boy, beck, bj?rk, bloc party, the sisters of mercy, kings of leon, anna ternheim, radiohead, billy talent, the knife, blur, pearl jam, muse, babyshambles, elbow
brand new, say anything, phoenix, crystal castles, yeah yeah yeahs, death cab for cutie, blink-182, taking back sunday, my chemical romance, bloc party, band of horses, foals, the national, modest mouse, angels & airwaves, saosin, the killers, the strokes, the cribs, justice, digitalism
ensiferum, haggard, rhapsody of fire, electric light orchestra, in flames, amon amarth, dethklok, dragonforce, sonata arctica, atreyu, ayreon
howard shore, lamb of god, norther, all shall perish, cradle of filth, sirenia, enya, hans zimmer
cunninlynguists, jedi mind tricks, eminem, mf doom, jay-z, atmosphere, sage francis, lupe fiasco, dj shadow, nas, kanye west, talib kweli, j dilla
melvins, 311, beastie boys, red hot chili peppers, weezer, guano apes, incubus, busta rhymes, cypress hill, al green, sublime, primus, p.o.d., beck, asian dub foundation, snoop dogg, rage against the machine, jamiroquai, nirvana
black sabbath, thin lizzy, van halen, ozzy osbourne, deep purple
enya, clint mansell, hans zimmer, deep purple, boards of canada, the cranberries, robbie williams
fall out boy, sum 41, muse, billy talent, the offspring, katy perry, my chemical romance, panic at the disco, the killers, rihanna, lady gaga, die ?rzte, 44, metro station, peter fox, system of a down, blink-182, mando diao, flo rida, good charlotte, green day, leona lewis, red hot chili peppers, the white stripes, the hives, ashlee simpson, the pussycat dolls, linkin park, beatsteaks, kaiser chiefs, christina aguilera, black eyed peas, joni mitchell, paramore, dope, james blunt
enter shikari, bloc party, late of the pier, foo fighters, klaxons, the libertines, the strokes, foals, blink-182, justice, the cribs, flight of the conchords, rage against the machine, green day, franz ferdinand, the last shadow puppets, the streets, death from above 1979, daft punk, linkin park, arcade fire, red hot chili peppers, the hives, feeder, sum 41, razorlight, babyshambles, queens of the stone age, kings of leon
the cure, beastie boys, boards of canada, dj krush, mogwai, radiohead, django reinhardt, pj harvey, chet baker, deftones, portishead, cypress hill, fugazi, tv on the radio, the dillinger escape plan, isis, air, metallica, miles davis, comeback kid, sigur rós, hatebreed, nine inch nails, converge, low, massive attack, down, 65daysofstatic, depeche mode, lamb of god, dj shadow, pantera, a perfect circle, ice cube
combichrist, rammstein, ti?sto, blank & jones
[unknown], gorillaz, mando diao, the strokes, franz ferdinand, babyshambles, death cab for cutie, muse, afi, feist, die ?rzte, queens of the stone age, dirty pretty things, the distillers, linkin park, portishead, bob marley, metallica, elvis presley, system of a down, die toten hosen, red hot chili peppers, the gossip, underoath, the subways, bj?rk, peaches, the doors, yeah yeah yeahs, joy division, billy talent, nirvana
in flames, red hot chili peppers, nightwish, johann sebastian bach, the flashbulb, the prodigy, pink floyd, after forever, scorpions, epica, muse, nirvana, marilyn manson, enya, t.a.t.u., shpongle, infected mushroom, rammstein, children of bodom, devildriver, god is an astronaut, nina simone, r?yksopp, blonde redhead, pantera, unkle, combichrist, dragonforce, dream theater, emilie autumn, groove armada, tool, frédéric chopin, amon tobin
amy winehouse, róisín murphy, mark ronson, koop, moloko, mr. scruff, john legend, lily allen, air, erykah badu, bj?rk, jamiroquai, thievery corporation, blur, the roots, jazzanova, amon tobin, basement jaxx, the knife, ben folds five, eels, the smashing pumpkins
michael bublé, nouvelle vague, damien rice, nelly furtado, frédéric chopin, al green, paolo nutini, kent, bj?rk, madonna, stevie wonder, seal, queen, cat power, norah jones, john legend, jack johnson, city and colour, anna ternheim
kaiser chiefs, the killers, afi, bad religion, ramones, franz ferdinand, muse, nofx, klaxons, the offspring, green day, kings of leon, kasabian, millencolin, pennywise, arcade fire, placebo, travis, billy talent, new found glory, koЯn, the doors, the used
breaking benjamin, nightwish, green day, linkin park, bruce springsteen, disturbed, metallica
modest mouse, system of a down, jamiroquai, flogging molly, at the drive-in, creedence clearwater revival, the shins, refused, death cab for cutie, the smiths, at the gates, coldplay, arctic monkeys, atreyu, tom waits, mew, rage against the machine, from autumn to ashes, dredg, tori amos, rise against, red hot chili peppers, faith no more, a perfect circle, pixies, the beatles, muse, lamb of god, the sounds, saosin, tool, beck, bright eyes, metallica, johnny cash
pink floyd, daft punk, epica, crystal castles, the doors, metallica, muse, manu chao, cradle of filth, radiohead, system of a down, justice, the chemical brothers, the beatles, marilyn manson, jimi hendrix, archive, digitalism, the offspring, iron maiden, miles davis, nirvana, guns n roses, led zeppelin, black sabbath, dimmu borgir, gorillaz, nightwish, eric clapton, rammstein, slipknot, placebo
in flames, isis, mogwai, mastodon, the beatles, machine head, as i lay dying, devildriver, queens of the stone age, atreyu, godsmack, foo fighters, iron maiden, soilwork, comeback kid, hatebreed, gojira, thrice, 65daysofstatic, black sabbath, rammstein, stone sour, trivium, lamb of god, killswitch engage, tool, mudvayne, slipknot, static-x, muse, disturbed
iggy pop, philip glass, my bloody valentine, the beach boys, melvins, black sabbath, burial, radiohead, david bowie, ac/dc, megadeth, various artists, slowdive, leonard cohen
cradle of filth, deathstars, kmfdm, combichrist, moonspell, my chemical romance, rammstein, apocalyptica, bullet for my valentine, marilyn manson
die ?rzte, stone sour, dropkick murphys, evanescence, farin urlaub, u2, 3 doors down, apoptygma berzerk, muse, placebo, matchbox twenty, flogging molly, green day, pennywise, beatsteaks, pink, depeche mode, ramones, nightwish, the white stripes, creed, the hellacopters, arctic monkeys, incubus, rammstein, mando diao, nine inch nails, red hot chili peppers, alter bridge, counting crows, alanis morissette, good charlotte
moby, skinny puppy, roxette, the future sound of london, tori amos, a-ha, akira yamaoka
vangelis, judas priest, ludwig van beethoven, bad religion, tenacious d
john mayer, panic at the disco, jamie cullum, green day, tenacious d, amy winehouse, the beatles, matchbox twenty, jamiroquai, queen, charlie parker, lenny kravitz, cream, jimi hendrix, ac/dc, the who
the cranberries, james blunt, eminem, akon, jay-z, lady gaga
abba, manu chao, creedence clearwater revival, gotan project, nina simone, ac/dc, amy winehouse, evanescence, dire straits, josé gonzález, enigma, duffy, leonard cohen, enya, johnny cash, norah jones, electric light orchestra, kent
linkin park, infected mushroom, eminem, chamillionaire, fort minor, the prodigy, asian dub foundation, the crystal method, timbaland, akon, sean paul, black eyed peas
311, death, the killers, the cure, circa survive, anathema, dredg, editors, interpol, city and colour, dave matthews band, led zeppelin, damien rice, arch enemy, thievery corporation, muse, norah jones, rush, dark tranquillity, kings of leon, minus the bear, iced earth, meshuggah, deftones, bloc party, incubus, snow patrol, lamb of god, the kooks, arctic monkeys, travis, coldplay, dashboard confessional, the fray
hey, happysad, myslovitz, pid?ama porno, fall out boy, green day, akurat, evanescence, coma, metallica, system of a down, apocalyptica, cradle of filth, bullet for my valentine, my chemical romance
opeth, katatonia, ulver, patrick wolf, joanna newsom, jethro tull, david bowie, aesop rock, blur, sufjan stevens, devendra banhart, joy division, tom waits, immortal technique, cunninlynguists, bonnie prince billy, mew, the smiths, genesis, nine inch nails, animal collective, cocorosie, johann sebastian bach
deus, the cranberries, the offspring, slipknot, evanescence, the cinematic orchestra, thomas newman, iamx, eels, nirvana, cocorosie, moby, metallica, serj tankian
john mayer, broken social scene, grizzly bear, m83, yo la tengo, modest mouse, the national, josé gonzález, kanye west, fort minor, taking back sunday, nas
coldplay, farin urlaub, red hot chili peppers, die ?rzte, die toten hosen, john frusciante, enter shikari, pink floyd, r.e.m., beatsteaks, less than jake, the dillinger escape plan, the offspring, rage against the machine, in flames, tool, dream theater, the kooks, muse, tenacious d, billy talent, bob marley, the flaming lips, flogging molly, system of a down, heaven shall burn, the subways, bob dylan, iron maiden, the fratellis, arctic monkeys, amy macdonald, the strokes, led zeppelin, nirvana, peter fox, green day, jack johnson, frank zappa, jet, weezer, bloc party, dire straits
pink floyd, the beatles, melvins, queen, nirvana, the rolling stones, deep purple, the doors, led zeppelin, foo fighters, the clash, ac/dc, black sabbath, blink-182, mot?rhead, volbeat, ramones, the cure, the offspring, oasis, sex pistols, the who, pearl jam, aerosmith, pixies, iron maiden, metallica, millencolin, red hot chili peppers, black rebel motorcycle club, muse, the velvet underground, radiohead, cream
epica, manowar, trivium, u2, metallica, amorphis, nightwish, cradle of filth, samael, blind guardian, 311, the killers, disturbed, depeche mode, type o negative, howard shore, moby, therion, theatre of tragedy, lacuna coil, koЯn, dido, opeth, sepultura, rammstein, tarja turunen, van halen, nine inch nails, garbage, moonspell, nirvana, red hot chili peppers, faithless, panic! at the disco, the strokes
cunninlynguists, roots manuva, the streets, notorious b.i.g., dr. dre, amon tobin, orbital, venetian snares, 50 cent, aphex twin, prefuse 73, m.i.a., aesop rock, dj shadow, eminem, autechre, dj krush, cypress hill
the roots, the offspring, pendulum, pixies, eric clapton, o.s.t.r., the crystal method, fatboy slim, david guetta, rammstein, scooter, jedi mind tricks, avenged sevenfold, good charlotte, [unknown], eminem, mindless self indulgence, the beatles, nightwish, 30 seconds to mars, ice cube, katy perry, fort minor, sean paul
red hot chili peppers, orbital, linkin park, black eyed peas, rage against the machine, the offspring, asian dub foundation, fatboy slim, the prodigy, the chemical brothers, the doors, gogol bordello, the beatles, system of a down, pink floyd, moloko, aphex twin, moby, róisín murphy, the crystal method, thom yorke, u2, limp bizkit, pendulum
brian eno, boards of canada, stereolab, of montreal, david bowie, the velvet underground, sonic youth, cocteau twins, new order, my bloody valentine, talking heads, yo la tengo, low, dragonforce, squarepusher, philip glass, slowdive, the radio dept., girl talk
lady gaga, sugababes, beyoncé, the pussycat dolls, kylie minogue, girls aloud, britney spears, spice girls, september, andrew lloyd webber, goldfrapp, rihanna, hot chip, r?yksopp, gwen stefani, shakira, cascada, madonna, leona lewis, the veronicas, basshunter, dido, hilary duff, katy perry, mariah carey
akon, avril lavigne
jack johnson, red hot chili peppers, coldplay, the shins, belle and sebastian, the decemberists, franz ferdinand, arctic monkeys, bright eyes, maroon 5, my chemical romance, paolo nutini, the cure, nirvana, m. ward, the postal service, counting crows, interpol, sublime, cat power, hot hot heat, modest mouse, the roots, dashboard confessional, nine inch nails, shakira, the flaming lips, nick drake, audioslave, fall out boy, gorillaz
rihanna, britney spears, jordin sparks, beyoncé, katy perry, mariah carey, miley cyrus, nelly furtado, kelly clarkson, lady gaga
ashlee simpson, kelly clarkson, cat power, amy macdonald, the corrs
megadeth, queen, michael jackson
the decemberists, 311, bob marley & the wailers, iron & wine, thievery corporation, jurassic 5, red hot chili peppers, belle and sebastian, ray lamontagne, the beatles, outkast, jamie cullum, charlie parker, miles davis, nick drake, dave matthews band, john coltrane, spoon, mindless self indulgence, atmosphere, neutral milk hotel
good charlotte, die toten hosen, kate nash, the killers, groove coverage, linkin park, 44, deichkind, jack johnson, coldplay
the beatles, the libertines, the strokes, red hot chili peppers, john frusciante, babyshambles, arctic monkeys, radiohead, dirty pretty things, frank zappa, ramones, deus, max?mo park, the kooks, franz ferdinand, lou reed, the raconteurs, jimi hendrix, the killers, cream, razorlight, the white stripes, kaiser chiefs, the jam, r.e.m., bob dylan, the police, john lennon, the smiths, beirut, jethro tull, johnny cash, foo fighters, jamie cullum, josé gonzález, jack johnson
dashboard confessional, mae, something corporate, gym class heroes, all time low, jason mraz, john mayer, the beatles, matchbox twenty, relient k
muse, max?mo park, keane, kaiser chiefs, oasis, babyshambles, placebo, the killers, the strokes, arctic monkeys, the libertines, interpol, kasabian, the wombats, bloc party, coldplay, razorlight, editors, klaxons, the hives, blur, late of the pier, the ting tings, kings of leon, hot hot heat, the verve, dirty pretty things, the fratellis, the cribs
cake, the white stripes, jack johnson, johnny cash, radiohead, led zeppelin, the black keys, the strokes, amy winehouse, cat stevens, chico buarque, portishead, okkervil river, beastie boys, placebo, pearl jam, dave matthews band, ray charles, fleetwood mac, eddie vedder, the cure, david bowie, the velvet underground, pixies, tom waits, talking heads, fleet foxes
katy perry, bon jovi, 3 doors down, scorpions, [unknown], nickelback, red hot chili peppers, queen
queen, red hot chili peppers, metallica, skillet, system of a down, reel big fish, johnny cash, jason mraz, green day, nirvana, sabaton, bruce springsteen, scooter
amy macdonald, yann tiersen, dido, katie melua, colbie caillat, duffy, kate nash, jem, kt tunstall, sara bareilles, sarah mclachlan, the album leaf, 65daysofstatic, buckethead, james blunt, tracy chapman, god is an astronaut
nightwish, ayreon, avantasia, rhapsody of fire, ac/dc, gorillaz, deep purple, hammerfall, helloween, incubus, ensiferum
sufjan stevens, bob dylan, jack johnson, the beatles, u2, deus, kimya dawson, eels, coldplay, amy macdonald, johnny cash, the cranberries, moby, damien rice
dream theater, faith no more, anathema, coldplay, the gossip, the haunted, metallica, inxs, megadeth
atmosphere, modest mouse, cunninlynguists, the beatles, aesop rock, immortal technique, sage francis
michael bublé, rihanna, abba, amy winehouse, mika, [unknown], queen, beyoncé, black eyed peas, nickelback, sugababes, electric light orchestra, gwen stefani, leona lewis, madonna, nelly furtado, the pussycat dolls, timbaland, jet, pink, sugarcult, mariah carey, pet shop boys, sean paul, norah jones, carla bruni, frank sinatra
bonnie prince billy, iron & wine, arcade fire, cocteau twins, beirut, max richter, sufjan stevens, calexico, einstürzende neubauten
sean paul, nelly furtado, rihanna, justin timberlake, seeed, mariah carey, akon, timbaland, mika, lady gaga, cascada, t.i., madonna
gentleman, infected mushroom, akurat, air, kt tunstall, john legend, hey, myslovitz, dead can dance, sting, michael bublé, peter gabriel, bruce springsteen, louis armstrong, akira yamaoka, pink floyd
deerhoof, the national, the white stripes, animal collective, red hot chili peppers, stars, dead kennedys, lcd soundsystem, sonic youth, franz ferdinand, mogwai, deerhunter, death cab for cutie, a tribe called quest, fleet foxes, herbie hancock, the police, battles, explosions in the sky, spoon, the roots, james brown, the shins, jimi hendrix, the new pornographers, the notwist
boards of canada, dj krush, philip glass, yann tiersen, brian eno, ratatat, justice, the whitest boy alive, amon tobin, autechre, apparat, godspeed you! black emperor, burial, clint mansell, nina simone, m.i.a., pink floyd, thievery corporation
mogwai, silverchair, minus the bear, explosions in the sky, the dillinger escape plan, isis, afi, 311, lamb of god, mono, badly drawn boy, at the drive-in, tool
camera obscura, kimya dawson, sufjan stevens, cocorosie, the notwist, iron & wine, ella fitzgerald, feist, of montreal, adam green, antony and the johnsons, bon iver, grizzly bear
saves the day, alexisonfire, brand new, jimmy eat world, taking back sunday, blink-182, new found glory, death cab for cutie, fall out boy, relient k, comeback kid, the beatles, anti-flag, chiodos, motion city soundtrack, descendents, sublime
radiohead, pink floyd, thom yorke, apparat
chicane, armin van buuren, toto, rainbow, deep purple, ferry corsten, enya, vangelis, above & beyond, faithless, u2, paul van dyk, the corrs, atb, dire straits, roxette, sting, groove coverage, ti?sto
die toten hosen, die ?rzte, rammstein, system of a down, green day, linkin park, backstreet boys, as i lay dying, incubus, britney spears, dream theater, the beatles, michael bublé, jonas brothers, christina aguilera
nas, the get up kids, ghostface, wu-tang clan, converge
foo fighters, alice in chains, snow patrol, dave matthews band, my chemical romance, nada surf, oasis, placebo, aretha franklin, moby, the killers, the fray, brand new, alanis morissette, blur, goo goo dolls, maroon 5, 3 doors down, a-ha, system of a down, circa survive, mgmt
bruce springsteen, creedence clearwater revival, bryan adams, dire straits, a-ha, r.e.m., aerosmith, red hot chili peppers, bee gees, antonio vivaldi, backstreet boys, ludwig van beethoven, enya, nirvana, u2, simon & garfunkel, howard shore, electric light orchestra, the byrds
armin van buuren, delerium, blank & jones, squarepusher, dead can dance, atb, shpongle, linkin park, infected mushroom, placebo, the future sound of london, apoptygma berzerk, ti?sto, enigma, paul oakenfold, scooter, bonobo, chicane, faithless, r?yksopp, paul van dyk, depeche mode
amy winehouse, alicia keys, mariah carey, ashlee simpson, kanye west, lily allen, gwen stefani, dashboard confessional, oasis, britney spears, fiona apple, panic at the disco, sheryl crow, lady gaga, incubus, jennifer lopez, fall out boy, the beatles, dido, matchbox twenty, radiohead, snow patrol, taylor swift, natasha bedingfield, rihanna, mary j. blige, no doubt, shakira, maroon 5, joss stone, new found glory, james morrison, ne-yo, beyoncé
radiohead, black sabbath, dead kennedys, dio, ludwig van beethoven, ozzy osbourne, deep purple, manowar, justice, my chemical romance, dire straits, mika, the rolling stones, aerosmith, gamma ray, the specials
the smiths, deerhunter, low, nick drake, slowdive, modest mouse
him, nightwish, nine inch nails, the offspring, rage against the machine, pearl jam, evanescence, lacrimosa, serj tankian, rammstein, arctic monkeys, [unknown], foo fighters, depeche mode, system of a down, hoobastank, the 69 eyes, radiohead, bush, nirvana
missy elliott, pavement, autechre, beck, roots manuva, dj shadow, m.i.a., madvillain, deerhoof, steely dan, sonic youth, stevie wonder, the mountain goats, talib kweli, lcd soundsystem, spoon, stereolab, aphex twin, gnarls barkley, plaid
sepultura, amon amarth, children of bodom, napalm death, in flames, arch enemy, death, carcass, sodom, dark tranquillity, devildriver, at the gates, immortal, therion
bob marley, sublime, black eyed peas, madonna, coldplay, red hot chili peppers, beastie boys, the police, amy winehouse, guns n roses, no doubt, radiohead
justin timberlake, the prodigy, rihanna, the cranberries, madonna, gorillaz, timbaland, britney spears, moloko, sting, groove armada, nelly furtado
groove armada, jamie cullum, st. germain, rjd2, sublime, bloc party, enter shikari, dj shadow, the subways, massive attack, blink-182
alexisonfire, evanescence, enter shikari, marilyn manson, bullet for my valentine, mogwai, alesana, koЯn, circa survive
radiohead, interpol, beirut, nada surf, bob dylan, iron & wine, spoon, broken social scene, the national, bloc party, sufjan stevens, feist, death cab for cutie, regina spektor, andrew bird, girl talk, editors, third eye blind, pinback, bon iver, elliott smith, modest mouse, the strokes, the decemberists, cat power, muse, mirah, final fantasy, the shins, ratatat, devendra banhart, arcade fire, the album leaf, damien rice, joshua radin, animal collective, minus the bear, snow patrol, stars, mgmt, grizzly bear
hellogoodbye, basshunter, kent, dir en grey, him, afi, coldplay, green day, from first to last, the killers, katy perry, rise against
damien rice, gotan project, iron & wine, beirut, explosions in the sky, manu chao, sigur rós, enya, placebo, 65daysofstatic, bright eyes, the album leaf, sting, the police, norah jones
hoobastank, jamie cullum, inxs, fatboy slim, josé gonzález, miles davis, snow patrol, audioslave, nelly furtado, alice in chains
dr. dre, metallica, eminem
amy winehouse, chico buarque, damien rice, joni mitchell, cansei de ser sexy, paolo nutini, cake, caetano veloso, the cranberries
the smiths, belle and sebastian, bruce springsteen, [unknown], h?kan hellstr?m, jens lekman, depeche mode, dinosaur jr., neil young, the smashing pumpkins, nick cave and the bad seeds, the magnetic fields, band of horses, m. ward, prince, notorious b.i.g., basement jaxx, talking heads, new order
blink-182, sum 41, simple plan, green day, alanis morissette, evanescence, good charlotte, eminem, boys like girls, nickelback, linkin park, paramore, fall out boy, lily allen, 44, britney spears, marilyn manson, 3 doors down, pink, bowling for soup, the distillers, kelly clarkson
animal collective, the beatles, chico buarque, johann sebastian bach, talking heads, einstürzende neubauten, billie holiday, leonard cohen, creedence clearwater revival, the magnetic fields, john frusciante, bob dylan, eddie vedder, burial
[napalm death]
keane, the radio dept., apparat, hellogoodbye, interpol, muse, oasis, the academy is..., linkin park, coldplay, good charlotte, cobra starship, plaid, tokyo police club, death cab for cutie, metro station, panic at the disco, soundtrack, lily allen, beirut, hilary duff, jonas brothers
tegan and sara, farin urlaub, the dresden dolls, seether
the doors, the shins, sufjan stevens, bat for lashes, beirut, deerhunter, bright eyes, mew, the mars volta, modest mouse, brand new, sigur rós, animal collective, elliott smith, joanna newsom
kiss, the cure, the beatles, bob marley & the wailers, enya, u2, peter gabriel, led zeppelin, abba, genesis, a-ha, siouxsie and the banshees
garbage, jamie cullum, bloc party, the jesus and mary chain, tricky
the beatles, tegan and sara, pj harvey, rilo kiley, jefferson airplane, the cure, no doubt, yeah yeah yeahs, the white stripes, modest mouse, the stone roses, the dresden dolls, morrissey, echo & the bunnymen, franz ferdinand, joni mitchell, regina spektor, simon & garfunkel, ramones, the clash, siouxsie and the banshees, bob dylan, pixies, flight of the conchords, of montreal, the who, the kills, john lennon, badly drawn boy, beck, led zeppelin, the raconteurs, r.e.m., the velvet underground, babyshambles, bat for lashes, janis joplin, cat stevens, silverchair, iggy pop, belle and sebastian
eminem, rihanna, dido, linkin park, t.a.t.u., simple plan, nickelback, [unknown], britney spears, céline dion
autechre, boards of canada, venetian snares, squarepusher, apparat, flying lotus, nine inch nails, prefuse 73, radiohead, j dilla, plaid, bj?rk
wolfgang amadeus mozart, sarah mclachlan, gotan project, peter fox, johann sebastian bach, antonio vivaldi, nick cave and the bad seeds, loreena mckennitt, hooverphonic, frédéric chopin, kt tunstall, manu chao, cat stevens, sigur rós, katie melua, john lennon, the ting tings, pink martini, cat power, goldfrapp, norah jones
comeback kid, the weakerthans, city and colour, millencolin, goldfinger, silverstein, heaven shall burn, alexisonfire, killswitch engage, parkway drive, the shins, band of horses, arctic monkeys, as i lay dying, lagwagon, fall out boy, pearl jam, arcade fire
pink floyd, opeth, porcupine tree, johnny cash, god is an astronaut, ayreon, hans zimmer, metallica, tom waits, anathema, my dying bride, katie melua, portishead, queen, sigur rós, katatonia, the cinematic orchestra, nine inch nails, bruce springsteen, antonio vivaldi, moby, hypocrisy
moonspell, misfits, green day, evanescence, slayer, nightwish, pain
death, metallica, judas priest, morbid angel, iron maiden, carcass, slayer, black sabbath, kreator, sepultura, pantera, sodom, tenacious d, megadeth, napalm death
radiohead, of montreal, arcade fire, girl talk, queens of the stone age, the brian jonestown massacre, outkast, nirvana, animal collective, mgmt, rage against the machine, the smashing pumpkins, joy division, led zeppelin, blur, air, the velvet underground, vampire weekend, crystal castles, lcd soundsystem, sonic youth, the beatles, cansei de ser sexy, digitalism, cat power, justice, daft punk, a tribe called quest, m.i.a., lou reed, the white stripes, iggy pop, the presets
switchfoot, relient k
dashboard confessional, alanis morissette, the beatles, pearl jam, madonna, onerepublic, blink-182, oasis, the ataris, foo fighters, amy winehouse, the fray, the verve, lifehouse, new found glory, radiohead, spoon, incubus, avril lavigne, chico buarque, ska-p, aerosmith
yellowcard, dir en grey, all that remains, goo goo dolls, lifehouse, nirvana, him, oomph!, dope
stone sour, seether, deftones, the prodigy, fatboy slim, papa roach, koЯn, limp bizkit, guano apes, p.o.d., disturbed, rage against the machine, system of a down, adema, slipknot, staind, godsmack, drowning pool, breaking benjamin, metric, stereophonics
sigur rós, eels, radiohead, fleet foxes, muse, pink floyd, broken social scene, the strokes, foals, the white stripes, bloc party, the beatles, my bloody valentine, air, girl talk, feist, klaxons, the velvet underground, the mars volta, mgmt, vampire weekend, camera obscura, neutral milk hotel, justice, queens of the stone age, lcd soundsystem, animal collective, bon iver, the killers, the streets, coldplay, r?yksopp, the hives, sonic youth, the rapture, franz ferdinand, the specials, the libertines, daft punk, manu chao, badly drawn boy
animal collective, ennio morricone, bonnie prince billy, kraftwerk, fleet foxes, devendra banhart, the flaming lips, brian eno, neutral milk hotel, captain beefheart & his magic band, david bowie, arcade fire, nick drake
the mountain goats, animal collective, bonnie prince billy, the national, andrew bird, m. ward, okkervil river
fiona apple, emilie autumn, kate bush, tori amos, regina spektor, the cranberries, coldplay, the dresden dolls, jem, james morrison, ladytron, a fine frenzy, the prodigy, michael bublé, the cure, sara bareilles, kt tunstall, lily allen, bj?rk, amy macdonald, the verve, frou frou, moloko, kylie minogue
queen, the white stripes, joe satriani, ac/dc, eric clapton, bruce springsteen, aerosmith, def leppard, van halen, the who
the beatles, lily allen, coldplay, dido, jason mraz, colbie caillat, norah jones, james morrison, amy winehouse, the corrs, katy perry, fiona apple, frank sinatra, madonna, alicia keys, maroon 5, the ting tings, beyoncé, the killers, lady gaga, sara bareilles, the cardigans, ray charles, sia, rihanna, elvis presley, john legend, duffy, snow patrol, kaiser chiefs, michael jackson, bj?rk, blondie, u2, abba, thomas newman, evanescence, pj harvey, sugababes, seal
ignite, jedi mind tricks, comeback kid, hatebreed, saves the day, lil wayne, cunninlynguists, all that remains, alice cooper, lupe fiasco
ryan adams, lil wayne, death cab for cutie, brand new, radiohead, bon iver, broken social scene, feist, senses fail, taking back sunday, city and colour, coldplay, saves the day, bloc party, iron & wine, akon, underoath, cat power, explosions in the sky, snoop dogg, john mayer, dave matthews band, led zeppelin, saosin, ray lamontagne, rilo kiley, minus the bear, kate nash, pinback, ti?sto, paramore, the national
the beatles, sigur rós, air, radiohead, bright eyes, tom waits, the knife, bloc party, depeche mode, sonic youth, explosions in the sky, múm, built to spill, antony and the johnsons, boards of canada, kanye west, devendra banhart, josé gonzález, arcade fire, modest mouse, leonard cohen, bob dylan
talking heads, common, the smiths, ac/dc, iron maiden, nine inch nails, chiodos, kanye west, metallica
die ?rzte, subway to sally, within temptation, farin urlaub, evanescence, lacrimosa, in extremo, turisas, die toten hosen, system of a down, bullet for my valentine, dimmu borgir, rammstein, norther, arch enemy, apocalyptica, finntroll
placebo, apoptygma berzerk, depeche mode, britney spears, nine inch nails, vnv nation, mindless self indulgence, garbage, madonna, cut copy, above & beyond, the birthday massacre, billy talent, marilyn manson, kylie minogue, siouxsie and the banshees, atb, benny benassi, abba, joy division, finch, the cure, cansei de ser sexy, stars, bj?rk, the used
new found glory, less than jake, thrice, a day to remember, story of the year, comeback kid, all time low, fall out boy, something corporate, city and colour, senses fail, silverstein, brand new, cute is what we aim for
radiohead, cake, beck, fischerspooner, autechre, gorillaz, the clash, dave matthews band, coldplay, audioslave, depeche mode, nine inch nails, enya, ratatat
m?tley crüe, killswitch engage, static-x, lacuna coil, disturbed, oomph!, anthrax, iron maiden, metallica, fear factory, carcass, soulfly, combichrist, the white stripes, down, children of bodom
dream theater, flogging molly, after forever, mot?rhead, lordi, testament, within temptation, korpiklaani, rainbow, helloween, symphony x, tenacious d, ac/dc, aerosmith, kamelot, ayreon, angra
jack johnson, depeche mode, enigma, josé gonzález, a-ha, placebo, pet shop boys, enya, imogen heap, rammstein, red hot chili peppers, coldplay, santogold, the offspring, system of a down, queen, the killers, moby, groove coverage, tegan and sara, linkin park, r?yksopp, jason mraz, crystal castles, david guetta, apparat, madonna, robyn, hoobastank, mgmt
era, enya, nightwish, coldplay, dead can dance, apocalyptica, nouvelle vague, leona lewis, black eyed peas, elvis presley, the cranberries, mariah carey, avril lavigne, bj?rk, duffy, enigma, backstreet boys, atb, girls aloud, cat power
alanis morissette, maroon 5, linkin park, queen, matchbox twenty, no doubt, sarah mclachlan
ska-p, streetlight manifesto, less than jake, flogging molly, the offspring, social distortion, rancid
justice, bob marley, rjd2, the chemical brothers, amon amarth, burzum, in flames, prefuse 73
manu chao, yann tiersen, parov stelar, tori amos, thievery corporation, enigma, tracy chapman, norah jones, sia, david gray, gotan project, mike oldfield, sting, cat power, delerium, de-phazz, katie melua, dire straits, antonio vivaldi
metallica, kreator, sabaton, amon amarth, slayer, samael, nightwish, trivium
modest mouse, devendra banhart, the beatles, pixies, beirut, tom waits, mgmt, bob dylan, pink floyd, cold war kids, amon tobin, deerhoof, vampire weekend, the shins, neutral milk hotel, primus, arcade fire, led zeppelin, sigur rós, gogol bordello, gorillaz, the knife, the doors, thom yorke, portishead, daft punk, talking heads, jimi hendrix, miles davis, franz ferdinand, fleet foxes, reel big fish, king crimson
kings of leon, cake, the strokes, the white stripes, los hermanos, weezer, bob dylan, arctic monkeys, the clash, chico buarque, ac/dc, melvins, the raconteurs, iron maiden, pink floyd, muse, chris brown, the killers, queens of the stone age, franz ferdinand, rage against the machine, coldplay, deep purple, koЯn, led zeppelin, the chemical brothers, the hives
dream theater, john williams, hans zimmer, joe satriani, chet baker, marillion, counting crows, live, iron maiden, joni mitchell, dire straits, foo fighters, queen, jamiroquai, michael jackson, ti?sto, kamelot, genesis, lacuna coil, linkin park, ennio morricone
the jesus and mary chain, the sisters of mercy, madness, joy division, misfits
descendents, rancid, new found glory, at the gates, caliban, afi, a day to remember, alkaline trio, anti-flag, the cure, less than jake, matisyahu, converge
joy division, the smiths, minor threat
disturbed, soulfly, koЯn, soilwork, godsmack, in flames, papa roach, p.o.d., mudvayne, linkin park, seether, system of a down, tenacious d, flyleaf, subway to sally, machine head, static-x, limp bizkit, bloodhound gang, sonic syndicate, fear factory, bowling for soup, dope, the offspring, die ?rzte, ramones, blink-182
enigma, the flashbulb, shpongle, delerium, autechre, lamb, the crystal method, unkle, sneaker pimps, the future sound of london, chicane, goldfrapp, orbital, amon tobin, bonobo, tosca, dj krush, plaid, r?yksopp, pendulum, boards of canada, four tet, groove armada, air
porcupine tree, radiohead, unkle, eels, massive attack, ulver, [unknown], tenacious d, metric, atmosphere, the mars volta, gorillaz, a perfect circle
billy talent, paramore, bob marley, the kooks, rage against the machine, panic at the disco, jimi hendrix, red.jumpsuit.apparatus, pendulum, the white stripes, arctic monkeys, bring me the horizon, sex pistols, slipknot, sum 41, trivium, all time low, boys like girls, finntroll, simple plan, cansei de ser sexy, misfits, the all-american rejects, in flames, matisyahu, norther, the hives, damian marley, jay-z
children of bodom, in flames, dark tranquillity, all that remains, norther, eluveitie, arch enemy, soilwork, anathema, metallica, sonic syndicate, ensiferum, hypocrisy, nightwish, bloodbath, haggard
muse, r.e.m., coldplay, soundtrack, john williams, jack johnson, cat stevens, josé gonzález, tracy chapman, elvis presley, the beatles, counting crows, radiohead, shakira, wolfgang amadeus mozart, portishead, green day, goldfrapp, red hot chili peppers, garbage, moby, the cranberries, bush, foo fighters, pearl jam, lenny kravitz
chromeo, tom waits, death cab for cutie, genesis, 50 cent, the beatles, the streets, slayer, belle and sebastian, elliott smith, lily allen, ac/dc, the police, abba, bruce springsteen, rush, ...and you will know us by the trail of dead
loreena mckennitt, enya, placebo, radiohead, kings of convenience, the cure, bj?rk, enigma, tori amos, r?yksopp, the knife, antony and the johnsons, joni mitchell, moby, sigur rós, faithless, depeche mode, johann sebastian bach, katatonia, rhapsody of fire, massive attack, lady gaga, robyn, era, dir en grey
jamiroquai, radiohead, madvillain, pink floyd, the beatles, air, blur, zero 7, aphex twin, gorillaz, four tet, hot chip, frank sinatra, justice, manu chao, beck, phoenix, amon tobin, madlib, muse, the chemical brothers, klaxons, plaid, joy division, prefuse 73, lcd soundsystem, ok go, the doors
interpol, metric, damien rice, iron & wine, radiohead, coldplay, muse, modest mouse, kings of leon, deftones, david bowie, philip glass, the killers, bloc party, the cure, mark ronson, nelly furtado, final fantasy, placebo, cat power, cansei de ser sexy, red hot chili peppers, sade, m.i.a., arcade fire, madonna, sufjan stevens, santogold, tori amos, regina spektor, foo fighters, franz ferdinand, sia, arctic monkeys, death cab for cutie, justin timberlake, the smiths, mika, yann tiersen, no doubt
lynyrd skynyrd, queen, john williams, creedence clearwater revival, dire straits, eric clapton, the doors, fleetwood mac, the who
misfits, bad religion, edguy, lordi, hammerfall, rise against, electric light orchestra, gamma ray, jethro tull, queen, satyricon, sabaton, in flames, alice cooper, cradle of filth, the 69 eyes, the sisters of mercy
linkin park, breaking benjamin, story of the year, slipknot, yellowcard, panic at the disco, simple plan, eminem, jimmy eat world, snoop dogg, bullet for my valentine, limp bizkit, hoobastank, ti?sto, the all-american rejects, david guetta, sum 41, finch, ice cube, my chemical romance, coma, nickelback, dmx, ludacris, disturbed, static-x
bat for lashes, paramore, katy perry, myslovitz, hey, dir en grey, linkin park, tiamat, system of a down, portishead, mika, happysad, iron & wine, akurat, muse, clint mansell, anathema, snow patrol
coldplay, mew, delerium, pet shop boys, the dandy warhols, dream theater, travis, roxette, bee gees, tori amos, cat stevens, massive attack, muse, elton john, evanescence, jason mraz, eels, gwen stefani, the killers, sugababes, nelly furtado, interpol, r?yksopp, anna ternheim, kanye west, daft punk, new order, t.a.t.u., mando diao, ratatat, amy macdonald, mika, the cardigans, céline dion, goldfrapp, bob dylan
the presets, siouxsie and the banshees, joy division, klaxons, the cure, new order, cocteau twins, madonna, oasis, interpol, the rolling stones, yeah yeah yeahs, buzzcocks, the kinks, michael jackson, pet shop boys, bauhaus, the jam, kasabian, my bloody valentine, de la soul
slipknot, koЯn, lamb of god, metallica, him, the cure, system of a down, kings of leon, cradle of filth, mastodon, chimaira, gojira, killswitch engage, blink-182, pantera, in flames, trivium, cannibal corpse, rammstein, madness, slayer, the white stripes, led zeppelin, down, soulfly, red hot chili peppers, the raconteurs, rage against the machine, editors, machine head, stone sour, devildriver, eminem, strapping young lad, interpol, dimmu borgir, the rolling stones, children of bodom, linkin park, kasabian, muse, arcade fire, david bowie, foo fighters
ennio morricone, miles davis, missy elliott, david bowie
armin van buuren, moby, the beatles
cat power, animal collective, low, pixies, deerhunter, cocteau twins, crystal castles, camera obscura, clap your hands say yeah, antony and the johnsons, the flaming lips, blonde redhead, frédéric chopin, ladytron, my bloody valentine, beirut, mogwai, creedence clearwater revival, the smiths, le tigre, tortoise, portishead, slowdive, ella fitzgerald, radiohead, aphex twin, the arcade fire, the cure, bonnie prince billy
sublime, gorillaz, death from above 1979, santogold, marilyn manson, queens of the stone age, yeah yeah yeahs, arctic monkeys, the kills, garbage, amy winehouse, m.i.a., bad brains, le tigre, klaxons, the distillers, prince, rage against the machine, peaches, nine inch nails, no doubt, bob marley & the wailers, tv on the radio, franz ferdinand, manu chao
the mountain goats, pixies, nine inch nails, beastie boys, the magnetic fields, spoon, the smashing pumpkins, sufjan stevens, eels, the rolling stones, belle and sebastian, the beatles, rilo kiley, the weakerthans, elvis presley, the kinks, m. ward, radiohead, the chemical brothers, shout out louds, architecture in helsinki, david bowie, air, the new pornographers, the go! team, queen, clap your hands say yeah, the white stripes, built to spill, ac/dc, bright eyes, they might be giants, neutral milk hotel, nick drake, cake, the shins, kings of convenience, death cab for cutie
equilibrium, dark tranquillity, type o negative, pain, agalloch, samael, ensiferum, fear factory, moonspell, amorphis, katatonia, ulver
soilwork, rage against the machine, koЯn, apocalyptica, fear factory, static-x, devildriver, killswitch engage, nine inch nails, lamb of god, rammstein, all that remains, 36 crazyfists, cypress hill, godsmack, dope, ice cube, as i lay dying, billy talent, the smashing pumpkins, chimaira, arch enemy, edguy, foo fighters, trivium, atreyu, opeth, stratovarius, funeral for a friend, gorillaz, avenged sevenfold
ti?sto, rihanna, eminem, dizzee rascal, cascada
relient k, paramore, garbage, senses fail, foo fighters, tegan and sara, iron & wine, 311, goldfinger, jack johnson, dashboard confessional, new found glory, saves the day, no doubt, blink-182, papa roach, alkaline trio, the hush sound, coheed and cambria, motion city soundtrack, john mayer, stars, incubus
cocteau twins, leonard cohen, sade, erykah badu, damien rice, miles davis, chet baker, elton john
modest mouse, patrick wolf, vampire weekend, late of the pier, arcade fire, arctic monkeys, simian mobile disco, beyoncé, justice, kanye west, the cribs, the libertines, max?mo park, pendulum
flying lotus, the beatles, m. ward, john frusciante, bloc party, hot chip, elliott smith, the shins, of montreal, burial, kings of leon
die apokalyptischen reiter, dark tranquillity, in flames, equilibrium, moonspell, norther, eluveitie, agalloch, katatonia, kamelot, scar symmetry, machine head, killswitch engage, ensiferum, samael, amorphis, subway to sally, sonic syndicate, in extremo, opeth, dimmu borgir, dethklok, avantasia
b?hse onkelz, trivium, system of a down, bullet for my valentine, 3 doors down, metallica, amon amarth, silverstein, disturbed, the offspring, killswitch engage, as i lay dying, sum 41, iron maiden, 36 crazyfists, soilwork, peter fox, sonata arctica, dimmu borgir, breaking benjamin, cradle of filth, atreyu, ac/dc, hatebreed, bloodbath, heaven shall burn, children of bodom, tenacious d, pink floyd, equilibrium, turisas, johnny cash, black sabbath, pantera, rammstein, dragonforce, bring me the horizon, eric clapton, seeed
the used, three days grace, disturbed, yellowcard, green day, alkaline trio, bullet for my valentine, sum 41, the offspring, sugarcult, red.jumpsuit.apparatus, the all-american rejects, my chemical romance, anti-flag, katy perry, fall out boy, paramore, ignite, breaking benjamin, jimmy eat world, metallica, seether, lily allen, 44, blink-182, panic at the disco, angels & airwaves, rihanna, alter bridge, good charlotte, incubus, hot hot heat, afi
dream theater, radiohead, metallica, fatboy slim, the doors, gorillaz, system of a down, massive attack, ac/dc, guns n roses, enya, tool, u2, rage against the machine, dire straits, staind, deftones, the smashing pumpkins, portishead, audioslave, ennio morricone, disturbed, loreena mckennitt, bob dylan, moby, the killers, bloc party, morcheeba, the beatles, bruce springsteen, linkin park, jefferson airplane, arcade fire, the mars volta, howard shore, daft punk, gnarls barkley, a perfect circle, hans zimmer, alice in chains, red hot chili peppers
kanye west, britney spears, the killers, klaxons, mgmt, rufus wainwright, damien rice, depeche mode, coldplay, the fratellis, lily allen, pet shop boys, lady gaga, backstreet boys, def leppard, george michael, brand new, ludwig van beethoven, pj harvey, electric light orchestra, elliott smith, kaiser chiefs, garbage, nine inch nails, afi, a fine frenzy, devo, the beatles
50 cent, cypress hill, the offspring, eminem, linkin park, limp bizkit, the game, scooter, nightwish, sentenced, britney spears, busta rhymes, atb, snoop dogg, nas, t.i., rammstein, fort minor, jay-z, madonna, akon, him, kanye west
radiohead, oasis, deftones, nirvana, the strokes, incubus, mando diao, death cab for cutie, pink floyd, sonic youth, joy division, the smiths, muse, the cure, the white stripes, the killers, tool, a perfect circle, the mars volta, beck, stone temple pilots, pixies, black rebel motorcycle club, air, the libertines, foo fighters, nofx, queens of the stone age, arctic monkeys, the doors, bj?rk, faith no more, blur, queen, at the drive-in, interpol, elliott smith, the used
incubus, the black dahlia murder, minus the bear, funeral for a friend, porcupine tree, norther, the dillinger escape plan, dark tranquillity, scar symmetry, killswitch engage, lamb of god, buckethead, carcass, arch enemy, opeth, symphony x, chimaira, death, eluveitie, alexisonfire, city and colour, amon amarth, soilwork, at the gates, in flames
ska-p, placebo, mando diao, nightwish, roxette, jack johnson, green day, amy macdonald, the offspring, fall out boy, genesis, billy talent, razorlight, red hot chili peppers, franz ferdinand, phil collins, nelly furtado, afi, moby, 3 doors down, less than jake, die ?rzte, coldplay, beatsteaks, die toten hosen, breaking benjamin, simple plan, 30 seconds to mars, rihanna, morcheeba, panic at the disco
evanescence, the killers, system of a down, depeche mode, hard-fi, afi, radiohead, the offspring, queens of the stone age, kasabian, farin urlaub, robbie williams, massive attack, rammstein, marilyn manson, lenny kravitz, jack johnson, fall out boy, the rasmus, fatboy slim, red hot chili peppers, finch, maroon 5, r.e.m., incubus, my chemical romance, keane, snow patrol, simple plan, the cranberries, the prodigy, onerepublic, him, green day
paramore, jedi mind tricks, strapping young lad, foo fighters, jimmy eat world, rise against, death cab for cutie, faith no more, system of a down, rage against the machine, jamiroquai, a perfect circle, tool, dream theater, 2pac, pearl jam, primus, deftones, koЯn, serj tankian, machine head, coheed and cambria, apocalyptica, billy talent, imogen heap, vampire weekend, matisyahu, flogging molly, pantera, frou frou, dashboard confessional, nofx
sufjan stevens, the album leaf, boards of canada, the flashbulb, the decemberists, iron & wine, neutral milk hotel, death cab for cutie, mirah, the shins, belle and sebastian, andrew bird, camera obscura, the books, pavement, the flaming lips, joanna newsom, josé gonzález, architecture in helsinki, broken social scene, final fantasy, the beatles, stars, tortoise, modest mouse, the arcade fire, the new pornographers
yeah yeah yeahs, the whitest boy alive, cansei de ser sexy, spoon, phoenix, pinback, the rolling stones, belle and sebastian, ratatat, bruce springsteen, franz ferdinand, pixies, the sounds, modest mouse, the beatles, radiohead, the national, the magnetic fields, elvis costello, my morning jacket
leonard cohen, vampire weekend, the sisters of mercy, nick cave and the bad seeds, bauhaus, pulp, the smashing pumpkins, fiona apple, the dresden dolls, the shins, pixies, morcheeba, portishead
jack johnson, gavin degraw, david gray, joss stone, joshua radin, amy winehouse, damien rice, jamie cullum, pink, tracy chapman, norah jones, joni mitchell, lenny kravitz, django reinhardt, air, sheryl crow, coldplay, travis, james blunt, sting, aerosmith, simon & garfunkel, ray lamontagne, ben folds, snow patrol, r.e.m., sugababes, eagles, maroon 5
depeche mode, michael bublé, elvis presley, michael jackson, morrissey, van morrison, the doors
the dresden dolls, regina spektor, mindless self indulgence, cocorosie, tegan and sara, peaches, neutral milk hotel, gwen stefani, paramore, kimya dawson, joanna newsom
[parkway drive]
richard cheese, abba, the beatles, rammstein, queen, coldplay, rihanna, tenacious d
u2, bob marley & the wailers, the smiths, nirvana, travis, franz ferdinand, pulp, the libertines, snow patrol, joy division, the hives, foo fighters
emery, thursday, minus the bear, the get up kids, the fall of troy, taking back sunday, gym class heroes
radiohead, interpol, pink floyd, placebo, muse, lou reed, the strokes, nirvana, the velvet underground, the arcade fire, dire straits, sonic youth, jimi hendrix, franz ferdinand, queens of the stone age, talking heads, the doors, the white stripes, the cure, sigur rós, fatboy slim, the police
dimmu borgir, combichrist, the birthday massacre, vnv nation, children of bodom, apoptygma berzerk, finntroll, apocalyptica, the 69 eyes
tom waits, opeth, the gathering, pain of salvation, sonic youth, death, porcupine tree, king crimson, frank zappa, pink floyd, mot?rhead, carcass, anathema, pearl jam, converge, isis, in flames, napalm death, abba, sigur rós, black sabbath
queen, elton john, deep purple, era, aerosmith, kiss, scorpions, genesis, the who, dire straits, david bowie, girls aloud, electric light orchestra, rainbow, leonard cohen, alice cooper, supertramp, guns n roses, the chemical brothers, ac/dc, def leppard, the rasmus, pink floyd, the beatles, the rolling stones, van halen, hammerfall, andrew lloyd webber
dave matthews band, the dresden dolls, the cure, band of horses, editors, scissor sisters, bush, clap your hands say yeah, ramones, the killers, the smashing pumpkins, interpol, the go! team, pixies, hot hot heat, r.e.m., counting crows, depeche mode
travis, paul mccartney, the beatles, keane, backstreet boys, kaiser chiefs, radiohead, r.e.m., metallica, iron maiden, nightwish, coldplay, arctic monkeys, frank sinatra, bloc party, the hives, the postal service, feist, amy winehouse, iced earth, led zeppelin, the killers, britney spears, wolfgang amadeus mozart, after forever, the breeders, kings of leon, elton john, cat power, tarja turunen, lacuna coil, moby
david bowie, the beatles, chico buarque, backstreet boys, yann tiersen, mika, billie holiday, michael jackson, vangelis, bee gees, electric light orchestra
bob marley & the wailers, kylie minogue, le tigre, serge gainsbourg, daft punk, ani difranco, blondie, the knife, feist, tom waits, fatboy slim
36 crazyfists, tool, system of a down, chevelle, sepultura, red hot chili peppers, a perfect circle, underoath, trivium, billy talent, nirvana, at the drive-in, the offspring, comeback kid, dredg, refused, rise against, ill ni?o, bullet for my valentine, from autumn to ashes, linkin park, rage against the machine, limp bizkit, metallica, all that remains, in flames
alkaline trio, bad religion, explosions in the sky, coldplay, dashboard confessional, minus the bear, feist, radiohead, no doubt, brand new, nick drake, lily allen, the cranberries, less than jake, ella fitzgerald, nirvana, bob marley & the wailers, reel big fish, red hot chili peppers, the decemberists, foo fighters, linkin park, simon & garfunkel, green day, arcade fire, bob dylan, van morrison, the cure, múm, flight of the conchords, sublime, mogwai, gwen stefani, the beatles, nightmares on wax, daft punk, paramore
elbow, mylo, coldplay, the verve, bonobo, atb, groove armada, faithless, david gray, stereophonics, aphex twin, mr. scruff, bloc party, nightmares on wax, boards of canada, chicane, guns n roses, dj shadow, feeder, u2, the smiths, the notwist, kings of convenience, moloko, tori amos, foo fighters, high contrast, m83
immortal, amon amarth, hatebreed, the smashing pumpkins, lamb of god, dark tranquillity, slipknot, soulfly, ramones, moby, metallica, gojira, converge, napalm death, samael, nile
the offspring, system of a down, cascada, queen, manu chao, nightwish, amy macdonald, groove coverage, abba, blink-182, kelly clarkson, kosheen, roxette, the killers, the veronicas, t.a.t.u., serj tankian, foo fighters, green day, enya, marilyn manson, rammstein
subway to sally, red hot chili peppers, portishead, emilie autumn, loreena mckennitt, the birthday massacre, koЯn, katie melua, mika, r.e.m., evanescence, live, bloodhound gang, garbage, linkin park, faithless, schandmaul, nightwish, kate bush, ska-p, tiamat
the white stripes, morphine, the beatles, red hot chili peppers, of montreal, david bowie, cat stevens, wolfgang amadeus mozart, the who, justin timberlake, fiona apple, ella fitzgerald, janis joplin, pink martini, robbie williams, joni mitchell, johann sebastian bach, nina simone, the strokes, pearl jam, beck, led zeppelin, the roots, stevie wonder, the rolling stones, underworld, alanis morissette, fatboy slim, leonard cohen, marvin gaye, black eyed peas, lynyrd skynyrd, michael jackson, the doors, groove armada, norah jones, [unknown]
radiohead, joanna newsom, muse, michael jackson, sigur rós, pink floyd, kings of leon, mgmt, the white stripes, bj?rk, foo fighters, coldplay, the killers, unkle, placebo, the strokes, manu chao, arcade fire, soundtrack, interpol, queen, the knife
radiohead, the national, arctic monkeys, the last shadow puppets, foals, moby, digitalism, the beatles, elbow, placebo, bonobo, muse, snow patrol, the kooks, pendulum, death cab for cutie, thievery corporation, r?yksopp, mgmt, beirut, editors, boys noize, justice, kate nash, buena vista social club, peter bjorn and john, the fray, hot chip, dizzee rascal, keane, the prodigy, the shins
autechre, boards of canada, amon tobin, radiohead, grizzly bear, prefuse 73, burial, the books
nightwish, sonata arctica, children of bodom, sentenced, céline dion, britney spears, kamelot, linkin park, backstreet boys, apocalyptica, evanescence, pain, stratovarius, howard shore, hans zimmer, dream theater, bullet for my valentine, spice girls, disturbed, paramore, avril lavigne, breaking benjamin, epica, helloween, hammerfall, norther, opeth
millencolin, dredg, kosheen, incubus, jimmy eat world, the hives, audioslave, max?mo park, the kooks, bush, the subways, arctic monkeys, rise against, the killers, muse, stone sour, 30 seconds to mars, nada surf, nirvana, pearl jam, amy winehouse, mando diao, matchbox twenty, die ?rzte, guano apes, kaiser chiefs, tenacious d, rage against the machine, feist, deichkind, drowning pool, the smashing pumpkins, kings of leon, the white stripes, bloc party
katatonia, paradise lost, koЯn, dead can dance, nine inch nails, my dying bride, tiamat, amorphis, tristania, moonspell, the 69 eyes, deftones, nile, opeth, meshuggah, type o negative, pain, isis, anathema, faith no more, the birthday massacre, massive attack
the killers, kent, shout out louds, the pipettes, morrissey, the shins, the arcade fire, the smiths, cat power, camera obscura, regina spektor, new order, architecture in helsinki, blondie, h?kan hellstr?m, rufus wainwright, the radio dept., jens lekman, belle and sebastian, rilo kiley, mando diao
paramore, the hives, james blunt, cobra starship, onerepublic, cascada, the ting tings, frou frou, the wombats, kate nash, jason mraz, basshunter, coldplay, death from above 1979, the beatles, death cab for cutie, the kooks, imogen heap, paolo nutini, the veronicas, duffy, electric six, flyleaf, beck, kings of leon, the rasmus
j dilla, fugazi, ice cube, madvillain, boards of canada, frank zappa, melvins, the flaming lips, notorious b.i.g., a tribe called quest, napalm death, bonnie prince billy, brian eno, black flag, nirvana, pinback, eminem, mogwai, squarepusher, madlib, de la soul, animal collective, cypress hill, minor threat
anthrax, black sabbath, sodom, death, kings of leon, kreator, iron maiden, ramones, thin lizzy, the subways, the pigeon detectives, frank sinatra
the kooks, arctic monkeys, red hot chili peppers, otis redding, the jam, paolo nutini, amy winehouse, the smiths, pink floyd, led zeppelin, kate bush, jimi hendrix, nick drake, paul simon, kings of leon, the kinks, jamiroquai, editors, the police, elliott smith, jeff buckley, jack johnson, cream, the zombies, damien rice, the last shadow puppets
outkast, the roots, common, john legend, lil wayne, chamillionaire, mos def, alicia keys, lupe fiasco, immortal technique, black eyed peas, eminem, matisyahu, bowling for soup, avril lavigne, red hot chili peppers, craig david, akon, the all-american rejects, fall out boy, notorious b.i.g., nelly
the rasmus, pet shop boys
pet shop boys, new order, jazzanova, stereolab, kraftwerk, goldfrapp, boards of canada, beck, the herbaliser, bj?rk, basement jaxx, gorillaz, depeche mode, belle and sebastian, dj krush, air, moby, lcd soundsystem, junior boys, death cab for cutie, the future sound of london, r?yksopp, they might be giants, brian eno, david bowie, kylie minogue, jamiroquai
muse, katatonia, ayreon, porcupine tree, tiamat, radiohead, nine inch nails, pj harvey, paradise lost, portishead, dredg, opeth, coldplay, him, tom waits, pink floyd, keane, alice in chains, fiona apple, a perfect circle, riverside, akira yamaoka, mogwai, sigur rós, ulver, tool, in flames
bruce springsteen, norah jones, carla bruni, enrique iglesias, caetano veloso
daft punk, dream theater, metallica, fear factory, misfits, stratovarius, apocalyptica, creed, journey, disturbed, ozzy osbourne, dead kennedys, ac/dc, iron maiden
blink-182, angels & airwaves, 2pac, eminem, chamillionaire, pink, sum 41, nickelback, t.i., 30 seconds to mars
frank zappa, the zombies, michael jackson, sonic youth, stevie wonder, ac/dc, the who, elvis costello
j dilla, the beatles, daft punk, girl talk, the flashbulb, flying lotus, radiohead, m.i.a., ratatat, flight of the conchords, de la soul, justice, talking heads, al green, mf doom, kanye west, clap your hands say yeah, notorious b.i.g., madvillain, chromeo, stevie wonder, neutral milk hotel, aesop rock, deerhoof, a tribe called quest, lcd soundsystem, lil wayne
bonobo, mgmt, nas, abba, brian eno, the notwist, hot chip, nouvelle vague, girl talk, justice, chromeo, soundtrack, beirut, camera obscura, madonna, sigur rós, m.i.a.
dir en grey, sage francis, antony and the johnsons, neko case, afi, elliott smith, radiohead, patrick wolf, sia, the kills, lady gaga, rilo kiley, mgmt, mirah, cat power, tracy chapman, iron & wine, hercules and love affair, the academy is..., kings of leon, damien rice, michael jackson, bon iver, sigur rós, devendra banhart, bright eyes, ryan adams
the beatles, die toten hosen, the prodigy, moby, die ?rzte, ac/dc, bad religion, fear factory, napalm death, red hot chili peppers, john lennon, cannibal corpse, eminem, scooter
blind guardian, dimmu borgir, opeth, cradle of filth, moonspell, tenacious d, the beatles, system of a down, sepultura, behemoth, immortal, dream theater, depeche mode, john frusciante, the killers, in flames, anathema, rhapsody of fire, limp bizkit, nightwish, the smashing pumpkins, faith no more, black sabbath, ozzy osbourne
elliott smith, bring me the horizon, 30 seconds to mars, the kooks, metro station, three days grace, hans zimmer, rjd2, enter shikari, ramones, joy division, interpol, le tigre, ill ni?o, coldplay, chevelle
m83, philip glass, the cure, travis, dead can dance, placebo, kings of convenience, david bowie, the beatles, mogwai, coldplay, lacuna coil, the dresden dolls, portishead, pink floyd, lamb, nick cave and the bad seeds, unkle
eminem, red hot chili peppers, akon, cascada, linkin park, basshunter, limp bizkit, green day, kanye west, gym class heroes, timbaland, outkast, bloodhound gang
linkin park, the white stripes, the academy is..., evanescence, muse, panic! at the disco, the killers, fleet foxes, the kooks, mgmt, paolo nutini, radiohead, shiny toy guns, coldplay, gym class heroes, kings of leon, the fray, taking back sunday, the shins, arctic monkeys, the last shadow puppets, cobra starship, keane, paramore, jimmy eat world, the arcade fire, the hush sound, journey, beck, say anything, good charlotte, no doubt, band of horses, vampire weekend, stars, green day, my chemical romance, all time low
the killers, metallica, kent, depeche mode, atreyu, linkin park, franz ferdinand, serj tankian, eagles of death metal, blink-182, daft punk, kings of leon, a perfect circle, pink floyd, death cab for cutie, ramones, the beatles, from first to last, mogwai, avenged sevenfold, disturbed, poets of the fall, dropkick murphys, tenacious d, my chemical romance, radiohead, 30 seconds to mars, dimmu borgir, chevelle
burzum, darkthrone, bathory, ensiferum, ulver, agalloch, metallica
sodom, mot?rhead, manowar, morbid angel
tom waits, radiohead, outkast, burial, bj?rk, massive attack, system of a down, aphex twin, bloc party, the flaming lips, kings of leon, beck, missy elliott, david bowie, jeff buckley, n*e*r*d, manu chao, kings of convenience, red hot chili peppers, supergrass, the streets, the jimi hendrix experience, antony and the johnsons, the presets, elliott smith, inxs, michael jackson
judas priest, megadeth, dream theater, iron maiden, testament, death, metallica, nile, carcass, mot?rhead, morbid angel, children of bodom, in flames, black sabbath, amon amarth, behemoth, arch enemy, symphony x, slayer, korpiklaani, kreator, opeth, alice in chains, helloween, bathory, amorphis, sodom, tool, bob dylan, queensr?che, blind guardian
the fall, flight of the conchords, the decemberists, captain beefheart & his magic band, elbow, the pogues, bob dylan, bonnie prince billy, nick cave and the bad seeds, mogwai, bon iver, frank zappa, lcd soundsystem, neil young, aphex twin, the clash, tom waits, joanna newsom, ac/dc
placebo, patrick wolf, misfits, babyshambles, ramones, the academy is..., the clash, nirvana, the kooks, pixies, primal scream, the libertines, adam green, crystal castles, alice cooper, oasis, kasabian, my chemical romance, the hives, manic street preachers, garbage, arctic monkeys, the cure, joy division, boys like girls, ladytron, the dandy warhols, franz ferdinand, the 69 eyes, the last shadow puppets, the velvet underground, sneaker pimps, the smashing pumpkins, him, the doors, guns n roses
michael jackson, slipknot, nightwish, koЯn, howard shore, rihanna, ozzy osbourne, dragonforce, kiss, t.a.t.u., the offspring, metallica, rammstein, beyoncé, sonata arctica, enya, hammerfall, era, 3 doors down, iron maiden, volbeat, helloween, katy perry, lordi, alice cooper, green day, m?tley crüe, linkin park, sting, norah jones, eminem
bullet for my valentine, death cab for cutie, bloodhound gang, the strokes, 30 seconds to mars, pink floyd, godsmack, breaking benjamin, beastie boys, bon jovi, led zeppelin, cake
amon tobin, queens of the stone age, new order, radiohead, frédéric chopin, thomas newman, bonobo, bob dylan, nine inch nails, hans zimmer, nirvana, pixies, slipknot, the smashing pumpkins, david bowie, slayer, the prodigy, johnny cash, iggy pop, jimi hendrix, lou reed, rammstein, koЯn
boards of canada, strapping young lad, meshuggah, massive attack, the herbaliser, fear factory, dj krush, the future sound of london, madvillain, system of a down, lamb of god, nine inch nails, amon tobin, the prodigy, beastie boys, marilyn manson, machine head, portishead, sepultura, autechre, a tribe called quest, cradle of filth
afi, static-x, the distillers, red hot chili peppers, atreyu, ac/dc, coldplay, pink floyd, 3 doors down, bob marley, avenged sevenfold, mindless self indulgence, the rasmus, the killers, nickelback, bob marley & the wailers, the birthday massacre, nirvana, goldfinger, caliban, sum 41, three days grace, breaking benjamin, ben folds, kaiser chiefs, n*e*r*d, lostprophets, antonio vivaldi, the all-american rejects, 30 seconds to mars, p.o.d., muse, in flames
the kooks, télépopmusik, the rapture, metro station, the academy is..., peter bjorn and john, bloc party, arctic monkeys, the radio dept., the last shadow puppets, placebo, four tet, aphex twin, explosions in the sky, god is an astronaut, from first to last
britney spears, t.a.t.u., enrique iglesias, mariah carey, hilary duff, avril lavigne, cascada, the pussycat dolls, ashlee simpson, backstreet boys, jordin sparks, lady gaga, katy perry, madonna, nelly furtado, sugababes, beyoncé, fergie, dido, christina aguilera
simon & garfunkel, grateful dead, steely dan, david bowie, lynyrd skynyrd, tom petty and the heartbreakers, aerosmith, journey, matisyahu, johnny cash, the beatles, van morrison, thin lizzy, elton john, ludwig van beethoven, alice in chains, the who, creedence clearwater revival, soundgarden, the doors
aesop rock, atmosphere, red hot chili peppers, the prodigy, public enemy, muse, the mars volta, m.i.a., koЯn, gang starr, my chemical romance, high contrast, the roots, beastie boys, portishead, the black keys, queens of the stone age, eminem, kate nash, rjd2, mr. scruff, nas, dizzee rascal, sage francis
richard cheese, the who, pavement, the beatles, the smiths, madonna, bloc party, sarah mclachlan, tegan and sara, barenaked ladies, final fantasy, the flaming lips
hellogoodbye, afi, anti-flag, bright eyes, brand new, goo goo dolls, the bouncing souls, saves the day, new order, mgmt, something corporate, blink-182, good charlotte, the kinks, dope, echo & the bunnymen, cascada, green day, fall out boy, the jam, m83, metro station, the smiths, mika, elliott smith, iron maiden, rage against the machine, rise against, red hot chili peppers, interpol, third eye blind
billy talent, gogol bordello, cansei de ser sexy, the cardigans, yeah yeah yeahs, the prodigy, crystal castles, goldfrapp, madonna, garbage, the fratellis, louis armstrong, the kooks, the libertines, spoon, bloc party, kylie minogue, lcd soundsystem, ludwig van beethoven, avril lavigne, the pogues, foo fighters, the go! team, amy winehouse, the white stripes, kt tunstall, frank sinatra, the killers, gwen stefani, dido, a fine frenzy
napalm death, death, johnny cash, mot?rhead, the haunted, the dillinger escape plan, dark tranquillity, arch enemy, bruce springsteen, david gray, dimmu borgir, meshuggah, behemoth, devildriver, soilwork, ac/dc, morbid angel, mastodon, slayer, jet, social distortion
radiohead, babyshambles, the strokes, elliott smith, the cure, band of horses, the smashing pumpkins, arcade fire, oasis
melvins, sigur rós, venetian snares, bon iver
[jennifer lopez]
clueso, peter fox, linkin park, deichkind, [unknown], the offspring, coldplay, leona lewis, atb, cascada, red hot chili peppers, katy perry, kanye west, scooter, bloodhound gang, rihanna, gentleman, matisyahu, amy winehouse, basshunter, seeed, ti?sto
the new pornographers, depeche mode, the sounds, she wants revenge, r?yksopp, the killers, air, the gossip, goldfrapp, the cure, new order, massive attack, cansei de ser sexy, metric, duran duran, the knife, faithless, franz ferdinand, the chemical brothers, arcade fire, mgmt, bj?rk, gotan project, moby, blondie, john williams, mylo, cut copy, klaxons, lcd soundsystem, shiny toy guns, daft punk, morcheeba, hot chip, the kooks, the ting tings
depeche mode, ti?sto, bloodhound gang, armin van buuren, hans zimmer, infected mushroom, blink-182, cascada, groove coverage, guano apes, chamillionaire, roxette, linkin park, céline dion, guns n roses, madonna
queen, apocalyptica, buena vista social club, the beatles, [unknown]
meshuggah, napalm death, madonna, pink floyd, fear factory, the beatles, equilibrium, arch enemy
2pac, missy elliott, nas, snoop dogg, justin timberlake
electric six, elvis presley, the raveonettes, the faint, arcade fire, hot chip, the knife, the shins, sufjan stevens, belle and sebastian, modest mouse, beck, clap your hands say yeah, creedence clearwater revival, tegan and sara, kaiser chiefs, the rapture, the strokes, the go! team, amy winehouse, frank sinatra, the flaming lips, tv on the radio, mgmt, red hot chili peppers, interpol, aerosmith, bonnie prince billy, bloc party, josé gonzález, ramones, t. rex, peter bjorn and john, lykke li, beirut, the pipettes, ladytron, foo fighters, def leppard, the ting tings
samael, in flames, dark tranquillity, ensiferum, anathema, amon amarth, machine head, therion, sentenced, soulfly, amorphis, eluveitie, metallica, lamb of god, dredg, cradle of filth
no doubt, lily allen, black eyed peas, 50 cent, red hot chili peppers, tarja turunen, amy winehouse, james brown, kylie minogue, garbage, black sabbath
misfits, ignite, blur, minor threat, the beach boys, [unknown], metallica, gorillaz, billy talent, at the drive-in, alkaline trio
frédéric chopin, hey, portishead, nirvana, louis armstrong, kult, the beatles, red hot chili peppers, metallica, tori amos, queen, eels, bj?rk, regina spektor, amon tobin, massive attack, hans zimmer, beastie boys, calexico, jack johnson, tom waits, feist, modest mouse, mogwai, led zeppelin, ray charles, bonobo
mgmt, jens lekman, kate nash, amy winehouse, ratatat, late of the pier, cocorosie, lykke li, nouvelle vague, regina spektor, duffy, beirut, antony and the johnsons, adele, róisín murphy, santogold, bat for lashes, blonde redhead, koop, feist, metric, sia, architecture in helsinki, cat power, kings of convenience
phoenix, foals, shout out louds, arcade fire, morrissey, band of horses, animal collective, the shins, enter shikari, radiohead, depeche mode, ladytron, vampire weekend, mgmt, the killers, iron & wine, the strokes, franz ferdinand, the knife, crystal castles, placebo, the clash, lykke li, cocorosie, tv on the radio, yeah yeah yeahs, gorillaz, the smiths, cansei de ser sexy, deichkind
meshuggah, lamb of god, mastodon, tool, converge, killswitch engage, radiohead, minus the bear, primus, queens of the stone age, strapping young lad, fiona apple, faith no more, the dillinger escape plan, the mars volta, opeth, pink floyd
sarah mclachlan, frou frou, something corporate, atb, snow patrol, the fray, above & beyond, armin van buuren, nelly furtado, goo goo dolls, jason mraz, ladytron, kelly clarkson, r?yksopp
[bob dylan]
amy winehouse, devo, iron maiden, bob dylan, slayer, deerhoof, ramones, the hellacopters, dead kennedys, the knife
coldplay, jack johnson, air, the beatles, blur, radiohead
[akira yamaoka]
yo la tengo, the magnetic fields, bright eyes, the get up kids, the clash, iron & wine, the weakerthans, mirah, neil young, the strokes, otis redding
mando diao, the killers, stereophonics, spoon, muse, depeche mode, coldplay, placebo, the raconteurs, led zeppelin, rufus wainwright, cut copy, oasis, damien rice, editors, the kooks, phoenix, adele, the hives, arctic monkeys, fischerspooner, r?yksopp, supertramp, portishead, amy winehouse, mgmt, lily allen, radiohead, santogold, sigur rós, digitalism, franz ferdinand, kaiser chiefs, david bowie, bloc party
metallica, danny elfman, iced earth, flogging molly, enya, behemoth, dimmu borgir
the beatles, cake, dropkick murphys, green day, bad religion, dashboard confessional, elvis costello, rancid, apocalyptica, the shins, me first and the gimme gimmes, talking heads, interpol, johnny cash, my chemical romance, afi, flogging molly, fleetwood mac, descendents, franz ferdinand, iron & wine, streetlight manifesto, maroon 5, neko case, queen, beck, the clash, spoon
coldplay, gavin degraw, radiohead, kent, kings of convenience, enya, belle and sebastian, hard-fi, the cardigans, the killers, h?kan hellstr?m, red hot chili peppers, frank sinatra, bj?rk, robyn, the rolling stones, the smashing pumpkins, katie melua, roxette, madonna, joss stone, linkin park, queen, r?yksopp, josé gonzález, september, goo goo dolls, pink, stereophonics, james blunt, kelly clarkson
snoop dogg, ice cube, dj krush
the game, eminem, jay-z, ludacris, the used, 50 cent
sade, burial, paul van dyk, paul oakenfold, nelly furtado, morcheeba, tricky, madonna, katie melua
groove armada, john williams, outkast, interpol, the killers, howard shore, depeche mode, kanye west, snoop dogg, michael jackson, the who, david guetta, moby, justin timberlake
minus the bear, parkway drive, comeback kid, rise against, blink-182, city and colour, as i lay dying, mgmt, gym class heroes, killswitch engage, bring me the horizon, justice, afi, thursday, thrice, bad religion, pink floyd, a day to remember, the beatles, all that remains, atreyu, rancid, from autumn to ashes, underoath, billy talent, funeral for a friend, anti-flag, anberlin, linkin park, saosin, circa survive, enter shikari, brand new, the fall of troy, system of a down, 36 crazyfists, queens of the stone age, chiodos, senses fail, rammstein, the clash, green day
kylie minogue, lady gaga, the killers, beyoncé, shakira, mika, britney spears, rihanna, adele, amy winehouse, coldplay, girls aloud, katy perry, the fratellis, madonna, david guetta, michael jackson, duffy, lily allen, scissor sisters, franz ferdinand, jamiroquai, calvin harris, james blunt, moby, christina aguilera, lenny kravitz, nelly furtado, keane, amy macdonald, jennifer lopez, alicia keys, maroon 5, oasis, sugababes, daft punk, september, u2, kaiser chiefs
busta rhymes, at the drive-in, less than jake, alkaline trio, death cab for cutie, built to spill, new found glory, neutral milk hotel, michael jackson
ac/dc, metallica, aerosmith, me first and the gimme gimmes, céline dion, linkin park, bon jovi, abba, green day, muse, beyoncé, jennifer lopez, cascada, red hot chili peppers, rihanna, katy perry
enya, pink floyd, ferry corsten, django reinhardt, james blunt, the rasmus, r.e.m., depeche mode, the prodigy, céline dion, various artists, dimmu borgir, miles davis, t.a.t.u., the offspring, queen, dido, rammstein, deep purple, john coltrane, sex pistols, the cranberries, wolfgang amadeus mozart
venetian snares, 65daysofstatic, miles davis, herbie hancock, stereolab, philip glass, boards of canada, squarepusher, brian eno, autechre, aphex twin, sufjan stevens, tortoise, john coltrane, sigur rós, mono, john williams, múm, amon tobin, isis, prefuse 73
band of horses, the cardigans, jack johnson, amy macdonald, iron & wine, coldplay, arctic monkeys, interpol, nada surf, jason mraz, doves, phoenix, amy winehouse, stars, the killers, morrissey, franz ferdinand, regina spektor, bright eyes, kt tunstall, air
underoath, regina spektor, in flames, bullet for my valentine, p.o.d., eluveitie, breaking benjamin, atreyu, system of a down, muse, paramore, the used, trivium, all that remains, my chemical romance, metro station, soilwork, sonata arctica, amorphis, 30 seconds to mars, apocalyptica, evanescence
pendulum, ludacris, 50 cent, n*e*r*d, dr. dre, the chemical brothers, akon, snoop dogg, m.i.a., justice
koЯn, slipknot, nickelback, linkin park, simple plan, disturbed, limp bizkit, the killers, amon amarth, creed, backstreet boys, avril lavigne, the offspring, green day, rise against, lenny kravitz, 3 doors down, fall out boy, justin timberlake, maroon 5, era
lifehouse, anberlin, snow patrol, the fray, switchfoot, aimee mann
coldplay, razorlight, alicia keys, robbie williams, jason mraz, christina aguilera, blur, erykah badu, the cure, diana krall, jack johnson, amy winehouse, morcheeba, keane, air, moloko, phoenix, nouvelle vague, red hot chili peppers, david bowie, pearl jam, the police, they might be giants, dido, michael bublé, garbage, jeff buckley, aerosmith, jamiroquai, justin timberlake, norah jones, frank sinatra, tom petty and the heartbreakers, madonna, franz ferdinand, carla bruni, n*e*r*d
godsmack, iron maiden, chris cornell, amy winehouse, portishead, alice in chains, nine inch nails, a perfect circle, alanis morissette, r?yksopp, nirvana, creed, marilyn manson
def leppard, skid row
venetian snares, metric, mindless self indulgence, plaid, death cab for cutie, aphex twin, boards of canada, interpol, dinosaur jr., justice, jay-z, the distillers, animal collective, kimya dawson
farin urlaub, muse, linkin park, lostprophets, the chemical brothers, daft punk, coldplay, him, blink-182, tori amos, the postal service, nightwish, die toten hosen, evanescence, infected mushroom, bloc party, good charlotte, groove coverage, avril lavigne, depeche mode, the prodigy, placebo, bob marley & the wailers, incubus, arctic monkeys, die ?rzte, mindless self indulgence, black eyed peas, gorillaz, the killers, ferry corsten, system of a down, red hot chili peppers, rage against the machine, u2, the white stripes
children of bodom, cascada, metallica, avril lavigne, bob marley, simple plan, james blunt, the sounds, the prodigy, red hot chili peppers, jason mraz, pantera, the offspring, porcupine tree, katy perry, 3 doors down, groove coverage, rihanna, maroon 5, daft punk, volbeat, jonas brothers, paramore, nightwish, lenny kravitz, megadeth, basshunter, kelly clarkson, foo fighters, amy macdonald, black sabbath, sonata arctica, bon jovi, gavin degraw, ensiferum, linkin park, coldplay, m?tley crüe, korpiklaani, kreator, bob dylan
green day, black sabbath, the black keys, interpol, the mars volta, the verve, my morning jacket, pavement, the vines, nine inch nails, queens of the stone age, the who
the national, okkervil river, modest mouse, arcade fire, max?mo park, band of horses, architecture in helsinki, of montreal, babyshambles, interpol, the new pornographers, kate nash, the presets, lykke li, spoon, broken social scene, belle and sebastian, digitalism, the shins, bat for lashes, cansei de ser sexy, the pigeon detectives, foals, iron & wine, radiohead, beirut, the smiths, the wombats, hot chip, the decemberists, the ting tings, kings of convenience, neutral milk hotel
creedence clearwater revival, elvis presley, the beatles, the rolling stones, abba, various artists
elvis costello, r.e.m., tori amos, u2, the beatles, frank zappa, leonard cohen, rammstein, kate nash, tom waits, david bowie, oasis, subway to sally, johnny cash, nick cave and the bad seeds, elvis presley, eels, serj tankian, sex pistols, the cardigans, creedence clearwater revival, badly drawn boy, nickelback, the rolling stones, frédéric chopin, calvin harris, apocalyptica, joni mitchell, ac/dc, aerosmith, led zeppelin, nick drake, alice cooper, bruce springsteen, kiss
josé gonzález, the go! team, air, the chemical brothers, daft punk, thievery corporation, the future sound of london, cocorosie, tricky, sufjan stevens, gorillaz, the cinematic orchestra, édith piaf, fleet foxes, neil young, lupe fiasco, r?yksopp, aesop rock
cypress hill, system of a down, lamb of god, slipknot, the prodigy, sepultura, machine head, rage against the machine, koЯn, static-x, dope, soulfly, metallica, mudvayne, devildriver, nirvana, chimaira, johnny cash, nine inch nails, david bowie, black label society, linkin park, trivium, drowning pool, pantera, dr. dre, ill ni?o, kraftwerk, muse, the sisters of mercy, type o negative, rammstein, tool
black sabbath, johnny cash, the jimi hendrix experience, cream, oasis, otis redding, king crimson, red hot chili peppers, the rolling stones
booka shade, trentem?ller, the knife, simian mobile disco, air, calvin harris, digitalism, scooter
blink-182, sum 41, ignite, pennywise, the offspring, hoobastank, the hives, billy talent, camera obscura, frank sinatra, kaiser chiefs, the killers, the strokes, 44, the kooks, nofx
frank zappa, the beatles, frank sinatra, the kinks, genesis, neil young, nick drake, queen, van morrison, cream, the jimi hendrix experience, the who, the byrds
wilco, devendra banhart, ray lamontagne, bright eyes, of montreal, grateful dead, the mountain goats, blonde redhead, modest mouse, black rebel motorcycle club, the decemberists, the beatles, the shins, kings of leon, okkervil river, cursive, arcade fire, cold war kids, the raconteurs, iron & wine, the white stripes, bob dylan, johnny cash, death from above 1979, m. ward, my morning jacket, the black keys, neutral milk hotel
die ?rzte, mando diao, green day, farin urlaub, sum 41, the offspring, billy talent, the all-american rejects, red hot chili peppers, foo fighters, beatsteaks, linkin park, fall out boy, the killers, flogging molly, anti-flag, the hives, 30 seconds to mars, papa roach, enya, the fratellis, streetlight manifesto, arctic monkeys, muse, blink-182, tenacious d, weezer, peter fox, 3 doors down, breaking benjamin, franz ferdinand, panic! at the disco, alanis morissette
sum 41, the beatles, red hot chili peppers, nofx, bullet for my valentine
johnny cash, katie melua, norah jones, taylor swift, bob dylan, paul simon
die ?rzte, ladytron, bathory, rammstein, farin urlaub, scooter, fischerspooner
sia, evanescence, madonna, maroon 5, electric light orchestra, the beatles, elton john, led zeppelin, the decemberists, katie melua, moby, vangelis, santana, shakira, pink floyd, sheryl crow, the rolling stones, tom petty and the heartbreakers
u2, ti?sto, coldplay, faithless, radiohead, elvis presley, n*e*r*d, daft punk, muse, david guetta, basement jaxx, the prodigy, frank sinatra, pink floyd
broken social scene, bonobo, animal collective, the magnetic fields, godspeed you! black emperor, snow patrol, beck, iron & wine, the arcade fire, fiona apple, beirut, coldplay, amon tobin, led zeppelin, architecture in helsinki, saves the day, hot chip, mogwai, the flaming lips, the rolling stones, the album leaf, aphex twin
sigur rós, explosions in the sky, cursive, arcade fire, thrice, the smashing pumpkins, 65daysofstatic, coheed and cambria, godspeed you! black emperor, thursday, bright eyes, m83, at the drive-in, pixies, dredg, muse, neutral milk hotel, death cab for cutie, alexisonfire, the decemberists, the clash, saves the day, pink floyd, rush, jimmy eat world, fugazi
linkin park, evanescence, red hot chili peppers, metallica, [unknown], dido, hooverphonic, incubus, avril lavigne, the hush sound, antonio vivaldi, emilie simon, wolfgang amadeus mozart, nouvelle vague, yeah yeah yeahs, frédéric chopin, céline dion, damien rice, pink, ladytron, coldplay, édith piaf, iron maiden, shakira, sean paul, limp bizkit, james blunt, 50 cent, deep purple
senses fail, afi, him, as i lay dying, rise against, bullet for my valentine, 2pac, lamb of god, cradle of filth, the black dahlia murder, avenged sevenfold, atreyu, snoop dogg
céline dion, queens of the stone age, britney spears, madonna
ulver, ensiferum, pendulum, agalloch
stratovarius, david bowie, iced earth, rush, the beatles, nightwish, delerium, ladytron, aimee mann, therion, lacuna coil, the killers, miles davis, wilco, arcade fire, after forever, u2, boards of canada, enya, johnny cash, lou reed, avantasia, the decemberists, imogen heap, pink floyd, tortoise, cut copy
daft punk, madonna, de-phazz, michael jackson, groove armada, air, nina simone, mylo, sia, billie holiday, tosca, duffy, frank sinatra, gwen stefani, flight of the conchords, chromeo, justice
die ?rzte, die toten hosen, ben folds, alicia keys, fort minor, digitalism, maria mena, norah jones, farin urlaub, archive, nirvana, guano apes, jamiroquai, kings of leon, pink floyd, snow patrol, tracy chapman, massive attack, pink, black eyed peas, daft punk
cat stevens, placebo, the 69 eyes, avenged sevenfold, depeche mode, the doors, coldplay, blind guardian, sirenia
avenged sevenfold, katy perry, nickelback, the killers, red.jumpsuit.apparatus, lifehouse, rise against, coldplay, john mayer, blink-182, the offspring, atreyu, jason mraz, escape the fate, disturbed, sting, sum 41, boys like girls, fall out boy, alicia keys, apocalyptica, metallica, metro station, u2, eagles, george michael, madonna, my chemical romance, the fray, chris brown, dave matthews band, janet jackson, lenny kravitz, paramore, rihanna, taylor swift, bullet for my valentine, senses fail
david bowie, the offspring, richard cheese, the cure, queen, symphony x, the prodigy, u2, foo fighters, jimi hendrix, basement jaxx, manic street preachers, [unknown], arctic monkeys, razorlight, dj shadow, eagles, pendulum, groove armada, lynyrd skynyrd, daft punk, coldplay, calvin harris, gorillaz, michael jackson, aphex twin, system of a down
sufjan stevens, the decemberists, pixies, radiohead, sigur rós, belle and sebastian, the white stripes, leonard cohen, the beatles, fiona apple, the smashing pumpkins, the clash, modest mouse, saves the day, echo & the bunnymen, bright eyes, siouxsie and the banshees, descendents, bj?rk, spoon, david bowie, architecture in helsinki, black flag, beirut, new order, the cure, the flaming lips, danny elfman, m.i.a., van morrison, of montreal, andrew bird, the strokes, massive attack, interpol, the magnetic fields, fugazi, regina spektor, le tigre, buzzcocks, death cab for cutie
edguy, cascada, stratovarius, basshunter, ensiferum, metallica, against me!, nightwish, deathstars, britney spears, lordi, lady gaga
explosions in the sky, god is an astronaut, danny elfman, apocalyptica, editors, amorphis, thomas newman, rammstein, snow patrol, edguy, muse, max richter, sonata arctica, linkin park, u2, the cranberries, nightwish, system of a down
bob marley & the wailers, coldplay, foo fighters, the verve, ac/dc, weezer, modest mouse, david bowie, matchbox twenty, no doubt, mariah carey, eminem, justin timberlake, christina aguilera, skid row, franz ferdinand, kt tunstall, nirvana, pearl jam, nelly, linkin park, ludacris, nelly furtado, blondie, the cranberries, fergie
radiohead, the beatles, andrew bird, lykke li, elvis costello, vampire weekend, hot chip, death from above 1979, talking heads, thom yorke, arcade fire, santogold, the chemical brothers, t. rex, lcd soundsystem, the strokes, goldfrapp, pj harvey, led zeppelin, nick drake, nouvelle vague, captain beefheart & his magic band, madvillain, elbow, sia, the velvet underground, air, deerhoof, the gossip, blur, david bowie, elliott smith, lamb, late of the pier, bloc party, queens of the stone age, amon tobin, antony and the johnsons
cascada, within temptation, nightwish, avril lavigne, iron maiden, linkin park, after forever, the jimi hendrix experience, evanescence, kamelot, finch, hilary duff, groove coverage, avantasia, kelly clarkson, angra, green day, him, lacuna coil, 3 doors down, sum 41
fatboy slim, beastie boys, jamiroquai, faithless, ac/dc, manu chao, lenny kravitz, the chemical brothers, coldplay, creedence clearwater revival, cypress hill, paul van dyk, delerium, paul oakenfold, ferry corsten, r?yksopp, scooter, the dandy warhols, nelly, blink-182, rammstein, the smashing pumpkins
skillet, relient k, flyleaf, switchfoot, taylor swift
alkaline trio, john frusciante, damien rice, bright eyes, placebo, death cab for cutie, red hot chili peppers, something corporate, green day, social distortion, bob dylan, rancid, blink-182, oasis, muse, eels, james blunt, sublime, stereophonics, the beatles, biffy clyro, nirvana, foo fighters, the white stripes, fugazi, queens of the stone age, the bouncing souls
porcupine tree, serj tankian, dire straits, faith no more, disturbed, pain of salvation, alice in chains, r.e.m., type o negative, red hot chili peppers, marillion, dream theater, the police, peter gabriel, jamiroquai, pink floyd, ozzy osbourne, tracy chapman, the gathering, paradise lost, coma, black label society, alanis morissette, lacuna coil, sting, queensr?che
thievery corporation, coldplay, chicane, red hot chili peppers, jamiroquai, sublime, jack johnson, green day
paramore, enter shikari, underoath, max?mo park, millencolin, misfits, atreyu, system of a down, alkaline trio, dashboard confessional, dizzee rascal, alexisonfire, chiodos, bloc party, the killers, the shins, anti-flag, fall out boy, funeral for a friend, from first to last, bullet for my valentine, against me!, kings of leon, linkin park, the black dahlia murder, lamb of god, the academy is..., 50 cent, emery, senses fail
linkin park, peter fox, sugarcult, blink-182, 30 seconds to mars, beatsteaks, the ataris, stone sour, fatboy slim, all time low, fall out boy, green day, the offspring, barenaked ladies, goldfinger, mando diao, guano apes, lily allen, sum 41, seeed, the used, red hot chili peppers, simple plan, billy talent, queen, ska-p
the specials, chet baker, eric clapton, bob marley, fatboy slim, dave matthews band, dire straits, miles davis, tom waits, creedence clearwater revival, madness, supertramp, gorillaz, ac/dc, lynyrd skynyrd, massive attack, eagles, steely dan, pink floyd, linkin park
the pussycat dolls, simple plan, panic at the disco, norah jones, muse, katy perry, amy winehouse, joss stone, mika, alicia keys, kylie minogue, linkin park, duffy, onerepublic, system of a down, shakira, jennifer lopez, plain white ts
stereophonics, lily allen, moby, manu chao, joe satriani, arcade fire, red hot chili peppers
armin van buuren, danny elfman, clint mansell, paul oakenfold, a-ha, above & beyond, de-phazz, my chemical romance, atb, oasis
trentem?ller, blank & jones, armin van buuren, booka shade, enigma, air, chicane, ti?sto, ferry corsten
grizzly bear, the kinks, beirut, dave matthews band, josé gonzález, caetano veloso, gogol bordello, fleet foxes, bob dylan, the beatles, thievery corporation, gotan project, the streets, andrew bird, bon iver, frédéric chopin, manu chao, devendra banhart, miles davis, joanna newsom, nick drake, jack johnson, flight of the conchords, jimi hendrix, ray charles, bob marley & the wailers, the kooks, tom waits, deus, kings of convenience
the beatles, cocteau twins, fugazi, pj harvey, my bloody valentine, a tribe called quest, radiohead, de la soul, interpol, flying lotus, the chemical brothers, peter gabriel, morcheeba, ella fitzgerald, m83, thievery corporation, prince, roots manuva
minor threat, the beatles, bloc party, sonic youth, yeah yeah yeahs, misfits, new order, buzzcocks, the strokes, radiohead, interpol, tv on the radio
kings of convenience, the cardigans, simon & garfunkel, norah jones, sufjan stevens, stevie wonder, erykah badu, regina spektor, [unknown], red hot chili peppers, joni mitchell, marvin gaye
the magnetic fields, stars, blonde redhead, vampire weekend, camera obscura, broken social scene, nouvelle vague, the postal service, the whitest boy alive, kaiser chiefs, the raveonettes, fleet foxes, elliott smith, editors, cansei de ser sexy, elvis presley
ray charles, angra, daft punk, devo, james brown
bonnie prince billy, bob dylan, fleet foxes, pj harvey, nina simone, santogold, ludwig van beethoven, bon iver, belle and sebastian, devendra banhart, m. ward, faithless, tom waits, doves, radiohead, the white stripes, joanna newsom, beirut, kate bush, goldfrapp, lykke li, the rolling stones
evanescence, girls aloud, metallica
alkaline trio, radiohead, tegan and sara, saves the day, nirvana, the get up kids, wilco, blink-182, the decemberists, oasis, lily allen, coldplay, misfits, fiona apple, minor threat, creedence clearwater revival, the bouncing souls, bright eyes, ani difranco
nickelback, janis joplin, duffy, marilyn manson, jethro tull, koЯn, breaking benjamin, metallica, slipknot, skid row, the white stripes, ludwig van beethoven, linkin park, rage against the machine, alice cooper, rammstein, creed, elvis presley, goldfrapp, dido, aerosmith, fear factory, stone temple pilots, limp bizkit, children of bodom, the doors, poets of the fall
kanye west, bob dylan, devendra banhart, the get up kids, captain beefheart & his magic band, sonic youth, pink floyd, descendents, the doors
mot?rhead, testament, [unknown], black label society, ac/dc, kreator, lamb of god, manowar, lordi, gamma ray, skid row, metallica, dio, judas priest, trivium, tenacious d, megadeth, black sabbath, stratovarius, helloween, symphony x, sepultura
blonde redhead, the zombies, the kinks, mogwai, sonic youth, modest mouse, queens of the stone age, beck, arcade fire, built to spill, the beach boys, david bowie, the white stripes, the flaming lips, talking heads, amon tobin, the beatles, the faint, dj shadow, the mars volta, at the drive-in, the brian jonestown massacre, pixies, my morning jacket, the clash, the velvet underground, broken social scene, devo
flogging molly, finntroll, ska-p, die toten hosen, ac/dc, less than jake, schandmaul, subway to sally, jack johnson, ensiferum, korpiklaani, in extremo, children of bodom, primus, equilibrium, red hot chili peppers, dropkick murphys, dethklok, millencolin, nofx, pantera, megadeth, helloween, bad religion, die ?rzte, hans zimmer
beck, radiohead, tricky, [unknown], moloko, massive attack, carla bruni, the cardigans, portishead, billie holiday, goldfrapp, gnarls barkley, groove armada, a fine frenzy, bob marley, gotan project, nina simone
pet shop boys, elton john, david bowie, depeche mode, abba, blondie, elvis presley, the hives, misfits, the beatles, new order
cat power, tom waits, the flaming lips, the who, sonic youth, the fall, the mountain goats, miles davis, belle and sebastian
the radio dept., the knife, amy winehouse, radiohead, mot?rhead, klaxons, battles, frou frou, nouvelle vague, matisyahu, pendulum, imogen heap, the faint, lykke li, ladytron, the shins, mindless self indulgence, new order, ratatat, ministry, mastodon, unkle, the dillinger escape plan, rjd2, all that remains, múm, apparat, tom waits, dragonforce, squarepusher, the sounds, metric, the new pornographers
patrick wolf, clap your hands say yeah, the shins, the smiths, the zombies, the white stripes, band of horses, múm, built to spill, 65daysofstatic, shout out louds, cansei de ser sexy, jens lekman, sex pistols, soundtrack, elliott smith, the radio dept., spoon
combichrist, apoptygma berzerk, the prodigy
apoptygma berzerk, combichrist, emilie autumn, anathema
the whitest boy alive, metallica, coldplay, mot?rhead, bring me the horizon, mgmt, lykke li, foo fighters, turbonegro, satyricon, guns n roses, immortal, michael jackson, r?yksopp, kings of convenience, the killers, the cure, arcade fire, the national, justice, a-ha, cansei de ser sexy, kiss, prince, the beatles, ac/dc, pixies
death cab for cutie, miley cyrus, johnny cash, akon, the offspring, blink-182, dashboard confessional, a perfect circle, simple plan, disturbed, nirvana, the beatles, tv on the radio, bryan adams, jimmy eat world, journey, dragonforce, the killers, eminem, gavin degraw, good charlotte, a day to remember, the clash, ramones, led zeppelin, kanye west, céline dion, michael jackson, guns n roses, the subways, usher, audioslave, stereophonics, sufjan stevens, bob dylan, the fray, dropkick murphys, ac/dc, oasis, the rolling stones
coheed and cambria, pain, norther, buckethead, enter shikari
tokyo police club, lifehouse, hellogoodbye, lostprophets, ok go, sum 41, linkin park, nirvana, foo fighters, journey, three days grace, flyleaf
michael jackson, fall out boy, kanye west, britney spears, high contrast, 50 cent, avril lavigne, ludacris, t.i., cascada, benny benassi, atb, chamillionaire, gym class heroes, enrique iglesias, nickelback, chris brown, beyoncé, panic at the disco, ti?sto, scooter, outkast, evanescence, pink, the prodigy, papa roach
depeche mode, the rasmus, nightwish, kylie minogue, a-ha, coldplay, roxette, shakira, enrique iglesias, atb, pet shop boys, madonna
pink floyd, akira yamaoka, green day, the who, danny elfman, ramones, relient k, the rolling stones, paul mccartney, r.e.m., eric clapton, goo goo dolls, van halen, the beatles, the byrds, ludwig van beethoven
morphine, radiohead, cake, the magnetic fields, the faint, death cab for cutie, mirah, the mountain goats, the smiths, bj?rk, the get up kids, social distortion, built to spill, nofx, the clash, kraftwerk, low, the cure, bad religion, belle and sebastian, johnny cash, spoon, the knife, tegan and sara
sufjan stevens, radiohead, the decemberists, primus, my morning jacket, minus the bear, fleet foxes, the beatles, jeff buckley, incubus, iron & wine, beck, the mars volta, thrice, pink floyd, bob dylan, wilco, at the drive-in, grizzly bear, frank zappa, led zeppelin, red hot chili peppers, neutral milk hotel, the flaming lips, yo la tengo, pearl jam, the mountain goats, devendra banhart, moby, thievery corporation, badly drawn boy, band of horses, of montreal, bob marley, calexico, elliott smith, hot chip, andrew bird, interpol, neil young, the roots, bon iver, manu chao, coheed and cambria, death cab for cutie
therion, amon amarth, dark tranquillity, bathory, iced earth, dead can dance, black flag, pj harvey, tori amos, amorphis, blind guardian, black label society, ensiferum, sabaton, nightwish, iron maiden, gamma ray, the sisters of mercy, lacuna coil, bad brains, finntroll, nick cave and the bad seeds, helloween, the pogues, kiss
bonobo, r?yksopp, calvin harris, m83, linkin park, michael jackson, imogen heap, interpol, underworld, kings of leon, sugababes, kanye west, josé gonzález, timbaland, kylie minogue, funeral for a friend, a perfect circle, moby, kings of convenience
dead kennedys, trivium, misfits, nofx, descendents, atreyu, rise against
pink floyd, frank zappa, the beatles, sublime, bob dylan, jethro tull, john lennon, de la soul, rage against the machine, bob marley, beastie boys, beirut, neil young, jimi hendrix, the jimi hendrix experience, gang starr, the doors, public enemy, modest mouse, tool, morcheeba, dire straits, jefferson airplane, system of a down, coldplay, the velvet underground, the who, flight of the conchords, r.e.m., ratatat, stevie wonder
timbaland, lady gaga, red hot chili peppers, lupe fiasco, tom petty and the heartbreakers, usher, common, the album leaf, incubus, rihanna, ludacris, linkin park, chris brown, britney spears, jay-z, imogen heap, chris cornell, the go! team, the roots, fort minor, the game, nas, nickelback, a tribe called quest, black eyed peas, john mayer, notorious b.i.g., justin timberlake, the fratellis, n*e*r*d
the national, the last shadow puppets, the beatles, coldplay, radiohead, oasis, the smiths, the cranberries, travis, queen, blur, placebo, keane, pulp, dirty pretty things, the cure, the killers, the libertines, babyshambles, the who, franz ferdinand, stereophonics, elvis presley, joy division, u2, bob dylan, the strokes
paramore, coldplay, kanye west, foals, bloc party, hot chip, thrice, editors, enter shikari, max?mo park, cold war kids, switchfoot, adele, panic at the disco, jamie cullum, basement jaxx
paramore, circa survive, rage against the machine, oasis
jamiroquai, daft punk, pendulum, michael jackson, justice, boys noize, simian mobile disco, lenny kravitz, air, fatboy slim, bonobo, st. germain
ramones, mot?rhead, misfits, dropkick murphys, rancid, ac/dc, stevie wonder, flogging molly, volbeat
koЯn, story of the year, disturbed, seether, lostprophets, three days grace, pain, adema, staind, atreyu, atb, mudvayne, sum 41, farin urlaub, ill ni?o, system of a down, creed, 3 doors down, slipknot, lacuna coil, bullet for my valentine, chevelle, die ?rzte, nightwish, rammstein, trivium, the used, blink-182
dark tranquillity, in flames, children of bodom, norther, soilwork, arch enemy, opeth, katatonia, amon amarth, therion, amorphis, megadeth, hypocrisy, scar symmetry, ensiferum, finntroll, carcass, anathema, cradle of filth, nightwish, my dying bride
céline dion, mariah carey, james brown, frank sinatra, madonna, django reinhardt, enrique iglesias
regina spektor, muse, portishead, live, morrissey, the killers, franz ferdinand, gorillaz, modest mouse, the cure, tori amos, tracy chapman, amy winehouse
guns n roses, m?tley crüe, kiss, def leppard, limp bizkit, metallica, van halen, ozzy osbourne, black sabbath, ac/dc, iron maiden, judas priest, megadeth, skid row, journey, nirvana, queen, nine inch nails, alice in chains, drowning pool, aerosmith, killswitch engage, red hot chili peppers
coldplay, black sabbath, eminem, iron maiden, soilwork, rammstein, placebo, cypress hill, electric six, van halen
fall out boy, blink-182, death cab for cutie, the killers, alkaline trio, panic at the disco, new found glory, say anything, motion city soundtrack, cansei de ser sexy, the academy is..., the all-american rejects, jimmy eat world, coldplay, nine inch nails, the hush sound, paramore, the kooks, feist, crystal castles, cut copy, gym class heroes, muse, relient k, hooverphonic, rise against, 44, justice, kings of leon, kings of convenience, lily allen, girl talk, lady gaga, system of a down, kanye west
godspeed you! black emperor, mono, the black dahlia murder, johnny cash, blink-182, mogwai, jimmy eat world, queen, 44, the who, koЯn, imogen heap, ennio morricone, philip glass, frou frou, coldplay, jack johnson, nirvana, linkin park, senses fail, the strokes, the ataris, gorillaz, the shins, red hot chili peppers, tenacious d, chevelle
backstreet boys, john williams, phil collins, james blunt, katie melua, céline dion, hans zimmer, elton john, the police, maroon 5, enya, travis, craig david, amy winehouse, leonard cohen, chris cornell, billy joel
nick drake, caetano veloso, iron & wine, elliott smith, marvin gaye, chet baker, yo la tengo, animal collective, al green, joy division, nina simone, stereolab, the fall
madonna, aerosmith, blink-182, alice in chains, goo goo dolls, angels & airwaves, 44, third eye blind, sigur rós, duran duran, pink floyd, led zeppelin, coldplay, def leppard, u2, rhapsody of fire, alanis morissette, misfits, the smashing pumpkins, depeche mode, vangelis, thursday, the beach boys, queen, black flag, radiohead, oasis, journey, m83, bon jovi, eagles, dead kennedys, the cure, scorpions, elton john, pearl jam
the cinematic orchestra, cut copy, apparat, parov stelar, radiohead, brian eno, thievery corporation, kraftwerk, m83, beirut, nick cave and the bad seeds, underworld, primal scream, tosca, mogwai, animal collective, serge gainsbourg, cat power, burial, einstürzende neubauten, the album leaf, damien rice, aphex twin, nada surf
the distillers, garbage, audioslave, disturbed, shakira, the fratellis
[the pogues]
atb, scooter, armin van buuren, rammstein, delerium, above & beyond, groove coverage, the prodigy, blank & jones, cascada, paul van dyk, sarah mclachlan, paul oakenfold
depeche mode, oasis, radiohead, u2, daft punk, franz ferdinand, air, keane, sting, ok go, supergrass, nirvana, beck, kaiser chiefs, tracy chapman, the last shadow puppets, coldplay, lenny kravitz, pendulum, placebo, emilie autumn, the wombats, kasabian
oasis, pearl jam, alice in chains, a perfect circle, rage against the machine, stone temple pilots, aerosmith, stone sour, foo fighters, papa roach, limp bizkit, stereophonics, the cardigans, 3 doors down, beck, feeder, the white stripes, red hot chili peppers, santana, metallica, buckethead, the beatles, eddie vedder, creed, sting, p.o.d., jamiroquai, bruce springsteen, moby, atmosphere, nickelback, dido, sum 41, porcupine tree, jimmy eat world, onerepublic, pink floyd, seether, blink-182
buckethead, nightwish, yann tiersen, muse, u2, mogwai, in flames, the album leaf, radiohead, tom waits, system of a down, sentenced, m83, tool, live, god is an astronaut, snow patrol, explosions in the sky, jimi hendrix, diana krall, the cinematic orchestra, damien rice, mew, joe satriani, killswitch engage, tenacious d, foo fighters, led zeppelin, jack johnson, coheed and cambria, iron maiden
prefuse 73, wilco, yo la tengo, bat for lashes, grizzly bear, basement jaxx, the flaming lips, air, girl talk, spoon, junior boys, aphex twin, death cab for cutie, tegan and sara, elliott smith, stereolab, animal collective, final fantasy
radiohead, feeder, oasis, coldplay, johann sebastian bach, kaiser chiefs, the gossip, stereophonics, depeche mode, klaxons, tori amos, the cure, massive attack
blink-182, papa roach, simple plan, audioslave, kyuss, descendents, anti-flag, mastodon
pearl jam, u2, matchbox twenty, coldplay, placebo, jack johnson, oasis, the killers, green day, audioslave, red hot chili peppers, nickelback, goo goo dolls, live, 3 doors down, bon jovi, the strokes, snow patrol, nirvana, elvis presley, dave matthews band, foo fighters, incubus, bryan adams, yellowcard, john mayer, kaiser chiefs, sheryl crow, maroon 5, lifehouse, santana, hoobastank, counting crows, eric clapton, aerosmith, roxette, the offspring, bruce springsteen, my chemical romance, alanis morissette
foo fighters, the beatles, jack johnson, ac/dc, incubus, norah jones, cake, coldplay, eric clapton, metallica, tenacious d, muse, jamiroquai, queens of the stone age, dave matthews band, richard cheese, alanis morissette, led zeppelin, antonio vivaldi, red hot chili peppers, aerosmith, damien rice, audioslave, alice in chains, deep purple, bob dylan, ella fitzgerald, faith no more, dream theater, machine head, black sabbath, pearl jam, van halen, queen, stone temple pilots, u2, live, slipknot
nas, mobb deep, billy talent, kanye west, 50 cent, jurassic 5, system of a down, gang starr, scooter, sonata arctica, busta rhymes, ti?sto, metallica, nightwish, dr. dre, david guetta, rammstein, him, jay-z, snoop dogg, stratovarius, eminem, gorillaz, mos def, t.i., 3 doors down
patrick wolf, the jesus and mary chain, andrew bird, bob dylan, the velvet underground, animal collective, serge gainsbourg, the raveonettes, the smiths, the beatles, joy division, four tet, sonic youth, enrique iglesias, grizzly bear
slipknot, in flames, killswitch engage, sonic syndicate, bullet for my valentine, hoobastank, funeral for a friend, atreyu, the used, paramore, flyleaf, disturbed, him, the birthday massacre, dope, breaking benjamin, enter shikari, silverstein, a perfect circle, linkin park, senses fail, rob zombie, jimmy eat world, skillet, nightwish, mindless self indulgence, avenged sevenfold, guano apes, as i lay dying, rage against the machine, from autumn to ashes, thrice, hellogoodbye, pain, evanescence, drowning pool
death cab for cutie, the raconteurs, arctic monkeys, radiohead, the kills, metric, pixies, the strokes, bob dylan, brand new, the blood brothers, against me!, regina spektor, mgmt, the velvet underground, the vines, the hives, modest mouse, cold war kids, beck, the gossip, coldplay, circa survive, kanye west, the smiths, kaiser chiefs, city and colour
muse, foo fighters, the beatles, jimmy eat world, télépopmusik, aphex twin, sum 41, linkin park, frou frou, justice, lostprophets, jack johnson, coldplay, imogen heap, moby, keane, fall out boy, jem, sugababes, lady gaga, kanye west, sia, buena vista social club, calvin harris, the postal service, avril lavigne, nickelback, kate nash, jurassic 5, lily allen, trentem?ller, placebo, kylie minogue
groove armada, gentleman, seeed, bob marley & the wailers, morcheeba, manu chao, busta rhymes, gorillaz, nofx, aretha franklin, gnarls barkley, lily allen, rage against the machine
jamiroquai, groove armada, massive attack, porcupine tree, air, thievery corporation, bonobo, tosca, de-phazz, moloko, lamb, r?yksopp, jazzanova, michael jackson, morcheeba, portishead, imogen heap, foo fighters, hooverphonic, sia, josé gonzález, goldfrapp, nightmares on wax, st. germain, télépopmusik, nickelback, pink floyd, sneaker pimps, kings of leon, beatsteaks, frou frou, the cinematic orchestra
2pac, t.i., outkast, pixies, the game, gym class heroes, 50 cent
róisín murphy, the kills, bloc party, pj harvey, the raveonettes, beirut, interpol, patrick wolf, the cure, cocorosie, goldfrapp, radiohead, bon iver, the knife, queens of the stone age, bat for lashes, hot chip, arctic monkeys, babyshambles, tegan and sara, blur, kasabian, kult, bj?rk, black rebel motorcycle club, junior boys, tv on the radio, pixies, modest mouse, tori amos, franz ferdinand, fischerspooner, dido, coldplay, deftones, feist, the doors, mgmt, death from above 1979
mgmt, death cab for cutie, ...and you will know us by the trail of dead, hercules and love affair, adam green, coldplay, kaiser chiefs, the ting tings, lupe fiasco, santogold, the streets, [unknown], tv on the radio, the faint, editors, peter fox, the police, bloc party, beck, flight of the conchords, the killers
andrew lloyd webber, nightwish, frou frou, evanescence, groove coverage, hilary duff, justin timberlake, britney spears, lostprophets, rihanna, enrique iglesias, the corrs, electric six, avril lavigne
the white stripes, mew, the shins, arctic monkeys, tenacious d, nirvana, incubus, bloc party, oasis, the libertines, the beatles, muse, queens of the stone age, elbow, max?mo park, bright eyes, the velvet underground, blur, beastie boys, bonobo, cansei de ser sexy, foo fighters, the hives, elliott smith, pixies, rage against the machine, arcade fire, jurassic 5, nightmares on wax, coldplay, led zeppelin, sum 41, lupe fiasco
dj krush, within temptation, thievery corporation, akira yamaoka, less than jake, radiohead, ...and you will know us by the trail of dead, blonde redhead, oasis, the white stripes, mando diao, nelly furtado, audioslave, kasabian, coldplay
okkervil river, bad brains, creedence clearwater revival, the mountain goats, against me!, regina spektor, the notwist, beastie boys, sigur rós, bob marley, jeff buckley, beck, cake, nofx, the postal service, fatboy slim, neko case
radiohead, the notwist, sigur rós, death from above 1979, kings of leon, mogwai, archive, foo fighters, mew, beatsteaks, coldplay, late of the pier, the white stripes, god is an astronaut, the killers, modest mouse, bloc party, deerhunter, crystal castles, fatboy slim, the strokes, portishead, vampire weekend
rammstein, duran duran, the offspring, anathema, depeche mode, 2pac, linkin park, the doors, the prodigy, snoop dogg, u2, coldplay, nirvana, r.e.m., black sabbath
tiamat, paradise lost, muse, the smashing pumpkins, megadeth, dredg, metallica, linkin park, nightwish, rammstein, koЯn, sia, flyleaf, soilwork, the used, red hot chili peppers, scorpions, godsmack, marilyn manson, 30 seconds to mars, kamelot, kreator, rage against the machine, system of a down, the doors, mastodon, antonio vivaldi, ayreon, bob marley, bullet for my valentine, pixies, portishead, matisyahu, placebo, damien rice, epica, sirenia, rufus wainwright, stone sour
leonard cohen, eminem, cake, low, massive attack, pink floyd, bob dylan, soundtrack, portishead, johnny cash, nightmares on wax, hooverphonic, the cardigans, regina spektor, sublime, beastie boys, the beatles, tosca, sarah mclachlan, 2pac, amon tobin, neko case, counting crows, andrew lloyd webber, feist, guns n roses, boards of canada, a tribe called quest, radiohead
beyoncé, rihanna, mgmt, the pussycat dolls, los hermanos, lady gaga, britney spears, radiohead, travis
death cab for cutie, chromeo, architecture in helsinki, metro station, the beatles, sufjan stevens, shiny toy guns, kings of leon, mae, mogwai, blink-182, keane, snow patrol, converge
burial, low, the flaming lips, animal collective, portishead, elvis costello, mgmt, the magnetic fields, aphex twin, belle and sebastian, mogwai, ryan adams
september, benny benassi, david guetta, scooter
damian marley, faithless, babyshambles, the beatles, erykah badu, bob marley
leona lewis, sugababes, duffy, madonna, timbaland, rihanna, depeche mode, backstreet boys, onerepublic, scooter, kylie minogue, gwen stefani, amy winehouse, paul van dyk, katy perry, coldplay, the verve, jordin sparks, pet shop boys, nickelback
funeral for a friend, muse, billy talent, system of a down, red hot chili peppers, slipknot, arctic monkeys, foo fighters, stereophonics, lostprophets, fall out boy, paramore, sum 41, coheed and cambria, brand new, the strokes, my chemical romance, bowling for soup, bloc party, motion city soundtrack, taking back sunday, red.jumpsuit.apparatus, panic at the disco, linkin park, feeder, the killers, good charlotte, rage against the machine, snow patrol, the beatles, calvin harris, the fratellis, the used, kasabian, klaxons, u2, alkaline trio
johnny cash, nick cave and the bad seeds, coldplay, calexico, depeche mode, elvis presley, siouxsie and the banshees, eddie vedder, the cure, booka shade, joy division, snow patrol
led zeppelin, ac/dc, bob marley & the wailers, tom waits, dire straits, the beatles
squarepusher, kyuss, aphex twin, autechre, the flashbulb, nick cave and the bad seeds, diana krall, ministry, queens of the stone age, the knife, refused
beirut, cocteau twins, the radio dept., mew, blonde redhead, metric, stars, lily allen, belle and sebastian, ladytron, death cab for cutie, sigur rós, stereolab, koop, of montreal, goldfrapp
p.o.d., common, various artists, john mayer
riverside, rhapsody of fire, howard shore, coma, atb, sabaton, mot?rhead, manowar, sonata arctica, iced earth, stratovarius, dead can dance, hammerfall, hans zimmer, iron maiden, kamelot, blind guardian, tiamat
u2, underworld, joy division, jimmy eat world, placebo, something corporate, the beatles, they might be giants, unkle, snow patrol, atb, hot chip, coldplay, death cab for cutie, new order, the cure, bloc party, travis, peter gabriel, armin van buuren, moby, relient k, interpol, ryan adams, the cribs, radiohead, black rebel motorcycle club, sigur rós, paul van dyk, r.e.m., the national
muse, system of a down, bob dylan, metallica, porcupine tree, coldplay, franz ferdinand, r.e.m., the mars volta, dave matthews band, enya, primus, air, tool, dire straits, johnny cash, placebo, arcade fire, radiohead, camel, death cab for cutie, eminem, the new pornographers, van morrison, r?yksopp
tori amos, the cardigans, vnv nation, air, portishead, bj?rk, the smashing pumpkins, marilyn manson, the offspring, ministry, nine inch nails, morcheeba, combichrist, kmfdm, social distortion, staind, deftones
dj shadow, dizzee rascal, jedi mind tricks, daft punk, mobb deep, gang starr, jurassic 5, eminem, dr. dre, mf doom, groove armada, nofx, rjd2, faithless, snoop dogg, bloodhound gang, gentleman, koop, marvin gaye
herbie hancock, ani difranco, miles davis, thievery corporation, parov stelar, charlie parker, clint mansell, caetano veloso, gotan project, matisyahu, josé gonzález
coldplay, ti?sto, incubus, ferry corsten, st. germain, r?yksopp, faithless, foo fighters, gorillaz, robbie williams, linkin park, queen, daft punk, kaiser chiefs, nirvana, black eyed peas, jamie cullum, prince, bloc party, arctic monkeys, basement jaxx, u2
low, trentem?ller, portishead, sigur rós, mogwai, cat power, the knife, boards of canada, apparat, belle and sebastian, die toten hosen, billy talent, tool, neil young
the corrs, t.a.t.u., dido, linkin park, alanis morissette, evanescence, green day, bryan adams, coldplay, r.e.m., the cardigans, mariah carey, sheryl crow, [unknown], metallica, enrique iglesias, gorillaz, radiohead, roxette, avril lavigne, red hot chili peppers, nirvana, oasis, the smashing pumpkins
billie holiday, emilie simon, tom waits, the cure, johnny cash, philip glass, radiohead, yann tiersen, depeche mode, john coltrane, bj?rk, nine inch nails, norah jones, cat power, elliott smith, grizzly bear, duran duran, u2, ani difranco, modest mouse, lupe fiasco, joy division, simon & garfunkel, placebo, lily allen, nouvelle vague, the shins, david bowie, goldfrapp, thom yorke, dr. dre, mos def, the go! team, beastie boys, tegan and sara, blonde redhead
eric clapton, eminem, snoop dogg, akon, 50 cent, rihanna, scooter, gnarls barkley, justin timberlake, dragonforce, red hot chili peppers, jay-z, timbaland, rufus wainwright, fleetwood mac, robbie williams, pink floyd, queen, rammstein
ne-yo, linkin park, sum 41, alter bridge, billy talent, fall out boy, usher, oasis, chris brown, green day, kanye west, hoobastank, jonas brothers, jason mraz, christina aguilera, kelly clarkson, foo fighters, akon, nickelback, rihanna
r.e.m., radiohead, the national, the decemberists, the shins, arcade fire, bob dylan, the magnetic fields, the flaming lips, leonard cohen, sufjan stevens, pavement, elvis costello, animal collective, andrew bird, neutral milk hotel, feist, the smiths, pixies, portishead, lcd soundsystem, beck, miles davis, massive attack, elliott smith, eels, talking heads, bon iver, the velvet underground, the beatles, public enemy
o.s.t.r., cunninlynguists, nas, beastie boys
koЯn, sonic syndicate, ac/dc, afi, apocalyptica, slipknot, him, killswitch engage, all that remains, moonspell, three days grace, heaven shall burn, alice in chains, my chemical romance, disturbed, system of a down, the birthday massacre, alter bridge, seether, the offspring, mudvayne, p.o.d., sepultura, creed, trivium, parkway drive, in flames, from autumn to ashes, papa roach, flyleaf, avenged sevenfold, the fall of troy, rammstein, led zeppelin
the killers, lamb, portishead, franz ferdinand, tool, a perfect circle, massive attack, coldplay, 30 seconds to mars, blonde redhead, coma, rammstein, bullet for my valentine, radiohead, marilyn manson, pj harvey, pink floyd, soundtrack, serj tankian, atb, myslovitz, the gossip, guano apes, onerepublic, system of a down, babyshambles, muse, porcupine tree, deftones, duffy, nightwish
the flaming lips, the beatles, the cardigans, cake, danny elfman, maroon 5, avril lavigne, deerhoof, jack johnson
lupe fiasco, timbaland, james morrison, rihanna, justin timberlake, justice, 50 cent, chris brown, b?hse onkelz, katy perry, t.i., akon, gym class heroes, linkin park, the ting tings, avril lavigne, lady gaga, chamillionaire, hilary duff, black eyed peas, robyn, ne-yo, britney spears, sean paul
radiohead, muse, interpol, regina spektor, placebo, nine inch nails, manu chao, yann tiersen, the shins, kings of leon, emilie simon, lily allen, coldplay, yeah yeah yeahs, marilyn manson, seeed, deichkind, peter fox, babyshambles, adam green, death cab for cutie, antony and the johnsons, the strokes, the beatles, billy talent, fort minor, kaiser chiefs, spoon, the fratellis, kt tunstall, the libertines, m.i.a., arctic monkeys, rihanna, jamie cullum, metric, sufjan stevens, the bravery, amy winehouse, keane, maria mena
misfits, tiamat, green day, die toten hosen, electric six, gogol bordello, the clash, franz ferdinand, asian dub foundation, arctic monkeys, pennywise, the specials, kate nash, volbeat, guano apes, kings of convenience, nofx, pid?ama porno, o.s.t.r., beatsteaks, tenacious d, ozzy osbourne
nightwish, deep purple, blind guardian, audioslave, anathema, paradise lost, pink floyd, gamma ray, the 69 eyes, ozzy osbourne, dream theater, opeth, moonspell, evanescence, apocalyptica, ac/dc, flyleaf, dio, therion, soundgarden, shakira, metallica, enter shikari, queen, black label society, u2, muse, avril lavigne, morcheeba
guided by voices, aphex twin, stereolab, deerhoof, pavement, squarepusher, blur, low, autechre, the kinks, the magnetic fields, j dilla, sonic youth, the beatles, james brown, radiohead, nirvana, pj harvey, the smashing pumpkins, cat power, r.e.m., blonde redhead, the breeders
new found glory, descendents, the bouncing souls, interpol, afi, the pogues, minor threat, sum 41, blink-182, saves the day, bad brains
pink floyd, bob marley, jack johnson, queen, blondie, red hot chili peppers, gorillaz, madonna, nirvana, radiohead, bob marley & the wailers, simon & garfunkel, the offspring, the smashing pumpkins, timbaland, u2, david bowie, rage against the machine, black eyed peas, the chemical brothers, the jimi hendrix experience, dire straits, nickelback, massive attack
afi, ramones, millencolin, ac/dc, iron maiden, soulfly, lagwagon, silverchair, system of a down, avenged sevenfold, pantera, helloween, me first and the gimme gimmes, less than jake, metallica, in flames, atreyu, slayer, trivium, the hellacopters, the clash, rancid
[slipknot]
avril lavigne, coldplay, bryan adams, counting crows, r.e.m., james blunt, the cranberries, enya, dave matthews band, 30 seconds to mars, maroon 5, snow patrol, nickelback, roxette
mastodon, rush, dream theater, battles, the mars volta, the fall of troy, opeth, buckethead, justice, coheed and cambria, king crimson, jurassic 5, afi, strapping young lad, the dillinger escape plan, john coltrane, mindless self indulgence
gnarls barkley, john williams, black eyed peas, u2, chico buarque, louis armstrong, switchfoot
new order, devo, siouxsie and the banshees, lady gaga, joy division, m.i.a., interpol, lcd soundsystem, jimi hendrix, the cure
blur, cut copy, the presets, nouvelle vague, santogold, fleet foxes, late of the pier, supergrass, mew, simian mobile disco, tv on the radio, bloc party
j dilla, madlib, bonobo, madvillain, gnarls barkley, jack johnson, arctic monkeys, the beatles, the roots, common, daft punk, outkast, booka shade, bob dylan, dj krush, kanye west, mf doom, justice, louis armstrong, a tribe called quest, dj shadow, radiohead, the kooks, josé gonzález, parov stelar, damien rice, coldplay, jamiroquai, the strokes, flying lotus, gorillaz
garbage, the sisters of mercy, the 69 eyes, kmfdm, type o negative
johnny cash, tenacious d, the white stripes, bob dylan, air, eels, iron & wine, the decemberists, ben harper, cat stevens, belle and sebastian, the beatles, nirvana, spoon, moloko, joanna newsom, bonnie prince billy, feist, nick drake, the shins, franz ferdinand, mando diao, coldplay, daft punk, rjd2, travis, the velvet underground, beck, kings of convenience, adam green
all shall perish, isis, parkway drive, heaven shall burn, comeback kid, the black dahlia murder, tool, nile, the haunted, cypress hill, iced earth, bring me the horizon, the prodigy
o.s.t.r., myslovitz, hey, akurat, rufus wainwright
the shins, death cab for cutie, the postal service, belle and sebastian, coldplay, iron & wine, kate nash, sia, sufjan stevens, bright eyes, rilo kiley, modest mouse, vampire weekend, nine inch nails, beastie boys, lily allen, feist
death, all shall perish, children of bodom, dethklok, in flames, all that remains, buckethead, killswitch engage, bullet for my valentine
the beatles, genesis, madonna, the rolling stones, paul mccartney, porcupine tree, queen, elton john, electric light orchestra, phil collins, black sabbath, vangelis, jethro tull, camel, iron maiden, t. rex, rush, abba, ac/dc, eagles, pink floyd, enya, george michael, john lennon, fleetwood mac, radiohead, michael jackson, marillion, peter gabriel, supertramp, led zeppelin, steely dan, bob dylan
josé gonzález, death cab for cutie, girl talk, the get up kids, the weakerthans, elliott smith, pavement, belle and sebastian, explosions in the sky, the smiths
nelly furtado, 2pac, the game, aerosmith, eminem, dmx, the pussycat dolls, roxette, cascada
interpol, andrew bird, the kinks, imogen heap, mika, joy division
tristania, moonspell, epica, sirenia, nightwish, tori amos, madonna, haggard, theatre of tragedy, kamelot, tarja turunen, arch enemy, kate bush, apocalyptica, metallica, siouxsie and the banshees, paradise lost, loreena mckennitt, pj harvey
sting, billy joel, live, the police, hooverphonic, queen, garbage, the cure, bj?rk, porcupine tree, moby, paul van dyk, new order, sarah mclachlan, evanescence, beastie boys, cake, pet shop boys, delerium, duran duran, joe satriani, pearl jam, chicane
misfits, bauhaus, the cure, david bowie, johnny cash, devo, crystal castles, the sisters of mercy, the dresden dolls
arcade fire, feist, the beach boys, bob dylan, band of horses, animal collective, the flaming lips, sufjan stevens, antony and the johnsons, common, bonnie prince billy, cocorosie, the breeders, josé gonzález, interpol, the blood brothers, arctic monkeys, death cab for cutie, beck, elvis presley, cat power, the knife, yo la tengo, phoenix, iron & wine, the streets, the shins
bonobo, eddie vedder, beirut, gotan project, thievery corporation, elbow, clint mansell, blonde redhead, archive, feist, camera obscura, jamie cullum, boards of canada, kate nash, pink martini, the cinematic orchestra, norah jones, the national, bloc party, jack johnson, elliott smith, josé gonzález, kings of convenience, cocteau twins, goldfrapp, portishead, morrissey
muse, coheed and cambria, gorillaz, the mars volta, nine inch nails, queens of the stone age, the white stripes, nick cave and the bad seeds, radiohead, blur, okkervil river, less than jake, akira yamaoka, the shins, mastodon, a perfect circle, cursive, the faint, yeah yeah yeahs, at the drive-in, david bowie, circa survive, tenacious d, dir en grey, metric, afi, soundgarden, the black keys, bush
erykah badu, beyoncé, jay-z, common, calvin harris, a tribe called quest, john legend, ludacris, ne-yo, mary j. blige, outkast, lupe fiasco, notorious b.i.g.
the cure, einstürzende neubauten, mogwai, pink floyd, sonic youth, converge, joy division, frédéric chopin, jefferson airplane, led zeppelin, depeche mode, pj harvey, primus, pixies, bj?rk, tom waits, ludwig van beethoven, neil young, bob dylan, portishead, nine inch nails, david bowie, kyuss, philip glass, the beatles, kate bush, radiohead, sigur rós
iamx, placebo, depeche mode, muse, mew, belle and sebastian, oasis, the cure, the sisters of mercy, nouvelle vague, the smiths, the postal service, vnv nation, talking heads, kent, philip glass, dead kennedys
nouvelle vague, kings of convenience, sigur rós, múm, portishead, the killers, jeff buckley, pink floyd, beirut, nirvana, queen, depeche mode, velvet revolver, the decemberists, placebo, foo fighters, metallica, air, bush, apocalyptica, guano apes, tool, morrissey, queens of the stone age, franz ferdinand, the smiths, bloc party, coldplay, anathema
the clash, buzzcocks, the rolling stones, the beatles, the strokes, the doors, the kooks, arctic monkeys, oasis, joy division, dead kennedys, the who, cocorosie, the offspring, the jesus and mary chain, the fratellis, blondie, the cure, iggy pop, ok go
boards of canada, autechre, the prodigy
slipknot, kent, pink, the all-american rejects, anberlin, snow patrol, the wombats, katy perry, flyleaf, red.jumpsuit.apparatus, 44, coldplay, jimmy eat world, bullet for my valentine, h?kan hellstr?m, fall out boy, gavin degraw, stone sour, death cab for cutie, sugarcult, kanye west, morrissey, cute is what we aim for, the ting tings, jack johnson
max?mo park, tokyo police club, of montreal, broken social scene, metric, sigur rós, fleet foxes, bloc party, vampire weekend, snow patrol, final fantasy, grizzly bear, kings of leon, mew, the magnetic fields, yeah yeah yeahs, the cribs, phoenix, tv on the radio, modest mouse, the knife, cold war kids, death from above 1979, peter bjorn and john, the wombats, shout out louds, bright eyes, lykke li, the killers, the hives, the mountain goats, the new pornographers, animal collective, stars
amon amarth, arch enemy, behemoth, hypocrisy, dark tranquillity, scar symmetry, bloodbath, vader, soilwork, in flames, testament, dimmu borgir
kate bush, bob dylan, jeff buckley, ryan adams, leonard cohen, nick drake, rufus wainwright, regina spektor, tori amos, bruce springsteen, ani difranco, damien rice, elliott smith, pj harvey, the kooks, neil young, snow patrol, anna ternheim, nina simone, mirah, m. ward, nouvelle vague, antony and the johnsons, nick cave and the bad seeds, the shins, bonnie prince billy, sufjan stevens, david bowie, radiohead, thom yorke, neutral milk hotel, joni mitchell
blackfield, 30 seconds to mars, riverside, anathema, red hot chili peppers, foo fighters, simple plan, placebo, him, counting crows, muse, avril lavigne, radiohead, the smashing pumpkins, snow patrol, plain white ts, dirty pretty things, manic street preachers, coldplay, maria mena, alter bridge, keane, incubus, depeche mode, oasis, stone sour, a perfect circle
faithless, massive attack, mylo, madonna, rammstein, trentem?ller, limp bizkit, nightmares on wax, gentleman, marilyn manson, parov stelar
at the drive-in, the blood brothers, social distortion, bloc party, funeral for a friend, taking back sunday, parkway drive, the ataris, nofx, bad religion, pennywise, interpol, comeback kid, killswitch engage, paramore, afi, a perfect circle, against me!, bring me the horizon, as i lay dying, muse
god is an astronaut, ferry corsten, armin van buuren, above & beyond, chicane, blank & jones, paul van dyk, the killers, ti?sto, red hot chili peppers
at the gates, the dillinger escape plan, fugazi, thrice, primus, buckethead, at the drive-in, led zeppelin, a perfect circle, saosin, chevelle, lamb of god, my chemical romance, bullet for my valentine, the fall of troy, daft punk, gorillaz, circa survive, black flag, napalm death, bloc party, incubus, patrick wolf
massive attack, amon tobin, arctic monkeys, nine inch nails, radiohead, the prodigy, red hot chili peppers, pendulum, muse, asian dub foundation
the beatles, elvis presley, nick cave and the bad seeds, john lennon, prince, the doors, james brown, paul mccartney, duran duran, joy division, kate bush, lou reed, nick drake, megadeth, bee gees, black sabbath, johnny cash, dire straits, eric clapton, aerosmith, ramones, kiss, pet shop boys, ozzy osbourne, michael jackson
kamelot, epica, stratovarius, nightwish, hammerfall, blind guardian, therion, angra, iced earth, dragonforce, tarja turunen, after forever
the knife, the rolling stones, nouvelle vague, the shins, pinback, mgmt, bob dylan, cocorosie, the ting tings, beastie boys, spoon, kings of convenience, janis joplin, david bowie, belle and sebastian, elliott smith, bj?rk, carla bruni, daft punk, m.i.a., radiohead, led zeppelin, nine inch nails, the clash, tv on the radio, goldfrapp
mgmt, yeah yeah yeahs, stone temple pilots, digitalism, slipknot, justice, burial, breaking benjamin, cansei de ser sexy, simian mobile disco
die apokalyptischen reiter, in extremo, rammstein, ensiferum, eluveitie, b?hse onkelz, turisas, haggard, moonspell, schandmaul, finntroll, nightwish, therion, lacrimosa, oomph!
angels & airwaves, ac/dc, guano apes, akon, pearl jam, fall out boy, queen, green day, 3 doors down, placebo, sum 41, morcheeba, the all-american rejects
[michael jackson]
porcupine tree, the jimi hendrix experience, iamx, muse, judas priest, jamie cullum, ramones, black sabbath, red hot chili peppers, deep purple, bj?rk, alanis morissette, scorpions
testament, carcass, hypocrisy, iron maiden, metallica, children of bodom, equilibrium, sigur rós, ensiferum, helloween
autechre, aphex twin, boards of canada, marvin gaye, herbie hancock, squarepusher, miles davis, dj krush, tricky, john coltrane, four tet, massive attack, underworld, lamb, bj?rk, thievery corporation, bonobo, james brown, the knife, the cinematic orchestra, amon tobin
norah jones, coldplay, david gray, lacuna coil, anathema, rammstein, alicia keys, audioslave, muse, morcheeba, haggard, r?yksopp, portishead, red hot chili peppers, drowning pool, sugababes, deftones, after forever, regina spektor, system of a down, massive attack, asian dub foundation, samael
cascada, kelly clarkson, rihanna, hilary duff, sugababes, natasha bedingfield, sarah mclachlan, the veronicas, mariah carey, leona lewis, céline dion, christina aguilera, groove coverage, pink, nickelback, ne-yo, the pussycat dolls, craig david, katy perry
the beatles, misfits, caliban, alesana, ramones, black sabbath, rancid, buzzcocks, red hot chili peppers, as i lay dying, anti-flag, various artists, combichrist, bauhaus
finntroll, dark tranquillity, in extremo, cradle of filth, korpiklaani, children of bodom, agalloch, god is an astronaut, subway to sally, die apokalyptischen reiter, amorphis, eluveitie, down, tool, mastodon, a perfect circle, nightwish, marilyn manson, all shall perish, dimmu borgir, ulver, soilwork
2pac, parkway drive, in flames, lil wayne, the game, t.i., caliban, as i lay dying, heaven shall burn, soilwork, a day to remember, jay-z, dark tranquillity, eminem, all that remains, all shall perish, atreyu, brand new, killswitch engage, 50 cent, nas, isis, jedi mind tricks, trivium, bush
the killers, my morning jacket, the raconteurs, santogold, timbaland, muse, deus, dj shadow, simian mobile disco, the rolling stones, kings of leon, the chemical brothers, nine inch nails, klaxons, interpol, bloc party, fleet foxes, daft punk, the whitest boy alive, the hives, trentem?ller, booka shade, cat power, editors, r.e.m., queens of the stone age, the last shadow puppets, the national, franz ferdinand, mgmt, amy macdonald, black eyed peas, the cinematic orchestra, new order, hot chip, joy division, boards of canada, m.i.a., snow patrol, the cure, pink floyd
the cure, muse, beck, franz ferdinand, coldplay, rufus wainwright, mando diao, arctic monkeys, madonna, foo fighters, manu chao, razorlight, red hot chili peppers, pj harvey, kings of leon, placebo, oasis, babyshambles, bob dylan, the killers, the beatles, david bowie, interpol, r.e.m., the white stripes, the kills, the kooks, the clash, frank sinatra, kaiser chiefs, lenny kravitz, the smashing pumpkins, the who, mgmt, klaxons, ramones, the velvet underground, nine inch nails, the arcade fire, pink floyd, the fratellis, the hives, the chemical brothers, bloc party
the beatles, mogwai, tom waits, new order, portishead, radiohead, david bowie, eels, massive attack, okkervil river, wilco, thievery corporation, they might be giants, the cure, talking heads, neutral milk hotel, sonic youth
bob marley & the wailers, beastie boys, the roots, common, erykah badu, mos def, asian dub foundation, 50 cent, m.i.a.
ryan adams, bon jovi, dashboard confessional, journey, lifehouse
bad religion, anathema, jurassic 5, dinosaur jr., a-ha, band of horses, eluveitie, the smiths
lifehouse, los hermanos, adele, coldplay, flogging molly, colbie caillat, the fray, eddie vedder, ben harper, john mayer, radiohead, alter bridge, papa roach, ray lamontagne, regina spektor, the offspring, chico buarque, maroon 5, the killers, fergie, nirvana, james morrison, alicia keys, green day, u2, james blunt, fall out boy
slipknot, pearl jam, pink floyd, gorillaz, the rolling stones, metallica, ac/dc, tool, joy division, sepultura, iron maiden, jimi hendrix, a perfect circle, cypress hill, deftones, she wants revenge, adema, pain, soulfly, megadeth, katy perry, incubus, dream theater, rage against the machine, ill ni?o, van halen, radiohead
tokyo police club, the smiths, crystal castles, kings of leon, late of the pier, bloc party, the libertines, arctic monkeys, digitalism, mgmt, foals, simian mobile disco, pendulum, anberlin, enter shikari, blink-182, justice, refused, biffy clyro, the dillinger escape plan, santogold, coheed and cambria, boys noize, babyshambles, the cribs
the cure, tiamat, einstürzende neubauten, darkthrone, frank zappa, anathema, faith no more, mastodon, anthrax, strapping young lad, dead can dance, porcupine tree, megadeth, 65daysofstatic, satyricon, pantera, king crimson, samael, testament, matisyahu
the used, senses fail, jimmy eat world, linkin park, avril lavigne, hoobastank, fall out boy, david guetta, nine inch nails, incubus, the all-american rejects, saves the day, switchfoot, paul oakenfold, morcheeba, funeral for a friend, red.jumpsuit.apparatus, alter bridge, death cab for cutie
relient k, simple plan, bowling for soup, boys like girls, jay-z, all time low, the all-american rejects, blink-182, hilary duff, hellogoodbye, the sounds
kings of leon, the streets, dj shadow, eminem, gym class heroes, rjd2, gorillaz, the subways, moby, kanye west, modest mouse, beck, lcd soundsystem, jurassic 5, kate nash, hot chip, hooverphonic, air, pixies, incubus, fatboy slim, john legend, the chemical brothers, flying lotus, sufjan stevens, basement jaxx, mr. scruff, the herbaliser, no doubt, sia, mark ronson, massive attack, corinne bailey rae
beastie boys, miles davis, tosca, tool, sigur rós, squarepusher, mogwai, dj krush, dredg, madlib, richard cheese, pink floyd, 65daysofstatic, amon tobin, the smashing pumpkins, mastodon, metallica, venetian snares, thievery corporation
tenacious d, black sabbath, ac/dc, jethro tull, metallica, deep purple, black label society, dio, mot?rhead, nina simone, dream theater
hans zimmer, bryan adams, john williams, backstreet boys, phil collins
new found glory, converge, saves the day, backstreet boys, alkaline trio, city and colour, misfits, dropkick murphys, millencolin, explosions in the sky, minor threat, against me!, alexisonfire, the dillinger escape plan, blink-182
combichrist, electric six, primus, faith no more, parov stelar, tom waits, korpiklaani, asian dub foundation, de-phazz, the arcade fire
dizzee rascal, nofx, burial, jay-z, the ataris, kanye west, muse, justin timberlake, afi, all shall perish, chris cornell, rise against, m.i.a., the streets, tool, lupe fiasco, the mars volta, bright eyes, battles
ice cube, kanye west, the game, snoop dogg, eminem, the hives, o.s.t.r., 2pac, a tribe called quest, the roots, jurassic 5, ludacris, common, jay-z, busta rhymes, t.i., 30 seconds to mars, nas, coldplay, system of a down
john mayer, jason mraz, clueso, joshua radin, james morrison
coldplay, nick drake, katie melua, feist, carla bruni, beirut
high contrast, calvin harris, linkin park, michael jackson, craig david, dizzee rascal, ne-yo, chris brown, jamiroquai, snoop dogg
stereolab, animal collective, madlib, flying lotus, prefuse 73, broken social scene, nightmares on wax, dj shadow, of montreal, radiohead, bonobo, aesop rock, the cinematic orchestra, frank zappa, the national
radiohead, travis, okkervil river, arcade fire, max?mo park, coldplay, rufus wainwright, foals, elbow, modest mouse, clap your hands say yeah, iron & wine, beck, beirut, the kooks, the subways, death cab for cutie, the shins, of montreal, sigur rós, supergrass, kaiser chiefs, hot hot heat, tokyo police club, archive, stereophonics, the fratellis, josé gonzález, tv on the radio, spoon, panic at the disco, thom yorke
final fantasy, morrissey, the smiths, neutral milk hotel, arcade fire, sigur rós, stars, of montreal, radiohead, modest mouse, devendra banhart, metric, david bowie, feist, bright eyes, joanna newsom, beirut, sufjan stevens, mew, chromeo, the faint, rilo kiley, girl talk, ok go, architecture in helsinki, the knife, the shins, the white stripes, britney spears, belle and sebastian, daft punk, the postal service, patrick wolf, interpol, justice, explosions in the sky, rufus wainwright, broken social scene, the beatles
eminem, metallica, madonna, enya, katy perry, bon jovi, black eyed peas, johann sebastian bach, céline dion
apocalyptica, a perfect circle, daft punk, evanescence, sigur rós, dethklok, atb, paul van dyk, poets of the fall, infected mushroom, blank & jones, cascada, t.a.t.u., groove armada, madonna, koЯn, maroon 5, the prodigy, 30 seconds to mars, mindless self indulgence, static-x
the beatles, cake, muse, hellogoodbye, john lennon, nirvana, jens lekman, ben folds, billy joel, interpol, leonard cohen, supertramp, franz ferdinand, ratatat, mgmt, blur, the clash, queen, flight of the conchords, bob dylan, antonio vivaldi, mindless self indulgence, the killers, the rolling stones, belle and sebastian, the kooks, lily allen, green day, kraftwerk, coldplay, ozzy osbourne, ramones, frank sinatra, the postal service, r?yksopp
the smiths, the rolling stones, pink floyd, u2, the beatles, nirvana, deep purple, led zeppelin, travis, tracy chapman, moby, ac/dc, kelly clarkson, stereophonics, the who, kt tunstall, eric clapton, massive attack, jimi hendrix, tom waits, the police, david bowie, elvis costello, santana, lenny kravitz, van morrison, oasis, alanis morissette, lou reed, black sabbath, pj harvey, bj?rk, gorillaz, portishead, franz ferdinand, bob marley, the smashing pumpkins, green day, amy winehouse, prince, the cardigans, dave matthews band
nightmares on wax, ac/dc, creedence clearwater revival, tristania, fatboy slim, bob marley & the wailers, the sisters of mercy, thomas newman, led zeppelin, lacuna coil, judas priest, deep purple, nightwish, koЯn, rhapsody of fire, bauhaus, gorillaz, samael, tricky, daft punk, p.o.d.
boards of canada, radiohead, apparat, the prodigy, the cure, air, plaid, massive attack, burial, lcd soundsystem, portishead, the chemical brothers, gotan project, prefuse 73, venetian snares, m83
bowling for soup, sum 41, blink-182, linkin park, die ?rzte, nickelback, phil collins, switchfoot, simple plan, nirvana, queen, the rasmus, ac/dc, fort minor, the all-american rejects, bon jovi, the beatles, various artists
aimee mann, feist, fiona apple, ani difranco, tori amos, dido, regina spektor, lily allen, cat power, imogen heap, garbage, sheryl crow, madonna, jem, nelly furtado
alice in chains, tool, megadeth, aphex twin, melvins
underoath, anberlin, skillet, switchfoot, emery, queen, jonas brothers, mae, elvis presley
65daysofstatic, nine inch nails, mew, portishead, mogwai, god is an astronaut, bj?rk, placebo, godspeed you! black emperor, bloc party, massive attack, arcade fire, m83, a perfect circle, fleet foxes, thom yorke, tool, the cardigans, blonde redhead, clint mansell, the mars volta, yeah yeah yeahs, queens of the stone age, incubus, animal collective, regina spektor, explosions in the sky, kimya dawson, the beatles, nina simone, battles, foo fighters, system of a down, the cure, porcupine tree, red hot chili peppers, the cinematic orchestra
bob dylan, neil young, radiohead, tom waits, blur, moby, prefuse 73, massive attack, orbital, led zeppelin, bj?rk, david bowie, nick cave and the bad seeds, boards of canada, miles davis, bonnie prince billy, pixies, gorillaz, marvin gaye, pink floyd, primal scream, beastie boys, dj shadow, johnny cash, the smiths, air, kings of leon, daft punk, feeder, r.e.m., mr. scruff, the future sound of london, van morrison, outkast, elbow, wu-tang clan, muse
hot chip, nine inch nails, radiohead, sufjan stevens, the whitest boy alive, apparat, the knife, the notwist, lcd soundsystem, depeche mode, peaches, beck, patrick wolf, portishead, final fantasy, architecture in helsinki, antony and the johnsons, junior boys, booka shade, feist, josé gonzález, bj?rk, cansei de ser sexy, the presets, cocorosie, death cab for cutie, the white stripes, hercules and love affair
amon tobin, sigur rós, the flashbulb, aphex twin, mr. scruff, boards of canada, the mars volta, elliott smith, modest mouse, venetian snares, squarepusher, bonobo, the fall of troy, radiohead, j dilla, high contrast, dj shadow, 65daysofstatic, unkle, mobb deep, rjd2, brand new, brian eno, a tribe called quest, bring me the horizon, burial, gorillaz, jurassic 5, dj krush, rage against the machine, dr. dre, plaid
moby, alanis morissette, lily allen, buena vista social club, john legend, nelly furtado, rihanna, santana, enigma, shakira, the killers, lady gaga, sade, armin van buuren, above & beyond
air, goldfrapp, the cinematic orchestra
clueso, linkin park, slipknot, adema, jack johnson, elvis presley, stone sour, fort minor, peter fox, mindless self indulgence, in extremo, marilyn manson, maroon 5, dope, die toten hosen
hooverphonic, rammstein, coldplay, robbie williams, basshunter, epica, bad religion, colbie caillat, lady gaga, eminem, apocalyptica, carla bruni, the chemical brothers, bloodhound gang, rihanna, kmfdm, red hot chili peppers, avril lavigne, moby, infected mushroom, megadeth
bright eyes, anna ternheim, regina spektor, r.e.m., damien rice, bonnie prince billy, iron & wine, johnny cash, sufjan stevens, coldplay, tori amos, the knife, neil young, sigur rós, the postal service, bj?rk, nirvana, joshua radin, imogen heap, the magnetic fields, radiohead, simon & garfunkel, kent, death cab for cutie, antony and the johnsons, nina simone, the cardigans, joni mitchell
the postal service, led zeppelin, aerosmith, simon & garfunkel, jack johnson, dave matthews band, ben harper, dr. dre, nick drake, notorious b.i.g., joshua radin, the smashing pumpkins, eric clapton, jeff buckley, ray charles, corinne bailey rae, nas, jay-z, third eye blind, the roots
sufjan stevens, built to spill, elliott smith, beirut, neutral milk hotel, fleet foxes, joy division, franz ferdinand, mogwai, echo & the bunnymen, kings of convenience, the stone roses, bon iver, okkervil river, múm, godspeed you! black emperor, jefferson airplane, the clash, bauhaus
the strokes, deerhunter, elliott smith, ladytron, ramones, my bloody valentine, cansei de ser sexy, mindless self indulgence, the vines, death cab for cutie, neutral milk hotel, deerhoof
red hot chili peppers, me first and the gimme gimmes, queen, [unknown], norah jones, alanis morissette, parov stelar, fall out boy, gwen stefani, 311
r.e.m., death cab for cutie, the flaming lips, dave matthews band, the postal service, bonnie prince billy, eddie vedder, blonde redhead, kate nash, the mountain goats, coldplay, porcupine tree, portishead, elliott smith, kosheen, damien rice, frou frou, múm, pj harvey, emilíana torrini, pearl jam
muse, joshua radin, all time low, linkin park, eminem, jay-z, dashboard confessional, paramore, 44, good charlotte, metallica, boys like girls, fall out boy, avril lavigne, my chemical romance, foo fighters, rise against, james blunt, limp bizkit, from first to last, avenged sevenfold, jack johnson, placebo, death cab for cutie, papa roach, bj?rk, tenacious d, maroon 5
nine inch nails, cake, the prodigy, atmosphere, girl talk, moby, bloc party, black eyed peas, bring me the horizon, blur, flight of the conchords, mindless self indulgence, benny benassi, thrice, soundgarden, tool, kanye west, jay-z
sublime, 311, the white stripes, metallica, weezer, bonobo, foo fighters, pink floyd, cake, tool, the beatles, led zeppelin, daft punk, the strokes, nine inch nails, nirvana, bad religion, rage against the machine, pennywise, the doors, the offspring, muse, system of a down, queens of the stone age, thievery corporation, the killers, koЯn, stone temple pilots, cypress hill, richard cheese, alicia keys, bob marley & the wailers, green day, pantera, franz ferdinand, primus, beastie boys, jimi hendrix, jet, jamiroquai, snoop dogg, eric clapton, mr. scruff, at the drive-in, the raconteurs, thrice
n*e*r*d, seeed, the killers, maroon 5, michael bublé, travis, the kooks, kanye west, phoenix, amy macdonald, jason mraz, kate nash, natasha bedingfield, peter fox, amy winehouse, gym class heroes, mark ronson, the fratellis, schandmaul, james morrison, lupe fiasco, craig david, lenny kravitz, timbaland, fleetwood mac, elton john, leona lewis, john legend, keane, katie melua, sugababes
megadeth, epica, haggard, norther, in flames, jefferson airplane, children of bodom, loreena mckennitt, sepultura, iron maiden, black sabbath, slayer, mariah carey, nightwish, blind guardian, iced earth, testament, after forever, abba
tricky, kmfdm, amon tobin, bj?rk
jordin sparks, cascada, christina aguilera, rihanna, beyoncé, nelly furtado, good charlotte, katy perry, david guetta, amy winehouse, madonna, green day, avril lavigne, linkin park, seal, 3 doors down, chris brown, alicia keys, the pussycat dolls, usher, dido, natasha bedingfield, snow patrol, black eyed peas, ashlee simpson, maria mena, simple plan, nirvana
billy talent, the cranberries, pink floyd, coldplay, three days grace, tori amos, james blunt, lily allen, the beatles, bob marley, sum 41, my chemical romance, alanis morissette, t.a.t.u., gwen stefani, muse, pink, green day, jeff buckley, nickelback, marilyn manson
devendra banhart, andrew bird, sufjan stevens, cocorosie, bat for lashes, beirut, deerhunter
portishead, aesop rock, air
ne-yo, chamillionaire, chris brown, akon, eminem, the game, gym class heroes, kanye west, mariah carey, fort minor, lupe fiasco, ludacris
sigur rós, the album leaf, the smashing pumpkins, mogwai, rufus wainwright, dashboard confessional, death cab for cutie, the notwist, editors, elliott smith, placebo, radiohead, the verve, the strokes, david gray
dir en grey, slipknot, mudvayne, coldplay, children of bodom, eminem, good charlotte, papa roach, porcupine tree
slipknot, my chemical romance, mindless self indulgence, faith no more, bj?rk, placebo, deftones, koЯn, joe satriani, radiohead, garbage, linkin park, muse, bloc party, nirvana, buckethead, the dillinger escape plan, depeche mode, joy division, him, system of a down, the smashing pumpkins, danny elfman
incubus, queens of the stone age, kyuss, jamiroquai, nine inch nails, muse, tenacious d, koЯn, radiohead, the white stripes, foo fighters, limp bizkit, john williams, metallica, finch, jimi hendrix, archive, hans zimmer, down, eagles of death metal, justin timberlake, justice, system of a down, scissor sisters, [unknown], staind, primus, porcupine tree, bullet for my valentine, brand new, cansei de ser sexy, fischerspooner
bob marley & the wailers, the white stripes, the hives, hot chip, ramones, massive attack, jefferson airplane, shpongle, blink-182, the beatles, electric six, the doors, thievery corporation, goldfrapp, tricky, the knife, cat power, sonic youth, billy talent, franz ferdinand, the kooks, bob marley, dirty pretty things, 44, from autumn to ashes, caliban, daft punk
ac/dc, blank & jones, rammstein, metallica, queen, avril lavigne, dream theater, nirvana, bush, johann sebastian bach, depeche mode, air, emilie simon, limp bizkit, ludwig van beethoven, frédéric chopin
the strokes, panic! at the disco, modest mouse, minus the bear, regina spektor, sufjan stevens, the national, snow patrol, sonic youth, m83, placebo, pinback, daft punk, beirut, kasabian, battles, broken social scene, fleetwood mac, spoon, feist, thom yorke, death cab for cutie, editors, aretha franklin, green day, kaiser chiefs
sonata arctica, def leppard, hammerfall, spice girls, turisas, ayreon, kamelot, iron maiden, bon jovi, korpiklaani, nightwish, ensiferum, helloween, epica, staind, amorphis, nickelback, lacuna coil, therion, kiss, queen, bryan adams, edguy
toto, herbie hancock, black sabbath, led zeppelin
abba, lacuna coil, sirenia, epica, in flames, tori amos, after forever, joanna newsom, beck, the cardigans, tiamat, blur, goldfrapp, the magnetic fields, amorphis, moonspell
pet shop boys, tracy chapman, radiohead, duran duran, bj?rk, wolfgang amadeus mozart, moby, the cure, louis armstrong, nick cave and the bad seeds, johann sebastian bach, frédéric chopin, tori amos, fiona apple, bob dylan
kylie minogue, shakira, britney spears, christina aguilera, madonna, mariah carey, rihanna, spice girls, abba, carla bruni, amy winehouse, calvin harris, queen, beyoncé, backstreet boys, coldplay, roxette, ramones, nelly furtado, édith piaf, mika, [unknown]
opeth, switchfoot, coheed and cambria, atreyu, children of bodom, a perfect circle, as i lay dying, dark tranquillity, afi, hoobastank, green day, thrice, nine inch nails, sonata arctica, atb, the smashing pumpkins, taking back sunday, john mayer, lamb of god, disturbed, thursday
massive attack, dream theater, pearl jam, opeth, sigur rós, ulver, moonspell, anathema, akira yamaoka, dredg, marilyn manson, isis, dimmu borgir, katatonia, the mars volta, agalloch, my dying bride, tool, the gathering, rammstein, queens of the stone age, king crimson, enigma, deftones, strapping young lad, silverchair, in flames, riverside, a perfect circle, type o negative, alexisonfire, godspeed you! black emperor, melvins, aphex twin, iced earth
thursday, regina spektor, new found glory, peter bjorn and john, rise against
enrique iglesias, keane, the raconteurs, arctic monkeys, good charlotte, my chemical romance, nelly furtado, muse, placebo, max?mo park, deus, coldplay, the kooks, the dresden dolls, incubus, the academy is..., billy talent, bloc party, mika, damien rice, the fray, gym class heroes, the rasmus, gavin degraw, jonas brothers, pink floyd, the used, kaiser chiefs, paolo nutini, daft punk, justice, afi, queen, stereophonics, michael bublé, backstreet boys
green day, coldplay, third eye blind, minus the bear, sublime, nirvana, story of the year, 2pac, incubus, oasis, jamiroquai, the smashing pumpkins, jack johnson, the doors, the police, rage against the machine, eagles, death cab for cutie, red hot chili peppers, 311, foo fighters, pearl jam, daft punk, paul van dyk, the stone roses, a tribe called quest, led zeppelin, linkin park, sade, the beatles, alice in chains, janet jackson, the cranberries, the verve, sneaker pimps
lupe fiasco, godspeed you! black emperor, jimmy eat world, the blood brothers, sublime, afi, mono, nofx, circa survive, alexisonfire, converge, queens of the stone age, mogwai, rage against the machine, nirvana, the get up kids, kanye west, underoath, my chemical romance, muse, tool, cursive
arctic monkeys, lily allen, bloc party, spoon, muse, mew, amy winehouse, the killers, linkin park, nada surf, hot hot heat, kasabian, the chemical brothers, basement jaxx, kaiser chiefs, placebo, daft punk, ok go, the strokes, franz ferdinand, hellogoodbye, feeder, the hives, the bravery, death cab for cutie, moby, the wombats, robbie williams, interpol, max?mo park, mando diao, staind, coldplay, black eyed peas, the white stripes, broken social scene, editors, r?yksopp
nine inch nails, beck, she wants revenge, mindless self indulgence, afi, ayreon, radiohead, apoptygma berzerk, rammstein, jimi hendrix, the offspring, the cure, the beatles, electric six, the birthday massacre, pink floyd, marilyn manson, red hot chili peppers, kmfdm, type o negative, combichrist, david bowie, beastie boys, vnv nation, underworld, the who, scooter, skinny puppy, led zeppelin, green day, moonspell, the prodigy, fear factory, metallica, moby, pearl jam, ac/dc, oomph!, incubus, nofx, tool
muse, the postal service, incubus, radiohead, anberlin, death cab for cutie, circa survive, phoenix, the rapture, the new pornographers, air, maroon 5, n*e*r*d, jimmy eat world, hot chip, snow patrol, finch, lcd soundsystem, junior boys, lil wayne, kanye west, gorillaz, saosin, coldplay, of montreal, gym class heroes, the flaming lips, dj shadow, beck, deftones, cansei de ser sexy, justin timberlake, britney spears, bj?rk, jack johnson, architecture in helsinki, emery
moby, koЯn, deftones, mudvayne, interpol, soulfly, nirvana, sepultura, tool, beatsteaks, marilyn manson, system of a down, thrice, at the drive-in, fear factory, metallica
bullet for my valentine, rammstein, red hot chili peppers, the offspring, hammerfall, jimi hendrix, katie melua, 3 doors down, guns n roses, yellowcard, led zeppelin, santana, ozzy osbourne, lacuna coil, the prodigy, switchfoot, eric clapton, godsmack, ac/dc, fear factory, black sabbath, aerosmith, bruce springsteen, dire straits, the cranberries, the police, goo goo dolls, bon jovi
blind guardian, children of bodom, cradle of filth, metallica, kreator, ozzy osbourne, black sabbath, ac/dc, lordi, dio, rob zombie, dimmu borgir, rainbow, scorpions, kamelot, iced earth, rammstein, disturbed, paradise lost
ministry, strapping young lad, isis, nine inch nails, kmfdm, meshuggah, moonspell, david bowie, anna ternheim, melvins, tom waits, skinny puppy, goldfrapp, primus, the dillinger escape plan, samael, finntroll, rancid, einstürzende neubauten, garbage, air, the mars volta, cradle of filth
cat power, the decemberists, boards of canada, beck, radiohead, portishead, the raconteurs, interpol, kings of leon, the cinematic orchestra, cold war kids, trentem?ller, the shins, the books, blonde redhead, eels, the kills, the notwist, johann sebastian bach, pj harvey, yeah yeah yeahs, arcade fire, built to spill, amy winehouse, the knife, franz ferdinand
parkway drive, ignite, converge, heaven shall burn, ray charles, the black keys, hatebreed, comeback kid, deftones, killswitch engage
simon & garfunkel, the kinks, leonard cohen, manu chao, the pogues, bruce springsteen, rilo kiley, lykke li, iron & wine, santogold, the beatles, belle and sebastian, kate nash, the clash, frank sinatra, johnny cash, animal collective, sufjan stevens, gwen stefani, roots manuva
emery, funeral for a friend, jimmy eat world, say anything, thrice, all time low, foo fighters, blink-182, taking back sunday, ignite, brand new, finch, fall out boy, 44, angels & airwaves, reel big fish, panic at the disco, the all-american rejects, kings of leon, 30 seconds to mars, billy talent, flyleaf, the academy is...
arctic monkeys, franz ferdinand, groove coverage, the kooks, red hot chili peppers, the pigeon detectives, gorillaz, the killers, mika, the wombats, bob marley & the wailers, coldplay, cascada, eagles of death metal, flogging molly, rihanna, max?mo park, bruce springsteen
nofx, my chemical romance, muse, system of a down, atmosphere, t.i., weezer, billy talent, led zeppelin, finch, arctic monkeys, kanye west, evanescence, the white stripes, damien rice, cake, linkin park, eminem, fall out boy, lupe fiasco, foo fighters, tenacious d, mando diao, say anything, breaking benjamin, thrice, machine head, ben folds, the used, third eye blind, gym class heroes, jay-z, bright eyes, nirvana, limp bizkit, all that remains, dmx, senses fail, the academy is..., beastie boys, keane, afi
daft punk, booka shade, r?yksopp, trentem?ller, bj?rk
alicia keys, usher, mariah carey, the game, chris brown, jay-z, joss stone, nas, ludacris, michael jackson, mos def
kanye west, jay-z, lupe fiasco, 50 cent, t.i., akon, eminem, girl talk, beyoncé, natasha bedingfield, wu-tang clan, beastie boys, erykah badu, flo rida, notorious b.i.g., koЯn, dmx, justin timberlake, marvin gaye, usher, afi, michael jackson, outkast, talib kweli, ice cube, gwen stefani, amy winehouse, busta rhymes, the game, missy elliott, feist, pink, nas
jack johnson, mos def, lupe fiasco, 50 cent, kanye west, notorious b.i.g., t.i., ludacris, ice cube, usher, justin timberlake, common, eminem, chamillionaire, talib kweli, mariah carey, sean paul, busta rhymes, missy elliott, infected mushroom, flo rida, the game, chris brown, metallica, katy perry
red hot chili peppers, john frusciante, metallica, paramore, pink floyd, bon jovi, a perfect circle, queen, the strokes, hans zimmer, evanescence, creed, in flames, slipknot, the killers, linkin park, tool, incubus, anathema, alice in chains, nirvana, 30 seconds to mars, guns n roses, pearl jam, velvet revolver, serj tankian, apocalyptica, loreena mckennitt, muse, ac/dc, alter bridge, system of a down
public enemy, pendulum, skinny puppy, [unknown], kraftwerk, venetian snares, dead kennedys, ministry, billie holiday
angels & airwaves, good charlotte, paramore, the all-american rejects, the who, anti-flag
melvins, eagles of death metal, rage against the machine, chromeo, down, nick cave and the bad seeds, sepultura, stone temple pilots, queens of the stone age, porcupine tree, nick drake, tool, soundgarden, david bowie, sonic youth, king crimson, the clash, meshuggah, a perfect circle, the beach boys, strapping young lad, tom waits, mastodon, thin lizzy, deftones, simon & garfunkel, kyuss, blackfield, nirvana, richard cheese, joe satriani, the rolling stones, metallica
hooverphonic, gotan project, bob marley & the wailers, bonobo, outkast, bob marley, muse, pink martini, [unknown], roots manuva, manu chao, keane, lamb, gentleman, ray charles, édith piaf, arctic monkeys, depeche mode, franz ferdinand, gnarls barkley, boards of canada, sting, the herbaliser
[the beatles]
thrice, the smashing pumpkins, coheed and cambria, spoon, eels, sigur rós, radiohead, refused, the flaming lips, death cab for cutie, aimee mann
dream theater, iron maiden, kiss, deep purple, stratovarius, edguy, ozzy osbourne, judas priest, ac/dc, ayreon, angra, led zeppelin, testament, skid row, pantera, m?tley crüe, system of a down, the rolling stones, megadeth
bloc party, soundtrack, regina spektor, kings of leon, iamx, mgmt, blondie, apparat, digitalism, amon tobin, placebo, lou reed, the whitest boy alive, bonobo, cat power, david bowie, sigur rós, mr. scruff, junior boys, max?mo park, architecture in helsinki, elvis presley, cut copy, patrick wolf, bat for lashes, arctic monkeys, beck, the smiths, hey, róisín murphy
grizzly bear, animal collective, my bloody valentine, phoenix, bat for lashes, the breeders, the jesus and mary chain, dinosaur jr., radiohead, hercules and love affair, j dilla, m83, neutral milk hotel, sonic youth, brian eno
bob marley & the wailers, radiohead, pink floyd, blur, madness, explosions in the sky, jimi hendrix, coldplay, django reinhardt, oasis, bob marley, calexico, antony and the johnsons, led zeppelin, franz ferdinand, jefferson airplane, the doors, the velvet underground, lou reed, manu chao, amy winehouse, john lennon
bob dylan, the go! team, daft punk, children of bodom, jack johnson, mgmt, counting crows, gavin degraw, radiohead, jason mraz, justice, red hot chili peppers, simon & garfunkel, arctic monkeys, the rolling stones, iron & wine, tokyo police club, eels
the beatles, yann tiersen, the national, the beach boys, dinosaur jr., elvis presley, ramones, the cure, santogold, yeah yeah yeahs, the white stripes, bob marley & the wailers, eagles of death metal, enter shikari, the prodigy, django reinhardt, the mountain goats, vampire weekend, justice, dead can dance, iron maiden, low
b?hse onkelz, tool, the 69 eyes, 3 doors down, turbonegro, a perfect circle, three days grace, beatsteaks, die toten hosen, muse, machine head, evanescence, timbaland, marilyn manson, chevelle, story of the year, the sounds, killswitch engage, bullet for my valentine, dimmu borgir, papa roach, the smashing pumpkins, silverstein, incubus, sugarcult, coheed and cambria, rihanna, staind, nine inch nails, deftones
booka shade, zero 7, bonobo, the prodigy, bob marley, paul van dyk, thievery corporation, moby, armin van buuren, air, daft punk, the chemical brothers, jamiroquai, ti?sto, dj shadow, orbital, pendulum, depeche mode, u2, aphex twin, r?yksopp, bob marley & the wailers, high contrast, linkin park
the black keys, the beatles, the strokes, arctic monkeys, eddie vedder, led zeppelin, lou reed, ben harper, kings of leon, belle and sebastian, david bowie, beirut, the kills, radiohead, ac/dc, lenny kravitz, vampire weekend, devendra banhart, jamiroquai, amy winehouse
the cinematic orchestra, james brown, squarepusher, bj?rk, mr. scruff, a tribe called quest, aphex twin, beastie boys, massive attack, jurassic 5, jack johnson, amon tobin, groove armada, de la soul, red hot chili peppers, j dilla, nightmares on wax, dj shadow, herbie hancock, bonobo, the herbaliser, john coltrane, boards of canada, madlib, radiohead, the chemical brothers, the beatles, dj krush, fleet foxes, roots manuva
led zeppelin, dream theater, eric clapton, coldplay, jethro tull, the doors, santana, joe satriani, black sabbath, genesis, nightwish, nick cave and the bad seeds, elvis presley, nirvana, cradle of filth, guns n roses, iggy pop, scorpions, morcheeba, guano apes, apocalyptica, bob marley & the wailers, hammerfall, iron maiden, frank zappa, red hot chili peppers, jimi hendrix, ac/dc, carla bruni, king crimson, evanescence, van halen, r.e.m.
say anything, fleetwood mac, nada surf, nirvana, the white stripes, foo fighters, paul mccartney, barenaked ladies, death cab for cutie, wilco, the smashing pumpkins, green day, of montreal, the strokes, flight of the conchords, pearl jam, vampire weekend, john lennon, the beach boys, third eye blind, the zombies, lily allen, pixies
god is an astronaut, paradise lost, agalloch, eluveitie, haggard, tiamat, enya, die apokalyptischen reiter, equilibrium, amorphis, ayreon, amon amarth, moonspell, anathema
metallica, serj tankian, soundgarden, system of a down, bob marley, disturbed, my chemical romance, nirvana, linkin park, chris cornell, ben harper, saves the day, panic at the disco, sonata arctica, guns n roses, aerosmith, lagwagon, social distortion, green day, dmx, angels & airwaves, muse, tenacious d, red hot chili peppers, jay-z, rancid
manu chao, elvis presley, immortal technique, bob marley, gentleman, the doors, helloween, matisyahu, cypress hill, rage against the machine
manowar, rammstein, rhapsody of fire
the doors, rainbow, deep purple, scorpions, black sabbath, iron maiden, led zeppelin, jefferson airplane, ac/dc, the rolling stones, guns n roses, judas priest, r.e.m., michael jackson, dire straits, aerosmith, bon jovi, bruce springsteen, kiss, van halen, eric clapton, lynyrd skynyrd, ozzy osbourne, abba, dio, janis joplin, the who
pearl jam, foo fighters, the beatles, bob dylan, bob marley, the rolling stones, jack johnson, the killers, pink floyd, red hot chili peppers, audioslave, moby, nirvana, matisyahu, joss stone, weezer, stone temple pilots
u2, the prodigy, jamiroquai, basement jaxx, red hot chili peppers, aerosmith, the chemical brothers, kylie minogue, fatboy slim, groove armada, moby, guns n roses, the beatles, daft punk, michael jackson, the smashing pumpkins, lamb, phil collins, blondie, bee gees, mylo, faithless, pearl jam, the kinks, madonna, bryan adams, bon jovi, bush, the jimi hendrix experience, electric six, scissor sisters, oasis, massive attack
radiohead, outkast, nine inch nails, common, beck, death cab for cutie, atmosphere, weezer, oasis, massive attack, coldplay, ben folds, lenny kravitz, placebo, mos def, gorillaz, nas, the smashing pumpkins, garbage, stars, beastie boys, the cardigans, u2, badly drawn boy, the flaming lips, bloc party, modest mouse, pj harvey, the white stripes, madlib, sufjan stevens, moby, morcheeba, elliott smith
portishead, mindless self indulgence, venetian snares, squarepusher, lostprophets, danny elfman, kasabian, arctic monkeys, akurat, tom waits, cocorosie, soundtrack
hooverphonic, michael jackson, nelly furtado, my chemical romance, metallica, babyshambles, red hot chili peppers, guns n roses, madonna, dropkick murphys, muse, aerosmith, era, coldplay, foo fighters, clint mansell
britney spears, christina aguilera, beyoncé, shakira, sean paul, justin timberlake, missy elliott, spice girls, evanescence
pearl jam, 30 seconds to mars, foo fighters, nickelback, 2pac, a-ha, backstreet boys, lifehouse
moby, lifehouse, r.e.m., ella fitzgerald, u2, michael bublé, loreena mckennitt, 3 doors down, chet baker, johnny cash, sarah mclachlan, diana krall, kelly clarkson, rufus wainwright, ben folds, nina simone, madonna, imogen heap, the beatles, the killers, simon & garfunkel
mos def, norah jones, amy winehouse, j dilla, james brown, bj?rk, 2pac, feist, madlib, christina aguilera, madvillain
the clash, primal scream, pixies, tom waits, john coltrane, squarepusher, nouvelle vague, frank zappa, johnny cash, beastie boys, crystal castles, beirut, turbonegro, the beatles, fear factory, the cinematic orchestra, the smashing pumpkins, dead kennedys, pearl jam, aphex twin, massive attack, minor threat, charlie parker
backstreet boys, eric clapton, cansei de ser sexy, katy perry, jay-z, flight of the conchords, girl talk, red hot chili peppers, system of a down, tv on the radio, akon, billy joel
incubus, amy winehouse, thrice, foo fighters, jimmy eat world, senses fail, jamie cullum, n*e*r*d, blink-182, the kooks, red hot chili peppers, richard cheese, jack johnson, bloc party, queens of the stone age, coldplay, silverstein, babyshambles, no doubt
archive, lil wayne, ac/dc, combichrist, kanye west, aerosmith, nine inch nails, black label society, basement jaxx, britney spears, beyoncé, tricky, kosheen, marilyn manson
comeback kid, bonobo, fugazi, converge, nine inch nails, refused, 30 seconds to mars, o.s.t.r.
wolfgang amadeus mozart, leonard cohen, simon & garfunkel, ludwig van beethoven, adele, abba
new order, joy division, pet shop boys, ladytron, the sounds, abba, klaxons, editors, the smiths, anna ternheim, stars, pulp, jens lekman, bloc party, depeche mode, hot chip, garbage, amy macdonald, lily allen, mgmt, kate nash, the sisters of mercy, gnarls barkley, hard-fi
infected mushroom, kamelot, vnv nation, muse, the dresden dolls, placebo, kosheen, the killers, the clash, apocalyptica, sneaker pimps, david bowie, ennio morricone, final fantasy, garbage, gorillaz, t.a.t.u., led zeppelin, the sisters of mercy, leonard cohen
belle and sebastian, rufus wainwright, nick drake, air, the smiths, the magnetic fields, emilie simon, bon iver, david bowie, richard cheese, the knife, bright eyes, andrew bird, wilco, mogwai, the zombies, calexico, nouvelle vague
ratatat, beck, the white stripes, shiny toy guns, tom waits, david bowie, ramones, oasis, cocteau twins, vampire weekend, broken social scene, cocorosie, lily allen, babyshambles, type o negative, the prodigy, the jesus and mary chain, the decemberists, pixies, explosions in the sky, new order, elvis presley, ac/dc, pulp, leonard cohen, bob dylan, 65daysofstatic, amon tobin, god is an astronaut, belle and sebastian, koЯn, marilyn manson, t. rex
various artists, queen, abba, the beatles, ozzy osbourne, michael jackson, james blunt, van halen
damien rice, pink floyd, live, coldplay, buena vista social club, tom waits, jimi hendrix, red hot chili peppers, herbie hancock, jethro tull, gotan project, nine inch nails, louis armstrong, led zeppelin, the jimi hendrix experience, cat stevens, audioslave, r.e.m., ella fitzgerald, ac/dc, metallica, rush
tegan and sara, metric, morcheeba, feist, no doubt, garbage, the knife, the breeders, fiona apple, weezer, gorillaz, the cardigans, third eye blind
r.e.m., the new pornographers, eels, oasis, portishead, the rolling stones, jimi hendrix, red hot chili peppers, the white stripes, nada surf, mgmt, shiny toy guns, counting crows, nine inch nails, led zeppelin, morcheeba, placebo, primal scream, david bowie, inxs, tricky, the killers, sigur rós, gorillaz, the velvet underground, avril lavigne, coldplay, goldfrapp, shout out louds, ladytron, blur
king crimson, marillion, tori amos, porcupine tree, kate bush, genesis, blackfield, pet shop boys, pink floyd
lifehouse, natasha bedingfield, imogen heap, pendulum, motion city soundtrack, the fray, the veronicas, yellowcard, kelly clarkson, the pussycat dolls, blink-182, the academy is..., girls aloud, the all-american rejects, the killers, all time low, avril lavigne, feeder, the kooks, arctic monkeys, joshua radin, klaxons, leona lewis, maroon 5, britney spears, hellogoodbye, ashlee simpson, kaiser chiefs
james morrison, the fratellis, kt tunstall, fiona apple, h?kan hellstr?m, david gray, anna ternheim, david bowie, rufus wainwright, the beatles, carla bruni, josé gonzález, muse, belle and sebastian, coldplay, lykke li, jamie cullum
korpiklaani, darkthrone, finntroll
britney spears, akon, avril lavigne, beyoncé, shakira, the cranberries, justin timberlake
the jesus and mary chain, underworld, the chemical brothers, air, muse, massive attack, my bloody valentine, radiohead, r?yksopp, kaiser chiefs, stereophonics, the smashing pumpkins, slowdive, mogwai, travis, franz ferdinand, yo la tengo, primal scream, hard-fi, placebo, the mars volta, kings of convenience, mew, scissor sisters, sonic youth, kraftwerk, the hives, the verve, keane, 65daysofstatic, jason mraz
sufjan stevens, ennio morricone, they might be giants, relient k, say anything, rilo kiley, death cab for cutie, sum 41, barenaked ladies, the cranberries, flight of the conchords, weezer, coheed and cambria, switchfoot, danny elfman, arcade fire, philip glass, motion city soundtrack, yeah yeah yeahs, m83, neutral milk hotel, the decemberists, muse, the national, crystal castles, ratatat, modest mouse, joanna newsom, less than jake, reel big fish
notorious b.i.g., michael jackson, justin timberlake, kanye west, akon, panic! at the disco, 2pac
the rolling stones, radiohead, death cab for cutie, the beatles, muse, oasis, the cardigans, the vines, placebo, stereophonics, coldplay, red hot chili peppers, cake, system of a down, eels, mika, pixies, the white stripes
portishead, the kinks, nouvelle vague
arcade fire, the doors, kings of leon, bob dylan, pink floyd, arctic monkeys, beirut, razorlight, editors, new order, pixies, the strokes, led zeppelin, neutral milk hotel, neil young, the kooks, the killers, jimi hendrix, the libertines, leonard cohen, babyshambles, klaxons, fleet foxes, max?mo park, feeder, dirty pretty things, cold war kids, u2, santana, the offspring, the smiths, the cure, r.e.m., mgmt, the jimi hendrix experience
thrice, brand new, say anything, the beatles, afi, rise against, against me!, city and colour, bad religion, anti-flag, saves the day, kanye west, death cab for cutie, lil wayne, modest mouse, breaking benjamin, blink-182, rage against the machine, 2pac, jack johnson, silverstein, rancid, tenacious d, panic at the disco, ramones, me first and the gimme gimmes, the who, creedence clearwater revival, wu-tang clan, atreyu, john lennon, black flag, pink floyd, the bouncing souls, lupe fiasco, misfits, motion city soundtrack, alkaline trio, backstreet boys, coheed and cambria, daft punk, paramore, minor threat
queen, depeche mode, enigma, elton john, the beatles, lacrimosa, a-ha, manowar, nightwish, dark tranquillity, nirvana, in flames, scorpions, metallica, pink floyd, stratovarius, black sabbath, tori amos, abba, deep purple, ozzy osbourne, helloween, the prodigy, blind guardian, the 69 eyes, the offspring, peter gabriel, iron maiden, cradle of filth, the cinematic orchestra
jimi hendrix, public enemy, the beatles, grizzly bear, pink floyd, captain beefheart & his magic band, pearl jam
the killers, elvis presley, the beatles, robbie williams, michael bublé, queen, the sounds, aerosmith, amy winehouse, the kinks, h?kan hellstr?m, ramones, amy macdonald, ashlee simpson, blink-182, dashboard confessional, gavin degraw, taking back sunday, fall out boy, kate nash, metric, abba, the cardigans, guns n roses, the who, bruce springsteen, avril lavigne, all time low, james morrison, tracy chapman, green day, maria mena, james blunt, linkin park
muse, depeche mode, placebo, panic at the disco, funeral for a friend, radiohead, dj krush, travis, aphex twin, frank sinatra, faithless, cypress hill, massive attack, bob marley, bj?rk, simian mobile disco, the knife
agalloch, sentenced, samael, darkthrone, my dying bride, amorphis, howard shore, tiamat, satyricon, black sabbath, moonspell, pain, morbid angel, death
dead can dance, riverside, stratovarius, skid row, deep purple, eluveitie, iced earth, epica, my dying bride, mot?rhead, scorpions, theatre of tragedy, tori amos
rammstein, enigma, amon tobin, faith no more, matisyahu, led zeppelin, sia, tool, rage against the machine, morcheeba, the chemical brothers, limp bizkit, zero 7, jamiroquai, nouvelle vague, system of a down, john lennon, richard cheese, coldplay, air, a perfect circle, bj?rk, bee gees, the prodigy, enya, santana, gorillaz, pearl jam, pink floyd, poets of the fall, massive attack, frank zappa, john williams
oasis, lifehouse, all time low, fall out boy, paramore, the all-american rejects, linkin park, cobra starship, jimmy eat world, black eyed peas, katy perry, the ting tings, system of a down, sum 41, goldfinger, jay-z, nofx, boys like girls, rihanna
cannibal corpse, slayer, vader, napalm death, arch enemy, opeth, morbid angel, death, hypocrisy, led zeppelin, misfits, darkthrone, my dying bride, nile, in flames, sepultura, carcass, kreator
joe satriani, jimi hendrix, pink floyd, eels, muse, sublime, red hot chili peppers, koЯn, bob dylan, bob marley & the wailers, u2, r.e.m., nightwish, led zeppelin, the doors, queen, iron maiden, bob marley, placebo, the jimi hendrix experience, queens of the stone age, coldplay, the velvet underground, gotan project, moby, nirvana, radiohead, madonna, metallica, kaiser chiefs, the prodigy, faithless, johnny cash, deep purple, manu chao, the rolling stones, system of a down, the offspring
converge, bring me the horizon, tool, all shall perish, comeback kid, boards of canada, the black dahlia murder, meshuggah, as i lay dying, gojira, a perfect circle, behemoth, the dillinger escape plan, parkway drive, crystal castles, daft punk, gorillaz, atmosphere, the prodigy, the black keys, the white stripes
tiamat, death, iron maiden, judas priest, samael, hypocrisy, therion, my dying bride, amorphis, black sabbath, finntroll, down, ensiferum, metallica, blind guardian, the offspring
lil wayne, kanye west, ludacris, the game, 50 cent, gym class heroes, akon, t.i., ne-yo, jay-z, chris brown, chamillionaire, nas, the pussycat dolls
the national, okkervil river, beirut, the shins, tegan and sara, arcade fire, pinback, stars, metric, iron & wine, the new pornographers, interpol, death cab for cutie, the kooks, anna ternheim, aimee mann, bloc party, foals, bright eyes, ratatat, nouvelle vague, modest mouse, andrew bird, band of horses, feist, max?mo park, shout out louds
leona lewis, blink-182, the all-american rejects, taylor swift, tokyo police club, panic at the disco, paramore, miley cyrus, chris brown, timbaland, the veronicas, lupe fiasco, katy perry
amy winehouse, the doors, arcade fire, arctic monkeys, dizzee rascal, m.i.a., klaxons, joy division, alicia keys, mgmt, death from above 1979, n*e*r*d, led zeppelin, modest mouse, vampire weekend, mylo, feist, the velvet underground, the libertines, lynyrd skynyrd, lily allen, massive attack, eels
pink floyd, david bowie, john lennon, sex pistols, deerhunter, thin lizzy, the doors, bob marley & the wailers
armin van buuren, coldplay, paul van dyk, u2, ac/dc, atb, oasis, bob marley & the wailers, above & beyond, stereophonics, lostprophets, moby, paul oakenfold, new order, aerosmith, goo goo dolls, the crystal method, creedence clearwater revival, red hot chili peppers, massive attack, the chemical brothers, keane, groove armada, the beatles, daft punk, trentem?ller, muse, a perfect circle, foo fighters, the killers, david guetta, koЯn, audioslave, depeche mode
the corrs, pink, shakira, natasha bedingfield, air, dido, joss stone, t.a.t.u., avril lavigne, amy macdonald, enya, nightwish, enrique iglesias, evanescence, alicia keys, pink floyd, alanis morissette, norah jones, roxette, timbaland, after forever
nas, wu-tang clan, the roots, 2pac, j dilla, mobb deep
michael bublé, jack johnson, linkin park, santana, aerosmith, john mayer, nelly, pink, ac/dc
johann sebastian bach, miles davis, frédéric chopin, ludwig van beethoven, gogol bordello, boards of canada, mogwai, morphine, john coltrane, charlie parker, antonio vivaldi, beirut
max?mo park, dropkick murphys, die ?rzte, billy talent, alesana, parkway drive, the fratellis, arctic monkeys, guns n roses, rise against, the wombats, the subways, the faint, all that remains, bullet for my valentine, marilyn manson, kings of leon, red hot chili peppers, enter shikari, crystal castles, killswitch engage, nirvana, guano apes, limp bizkit, pendulum, foals, fall out boy, blink-182, as i lay dying, die toten hosen, rammstein, placebo, the killers, die apokalyptischen reiter
tenacious d, the hives, depeche mode, the beatles, john frusciante, radiohead, nirvana, foo fighters, avril lavigne
yo la tengo, the magnetic fields, belle and sebastian, beastie boys, the smiths, sonic youth, madlib, morrissey
britney spears, nine inch nails, loreena mckennitt, regina spektor, travis, sia, eluveitie, lady gaga, michael jackson, kylie minogue, arctic monkeys, coldplay, mariah carey
the doors, pink floyd, the who, supertramp, tom waits, radiohead, portishead, miles davis, danny elfman, nightwish
death cab for cutie, nick cave and the bad seeds, clint mansell, deftones, damien rice, john williams, ...and you will know us by the trail of dead, joshua radin, snow patrol, sigur rós, thomas newman
koЯn, the prodigy, ill ni?o, disturbed, slipknot, metallica, drowning pool, godsmack, lacuna coil, limp bizkit, the chemical brothers, slayer, apocalyptica, devildriver, deathstars, rob zombie, kmfdm
feist, de-phazz, manu chao, nina simone, the national, nick cave and the bad seeds, louis armstrong, massive attack, beck, moloko, moby, ska-p, hot chip, david gray, seal, miles davis, phil collins, jazzanova, sublime, the album leaf
say anything, panic! at the disco, relient k, maria mena, kate nash, red hot chili peppers, fall out boy, motion city soundtrack, the hush sound, paramore, regina spektor, girl talk, blink-182, snow patrol, streetlight manifesto, tegan and sara, the kooks, the used, angels & airwaves, brand new, devendra banhart, of montreal, the all-american rejects, jack johnson, sublime, the academy is..., death cab for cutie, a fine frenzy, jason mraz, mgmt, the postal service, the shins
j dilla, madvillain, animal collective, mf doom, melvins, flying lotus, frank zappa, a tribe called quest, gang starr, aphex twin, venetian snares, dead kennedys, mogwai
iron & wine, the killers, david gray, james morrison, neutral milk hotel
t.a.t.u., my dying bride, mogwai, r?yksopp, bj?rk, converge, turbonegro, a-ha, blonde redhead, mew, deftones, david bowie, jedi mind tricks, joy division, dr. dre, cold war kids, the mars volta, immortal technique, modest mouse, band of horses
the beatles, the who, aretha franklin, eric clapton, stevie wonder, caetano veloso, chico buarque, david bowie, eagles, phil collins, john lennon, marvin gaye
usher, the pussycat dolls, peter fox, clueso, nelly furtado
jason mraz, gavin degraw, peter fox, the last shadow puppets, david bowie, maroon 5, coldplay, rihanna, abba, the shins, amy winehouse, panic at the disco, keane, beyoncé, clueso, mika, queen, duffy, madonna, the postal service, britney spears, nickelback, the beatles
chiodos, the black dahlia murder, senses fail, mindless self indulgence, koЯn, from first to last, nine inch nails, skinny puppy, alesana, strapping young lad, afi, rammstein, daft punk, kmfdm, as i lay dying, enter shikari, adema, muse, linkin park, from autumn to ashes, combichrist, lacuna coil
coldplay, of montreal, mgmt, death cab for cutie, camera obscura, andrew bird, girl talk, clap your hands say yeah, antonio vivaldi, justice, arcade fire, editors, frou frou, grateful dead, razorlight, pet shop boys, amon tobin, amy winehouse, band of horses, gorillaz, bob dylan, architecture in helsinki, neko case, the rolling stones, kt tunstall, sufjan stevens, tegan and sara, eric clapton, thievery corporation
slowdive, the weakerthans, tv on the radio, vampire weekend, my bloody valentine, the ting tings, sigur rós, fleet foxes, stars, the dandy warhols, explosions in the sky, mono, jay-z, the prodigy, bon iver, coldplay, the hives, wilco, god is an astronaut, justice, modest mouse
pink floyd, flying lotus, jedi mind tricks, sigur rós, radiohead, beck, led zeppelin, linkin park, atmosphere, death cab for cutie, lupe fiasco, the postal service, a perfect circle, daft punk, dave matthews band, aesop rock, coldplay, hot chip, sage francis, modest mouse, fort minor, nas, rage against the machine, prefuse 73, eddie vedder, kanye west, circa survive
the cranberries, red hot chili peppers, the dresden dolls, bob marley, bj?rk, queen, jefferson airplane, pink martini, kaiser chiefs, dj shadow, metallica, placebo, r?yksopp, cat stevens, sting, norah jones, alanis morissette, leonard cohen
ben harper, norah jones, van morrison, feist, ryan adams, sarah mclachlan, jack johnson, my morning jacket, snow patrol, paul simon, elton john, tracy chapman, billy joel, john mayer, usher, the national
gorillaz, cake, barenaked ladies
chris cornell, édith piaf, creed, sum 41, my chemical romance, tenacious d, muse, sonata arctica, apocalyptica, machine head, the 69 eyes, the rasmus, godsmack, serj tankian, nightwish, kamelot
bon iver, the national, elliott smith, feist, the cinematic orchestra, jens lekman, santogold, lykke li, boards of canada, jimi hendrix, andrew bird, cut copy, phoenix, sufjan stevens, nas, air, cat power, the beatles, nina simone, sia, beck, arcade fire, the raconteurs
red hot chili peppers, fatboy slim, pearl jam, bloodhound gang, r?yksopp, eric clapton, dave matthews band, goo goo dolls, audioslave, tracy chapman, seether, creed, fall out boy, arctic monkeys, pixies, the killers, fort minor, avril lavigne, kaiser chiefs, evanescence, michael jackson, katie melua, tenacious d, john mayer, kelly clarkson, [unknown], céline dion, faithless, groove armada, blur, pink, snow patrol, basement jaxx, mika, paolo nutini, linkin park
air, otis redding, franz ferdinand, marvin gaye, r?yksopp, portishead, the fratellis, blur, jamiroquai, morcheeba, stevie wonder, depeche mode, james brown, ray charles, corinne bailey rae, cake, sigur rós, seeed, the kinks, lenny kravitz, al green, nirvana, aretha franklin, the specials, frank sinatra, abba, daft punk, kaiser chiefs
akon, [unknown], cascada, scooter, girls aloud, rihanna, chicane, groove coverage, duffy, sugababes
cat power, belle and sebastian, architecture in helsinki, feist, antony and the johnsons, the shins, cut copy, hot chip, kaiser chiefs, amy winehouse, the faint, jack johnson, camera obscura, gnarls barkley, franz ferdinand, elliott smith, kings of convenience, cat stevens, moby, carla bruni, patrick wolf, the pipettes, the knife, peter bjorn and john, klaxons, nina simone, nouvelle vague, eels, jamiroquai, r?yksopp
van morrison, nick drake, david bowie, gorillaz, bob dylan, dire straits, cat stevens, jurassic 5, ben harper, grateful dead, the flaming lips, the jimi hendrix experience, led zeppelin, tenacious d, eddie vedder, tool
bob marley & the wailers, jimi hendrix, bob marley, pink floyd, air, thievery corporation, massive attack, ben harper, john lennon, the rolling stones, dj shadow, the doors, led zeppelin, bad brains, enigma, burial, red hot chili peppers, the who, black sabbath
ac/dc, led zeppelin, velvet revolver, the black keys, iron maiden, rush, seether, blind guardian, disturbed, godsmack, down, foo fighters, lynyrd skynyrd, queen, porcupine tree, dream theater, testament, lacuna coil
guided by voices, camera obscura, kraftwerk, the magnetic fields, brian eno, the weakerthans, pavement, deerhoof, joy division, sonic youth, daft punk, neutral milk hotel, the beach boys, the strokes, the beatles, broken social scene, rilo kiley, of montreal, new order
subway to sally, die toten hosen, razorlight, clueso, adam green, in extremo, the kooks, maroon 5, the hives, ozzy osbourne, rammstein, kaiser chiefs, marilyn manson, incubus, red hot chili peppers, stone sour, farin urlaub, schandmaul, the offspring, sum 41, foo fighters, the cure, muse, system of a down, the strokes, linkin park, nickelback, apoptygma berzerk, ac/dc, mika, panic! at the disco, james blunt
misfits, killswitch engage, ulver, depeche mode, in flames, burzum, at the gates, rob zombie, sonic syndicate
moonspell, hypocrisy, hammerfall, rammstein, rhapsody of fire, paradise lost, dio, black sabbath, children of bodom, pantera, sentenced
the mars volta, jack johnson, emery, incubus, mae, coldplay, minus the bear, death cab for cutie, miles davis, sufjan stevens, switchfoot, chevelle, 311, gnarls barkley, my morning jacket, feist, norah jones, relient k, thom yorke, anberlin, dredg, led zeppelin, pink floyd, the postal service, p.o.d.
paramore, pink, avril lavigne, kent, good charlotte, avenged sevenfold, eminem, simple plan, backstreet boys, three days grace, bright eyes, the used, taking back sunday, h?kan hellstr?m, linkin park, 3 doors down, papa roach, maroon 5, muse, rise against, blink-182, gwen stefani, the veronicas, rihanna, beyoncé, t.a.t.u.
pixies, simon & garfunkel, neutral milk hotel, django reinhardt, misfits, iggy pop, dinosaur jr., blind guardian, the pogues, joy division, sage francis, bj?rk, spice girls
echo & the bunnymen, radiohead, black rebel motorcycle club, the beatles, r.e.m., the smiths, beck, bob dylan, aimee mann, death cab for cutie, the cure, new order, band of horses, stars, the rolling stones, interpol, snow patrol, ryan adams, ben harper, nada surf, chico buarque, nina simone, red hot chili peppers, the beach boys, u2, morcheeba, los hermanos, the flaming lips, fiona apple
garbage, the killers, lacuna coil, linkin park, the gathering, angra, blind guardian, alanis morissette, incubus, metallica, radiohead, disturbed, the rolling stones, jason mraz, chico buarque, tori amos, miles davis, epica, audioslave, nightwish, coldplay, jack johnson, belle and sebastian, jimmy eat world, ella fitzgerald, queen, evanescence, serge gainsbourg, carla bruni, cansei de ser sexy, bj?rk, james morrison, the shins
napalm death, cannibal corpse, slayer, carcass, nile
justin timberlake, michael jackson, linkin park, rihanna, david guetta, amon amarth, sean paul, kanye west, limp bizkit, fergie
pulp, david bowie, franz ferdinand, the strokes, dirty pretty things, bloc party, the smiths, klaxons, arctic monkeys, max?mo park, the cribs, late of the pier, blondie, the pipettes, the kooks, babyshambles, cansei de ser sexy, arcade fire, the libertines, amy winehouse, the gossip, patrick wolf, razorlight, the beatles, kylie minogue
the smashing pumpkins, radiohead, eels, the beatles, pearl jam, cat power, the cure, pavement, arcade fire, okkervil river, andrew bird, bonnie prince billy, the doors, the decemberists, the rolling stones, adam green, neil young, beck, neutral milk hotel, modest mouse, death cab for cutie, tom waits, nick drake, pink floyd, calexico, pixies, the libertines, mogwai, the velvet underground, lou reed, richard cheese, bright eyes, dinosaur jr., the strokes
nine inch nails, incubus, kiss, sonic youth, minus the bear, bat for lashes, editors, red hot chili peppers, pain of salvation, battles, pj harvey, queens of the stone age, interpol, dave matthews band, arctic monkeys, farin urlaub, circa survive, a perfect circle, the rolling stones, ...and you will know us by the trail of dead, lostprophets, the sounds, justice, kt tunstall, the beatles, foals, porcupine tree
blonde redhead, air, the arcade fire, girl talk, timbaland, bj?rk, ratatat, architecture in helsinki, the black keys, kanye west, regina spektor, m.i.a., ladytron, madlib
chicane, loreena mckennitt, amon amarth, marilyn manson, dope, eddie vedder, the crystal method, soundtrack, metallica, clint mansell, unkle, linkin park, flyleaf, the cinematic orchestra, ac/dc, him, lacuna coil, paul oakenfold, hans zimmer, ti?sto
chimaira, [unknown]
metallica, judas priest, pink floyd, queen, camel, the beatles, red hot chili peppers, in flames, anathema, radiohead, deep purple, nightwish, the rolling stones, [unknown], elvis presley, velvet revolver, dream theater, system of a down, jimi hendrix, the doors
in flames, nirvana, p.o.d., iron maiden, sonata arctica, ensiferum, skid row, hammerfall, mot?rhead, disturbed, chimaira, goldfinger, less than jake, system of a down, queen, drowning pool, refused, three days grace, limp bizkit, dragonforce, gamma ray
taylor swift, yann tiersen, era, nightwish, within temptation, amy macdonald
britney spears, r?yksopp, apocalyptica, pj harvey, garbage, bloc party, flyleaf, kanye west, serj tankian, benny benassi, lady gaga, the killers, mew, imogen heap, eminem, avenged sevenfold, justin timberlake, michael jackson, beyoncé, yeah yeah yeahs, the ting tings, lily allen, the mars volta, the white stripes
nofx, broken social scene, tv on the radio, m83, tortoise, mogwai, interpol, clap your hands say yeah, modest mouse, death from above 1979, architecture in helsinki, bloc party, battles, boards of canada, the arcade fire, grizzly bear, pavement, four tet, animal collective, deerhoof, the shins, portishead, the flaming lips, the books, spoon
the white stripes, the strokes, red hot chili peppers, max?mo park, snow patrol, kaiser chiefs, lcd soundsystem, fort minor, the killers, johnny cash, moby, razorlight, primal scream, de la soul, gorillaz, the fray, the kooks, arctic monkeys, kings of leon, stereophonics
sufjan stevens, belle and sebastian, andrew bird, simon & garfunkel, arcade fire, the decemberists, my morning jacket, m. ward, nick drake, john lennon, david bowie, the rolling stones, the white stripes, bob dylan, spoon, bright eyes, radiohead, led zeppelin, neutral milk hotel, neil young, the new pornographers, electric light orchestra, modest mouse, the velvet underground, cake, the jimi hendrix experience, fatboy slim, of montreal, elton john, the beach boys, pink floyd, cursive
m?tley crüe, skid row, bon jovi, def leppard, alice cooper
stratovarius, opeth, rammstein
parov stelar, goldfrapp, radiohead, gorillaz, koop, télépopmusik, dj shadow, nina simone, r?yksopp, faithless, feist, the knife, moloko, bonobo, amy winehouse, air, cocorosie, mark ronson, fischerspooner, iron & wine, nelly furtado, hooverphonic, coldplay, gotan project, the chemical brothers, david bowie, daft punk, unkle, st. germain, scissor sisters
cat power, coldplay, dj shadow, broken social scene, neutral milk hotel, staind, vampire weekend, anathema, band of horses, chris cornell, the national, oasis, stereophonics, pink floyd, the doors, placebo, goo goo dolls, dj krush, guns n roses, nirvana, blonde redhead, the smashing pumpkins, muse, creed, radiohead
the verve, mae, sigur rós, tegan and sara, paramore, nine inch nails, death cab for cutie, elliott smith, placebo, fall out boy, coldplay
matchbox twenty, kylie minogue, good charlotte, fall out boy, paul oakenfold, my chemical romance, groove coverage, eminem, something corporate, shiny toy guns, red hot chili peppers, franz ferdinand, the white stripes, nelly furtado, john mayer, shakira, justin timberlake, massive attack, black eyed peas, spoon, flogging molly, cascada, panic! at the disco, timbaland, maroon 5, jet, james blunt, nickelback, apocalyptica, coldplay, eagles, green day, john williams, the killers, disturbed, modest mouse, gym class heroes, evanescence, no doubt, gorillaz, daft punk
nofx, alkaline trio, bad religion, comeback kid, dashboard confessional, afi, thursday, richard cheese, sufjan stevens, sublime, saves the day, taking back sunday, fall out boy, rise against, thrice, the blood brothers, brand new, cursive, coheed and cambria, gym class heroes, underoath, plain white ts, anberlin, panic at the disco, mae, rancid, atmosphere, funeral for a friend, silverstein, motion city soundtrack, emery, the used, senses fail
social distortion, elvis presley, johnny cash, dropkick murphys, rancid, turbonegro, mot?rhead, flogging molly, nofx, the distillers, the clash, bad religion, dead kennedys
lil wayne, ne-yo, kanye west, t.i., ghostface, animal collective, jay-z, the prodigy, beirut, junior boys, grizzly bear, sufjan stevens, burial, rihanna, beyoncé, hot chip
the mars volta, radiohead, beirut, dj shadow, low, mogwai, tortoise, sonic youth, blonde redhead, portishead, miles davis, boards of canada, grizzly bear, sufjan stevens, battles, foals, four tet, isis, the rapture, pavement
ludwig van beethoven, feist, duffy, maroon 5
say anything, circa survive, minus the bear, panic! at the disco, bring me the horizon
arcade fire, joy division, red hot chili peppers, broken social scene, beck, shout out louds, metallica, the killers, enya, pixies, tenacious d, disturbed, imogen heap, arctic monkeys, bad religion, a perfect circle, social distortion, gogol bordello, the wombats, bob dylan, turbonegro, jefferson airplane
[the cure]
chico buarque, manu chao, the white stripes, interpol, system of a down, arctic monkeys, bloc party, the beatles, amy winehouse, the distillers, los hermanos, franz ferdinand, ramones, the velvet underground, portishead, nirvana, cansei de ser sexy, bob marley, rage against the machine, foo fighters, the pipettes, the doors, the dresden dolls, sonic youth, soundtrack
britney spears, beyoncé, cascada, hilary duff
bob dylan, lily allen, frank sinatra, pink floyd, neil young, kings of convenience, dire straits, marvin gaye, elvis costello, jack johnson, joni mitchell, miles davis, phoenix, eric clapton, stevie wonder, blondie, blur, paul simon, roxette, van morrison, steely dan, massive attack
new order, in flames, booka shade, babyshambles, mindless self indulgence, crystal castles, the smashing pumpkins, the chemical brothers, digitalism, daft punk, nine inch nails, joy division, rammstein, death from above 1979, ramones, justice, apoptygma berzerk
mgmt, the killers, sigur rós, queens of the stone age, the prodigy, coldplay, radiohead, apparat, the strokes, kaiser chiefs, franz ferdinand, the beatles, massive attack, digitalism, muse, ratatat, kyuss, incubus, bloc party, the chemical brothers, peter bjorn and john, led zeppelin, eagles of death metal, lcd soundsystem, the fray
aerosmith, van halen, ozzy osbourne, the rolling stones, cream, ac/dc, m?tley crüe, skid row, metallica, creedence clearwater revival, eric clapton, dire straits, jimi hendrix, the kinks, scorpions, rainbow, deep purple, dio, led zeppelin, the byrds
arctic monkeys, the radio dept., the stone roses, sufjan stevens, architecture in helsinki, hot chip, the beatles, belle and sebastian, my bloody valentine, bright eyes, the magnetic fields, of montreal, rufus wainwright, antony and the johnsons
bright eyes, brand new, radiohead, modest mouse, the shins, broken social scene, the smiths, arctic monkeys, stars, the raveonettes, frank sinatra, hot hot heat, metric, jet, my bloody valentine, final fantasy, death cab for cutie, rilo kiley, taking back sunday, bloc party, mogwai, mew, dirty pretty things, interpol, neutral milk hotel, the white stripes, the fratellis, the postal service, jimmy eat world, the dandy warhols, travis
die toten hosen, b?hse onkelz, linkin park, green day, in extremo, rise against, the offspring, farin urlaub, disturbed, subway to sally, the hives, papa roach, nirvana, placebo, stone sour, bad religion, billy talent, koЯn, fall out boy, system of a down, apocalyptica, blind guardian, bowling for soup, red hot chili peppers, black sabbath, rammstein, metallica, panic at the disco, in flames, arctic monkeys, beatsteaks, bullet for my valentine, ac/dc, hammerfall, bloodhound gang, kiss, volbeat
ryan adams, converge, bad brains, black flag, radiohead, the clash, bob dylan, johnny cash, sufjan stevens, sigur rós, morrissey, calexico, the rolling stones, bruce springsteen, the album leaf, frank sinatra
modest mouse, joanna newsom, tom waits, kimya dawson, aesop rock, the decemberists, devendra banhart, atmosphere, pj harvey, bob dylan, animal collective, cocorosie, ratatat, belle and sebastian, sage francis, the pogues, lou reed, mogwai, beirut
apocalyptica, the crystal method, orbital, pink floyd, r.e.m., red hot chili peppers, kmfdm, moby, the white stripes, the sisters of mercy, the prodigy, ministry, tool, underworld, the shins, the chemical brothers, the who, the future sound of london, nirvana, enigma, the smiths, gorillaz, ac/dc, devo, faith no more, aerosmith, talking heads, thievery corporation, frou frou, metallica, goldfrapp
madonna, róisín murphy, the knife, cut copy, moloko, robyn, hot chip, santogold, daft punk, feist, goldfrapp, kylie minogue, justice, m.i.a., groove armada, hercules and love affair, justin timberlake, beyoncé, cansei de ser sexy, the presets, r?yksopp, the gossip, the killers, simian mobile disco, nelly furtado, antony and the johnsons, morcheeba, peter bjorn and john, peaches, lcd soundsystem, chromeo
pearl jam, mew, ryan adams, jeff buckley, eddie vedder, kent, coldplay, john mayer, chris cornell, rufus wainwright, radiohead, alice in chains, slipknot, jack johnson, danny elfman, tenacious d, katie melua, avril lavigne, sneaker pimps, stone sour, klaxons, damien rice, chimaira, snow patrol, ben harper, blonde redhead
kings of leon, radiohead, the black keys, supergrass, the police, metallica, the strokes, modest mouse, the shins, black sabbath, u2, spoon, tom waits, black rebel motorcycle club, the white stripes, cat power, cat stevens, the doors, al green, the flaming lips, bloc party, shout out louds, thievery corporation, pixies, pink floyd, the rolling stones, deerhoof, jet, belle and sebastian, john legend, beck, led zeppelin, the new pornographers, the arcade fire, audioslave, ben harper, johnny cash, ac/dc, queens of the stone age, gorillaz, elbow, iron & wine
afi, amon amarth, hans zimmer, avenged sevenfold, devildriver, david bowie, katatonia, billy talent, disturbed, the cure, staind, 36 crazyfists, sabaton, the sisters of mercy, rammstein, the birthday massacre, dark tranquillity, eluveitie, marilyn manson, my dying bride, soilwork, bathory
katy perry, natasha bedingfield
pink floyd, kanye west, r.e.m., black sabbath, genesis, lil wayne, jens lekman, fleetwood mac, calexico, soundgarden, isis, the flaming lips, built to spill, daft punk, judas priest, jay-z
crystal castles, battles, damian marley, nirvana, the ting tings, no doubt, rage against the machine, the knife, gorillaz, black flag, justice, m.i.a., katy perry, abba, gwen stefani, bj?rk
richard cheese, h?kan hellstr?m, the kooks, kent, mando diao, the libertines, bob dylan, silverstein, neutral milk hotel, lykke li, the distillers, the killers, my chemical romance, the clash, arctic monkeys, beirut, the kills, billy talent, the fratellis, amy winehouse, jens lekman, red hot chili peppers, red.jumpsuit.apparatus, ben harper, from first to last, jack johnson
less than jake, kelly clarkson, paolo nutini, panic! at the disco, alkaline trio, sarah mclachlan, snow patrol, ashlee simpson
[enigma]
kings of leon, nirvana, babyshambles, placebo, interpol, joy division, the killers, muse, modest mouse, oasis, pixies, coldplay, arctic monkeys, the white stripes, the kooks, the libertines, the raconteurs, red hot chili peppers, bloc party, jimi hendrix, beck, the cure, the strokes, travis, the hives, foo fighters, the verve, blur, the stone roses, the kills, mgmt, franz ferdinand, stereophonics, thom yorke, incubus, klaxons, the vines, the black keys, the smashing pumpkins, the subways, the velvet underground
the veronicas, goo goo dolls, the offspring, yellowcard, muse, hellogoodbye, sum 41, the all-american rejects, avril lavigne, the beatles, paramore, red hot chili peppers
die ?rzte, roxette, tracy chapman, the corrs, amy winehouse, dire straits, r.e.m., amy macdonald, the sounds, bloc party, die toten hosen, genesis, norah jones, clueso, lily allen, kate nash, the kooks, bruce springsteen, u2, the killers, frank sinatra
jason mraz, paolo nutini, nelly furtado, justin timberlake, coldplay, kelly clarkson, abba, sufjan stevens, madonna, michael bublé, clueso, maroon 5, the pussycat dolls, the kooks, morcheeba, sigur rós, james morrison, kate nash, lily allen, jens lekman, beirut, the streets, rihanna, christina aguilera, jem
the mars volta, j dilla, madlib, the cure, tricky, the brian jonestown massacre, james brown, elliott smith, aesop rock, autechre, bat for lashes, [unknown], mf doom, sonic youth, david bowie, madvillain
nightwish, therion, loreena mckennitt, tarja turunen, ennio morricone, rhapsody of fire, vangelis, amy macdonald, lacuna coil, blind guardian, sirenia, antonio vivaldi, him, kamelot, after forever, anathema, elton john, the gathering, tristania, elvis presley, metallica, theatre of tragedy
o.s.t.r., kult, dr. dre, red hot chili peppers, system of a down, nirvana, coldplay, serj tankian, pid?ama porno, u2, myslovitz
[cunninlynguists]
armin van buuren, r?yksopp, madonna, delerium, massive attack, atb, above & beyond, ennio morricone, elton john, moby, david guetta
radiohead, death cab for cutie, blonde redhead, paul mccartney, elvis costello, rufus wainwright, beirut, the strokes, the raconteurs, morrissey, calexico, ratatat, anathema, yeah yeah yeahs, cat power, doves, pink floyd, lady gaga, pj harvey, nouvelle vague, incubus, iron maiden, my morning jacket, morcheeba, rage against the machine, the velvet underground
dj krush, king crimson, amon tobin, jedi mind tricks, the herbaliser, captain beefheart & his magic band, isis
panic! at the disco, timbaland, billy talent, cute is what we aim for, 50 cent, kanye west, alesana, plain white ts, the hush sound, from autumn to ashes, the veronicas, alexisonfire, enter shikari, afi, system of a down, the sounds, chiodos, cascada, 30 seconds to mars, shiny toy guns, hellogoodbye, flyleaf
britney spears, death cab for cutie, stars, the killers, muse, sia, cansei de ser sexy, chris brown, motion city soundtrack, usher, katy perry, avril lavigne, lady gaga, 50 cent, hilary duff, jimmy eat world, taylor swift, john mayer, linkin park, boys like girls, beyoncé, jonas brothers, the ting tings, keane, the academy is..., rihanna, maroon 5, rilo kiley, good charlotte, the strokes
misfits, interpol, system of a down, pixies, dead kennedys, rage against the machine, the beatles, the dillinger escape plan, prince, green day, cut copy, johnny cash, iggy pop, yeah yeah yeahs, the smiths, hellogoodbye, the cure, santogold, at the drive-in, the white stripes, tegan and sara, radiohead, placebo, the faint, mgmt, no doubt, me first and the gimme gimmes, red hot chili peppers, the distillers, the mars volta
bob dylan, kraftwerk, the brian jonestown massacre, ludwig van beethoven, sonic youth, david bowie, yeah yeah yeahs, the rolling stones, the jesus and mary chain, the beatles, elvis presley, the beach boys, the velvet underground, the libertines, the strokes, the smiths, johnny cash, the kinks, regina spektor, jurassic 5, burial, frank sinatra, nick drake, pulp, deerhunter, édith piaf, beck, a tribe called quest, black rebel motorcycle club, hot chip, cut copy, m.i.a., the cribs, public enemy, ray charles, madonna, the kills, late of the pier
michael jackson, ne-yo, james blunt
nofx, the get up kids, flight of the conchords, hot chip, relient k, the ataris, gang starr, new found glory, kimya dawson, devo, millencolin, paramore, yellowcard, blink-182, saves the day, the kinks, queen, jimi hendrix, the prodigy, sum 41, supergrass, the hives, eagles of death metal, less than jake
regina spektor, timbaland, 2pac, kanye west, linkin park, the knife, bob marley, eminem, 30 seconds to mars, fort minor, [unknown], akon
bad religion, elvis costello, minor threat, green day, fugazi, miles davis, eddie vedder, wolfgang amadeus mozart, tortoise, led zeppelin, counting crows, descendents, madvillain, refused
katatonia, death, dark tranquillity, finntroll, children of bodom, moonspell, rammstein, in flames, opeth, slayer, sentenced, cradle of filth, akira yamaoka, rihanna, metallica, amon amarth, radiohead, [unknown]
eminem, akon, queen, red hot chili peppers, dido, sade, various artists, michael jackson, moby, bob marley, james blunt, black eyed peas, the kooks, britney spears, jamiroquai, jason mraz, fischerspooner, coldplay, 50 cent, craig david, enya, fleetwood mac, robbie williams, the police, sean paul, mika, timbaland, maroon 5, sugababes
muse, rush, the who, neutral milk hotel, the decemberists, elton john, red hot chili peppers, the strokes, queen, rjd2, the kinks, kings of leon, radiohead, elvis presley, arcade fire, daft punk, mgmt, incubus, grateful dead, the shins, the killers, jack johnson, the beatles, rufus wainwright, múm, the hives, the kooks, the dandy warhols, jethro tull, girl talk, lcd soundsystem, the fall of troy, led zeppelin, avenged sevenfold
cansei de ser sexy, the killers, death cab for cutie, the strokes, r?yksopp, arctic monkeys, cobra starship, fall out boy, feist, the who, paramore, amy winehouse, camera obscura, regina spektor, franz ferdinand, panic! at the disco, daft punk, rihanna, the kooks, evanescence, lily allen, infected mushroom, fergie, mika, sonic youth, bob dylan, nelly furtado, jimi hendrix, cat power, jet, madonna
bob dylan, bonnie prince billy, spoon, the fall, elvis costello, the clash, the cure, sonic youth, r.e.m., guided by voices, buzzcocks, ...and you will know us by the trail of dead, eagles of death metal, ramones, the jesus and mary chain, junior boys, t. rex, the jam, misfits, camera obscura
fatboy slim, missy elliott, gorillaz, busta rhymes, amy winehouse, eminem
the beatles, radiohead, modest mouse, jay-z, minor threat, pink floyd, misfits, rage against the machine, sublime, the mars volta, afi, led zeppelin, ratatat, 2pac, a day to remember, eddie vedder, bob dylan
edguy, avantasia, alice cooper, symphony x, ac/dc, black sabbath
kaiser chiefs, atb, oasis, snow patrol, the killers, coldplay, ferry corsten, red hot chili peppers, blink-182, the cardigans, simple plan, good charlotte, stereophonics, interpol, franz ferdinand, muse, travis, bloc party, sum 41, armin van buuren, blur, bloodhound gang, avril lavigne, peaches, cake, infected mushroom, ladytron, garbage, ska-p, kasabian, mika
combichrist, children of bodom, the crystal method, slipknot, opeth, rage against the machine, static-x
genesis, sting, phil collins, céline dion, blank & jones, britney spears, supertramp, toto, john williams, pet shop boys, t.a.t.u., elton john, sarah mclachlan, michael jackson, era, pink floyd, hilary duff, robbie williams, queen, a-ha, enya
dropkick murphys, subway to sally, the prodigy, bad religion, in extremo, tenacious d, ramones, linkin park, die toten hosen, papa roach, dire straits, schandmaul, the distillers, ska-p, disturbed, social distortion
muse, marilyn manson, yellowcard, dredg, skillet, green day
metallica, tenacious d, bruce springsteen, the hives, u2, prince, rammstein, beastie boys, fatboy slim, the police, jamiroquai, system of a down, otis redding, sting, ramones, bob marley & the wailers, public enemy, amy winehouse, coldplay, rage against the machine, ac/dc, eminem
[unknown], avril lavigne
millencolin, the killers, lily allen, sublime, the kooks, ac/dc, beastie boys
dead can dance, opeth, dimmu borgir, behemoth, jethro tull, ministry, nile, satyricon, amon amarth, burzum, primus, ulver, porcupine tree
madlib, j dilla, portishead, common, dj krush, mariah carey, flying lotus, rjd2, mos def, kanye west, mark ronson, the roots, gym class heroes, boards of canada, air
panic! at the disco, my chemical romance, bowling for soup, maria mena, muse, kings of leon, placebo, franz ferdinand, less than jake, lily allen, evanescence, arctic monkeys, max?mo park, [unknown], the kooks, jimmy eat world
booka shade, mylo, groove armada, digitalism, n*e*r*d, fatboy slim, above & beyond, kanye west, trentem?ller, nas, justice, santogold, daft punk, armin van buuren, jamiroquai, moby, r?yksopp, justin timberlake, talib kweli, calvin harris, underworld, faithless, nelly furtado, ferry corsten, burial, jason mraz, gnarls barkley, madonna
cocteau twins, echo & the bunnymen, stereolab, kate bush, siouxsie and the banshees, less than jake, vnv nation, morrissey, slowdive, the cardigans, depeche mode, dead can dance, stevie wonder, rammstein
herbie hancock, amon tobin, jamiroquai
radiohead, the beach boys, chet baker, bob dylan, tom waits, kanye west, animal collective, rjd2, otis redding, the beatles, johnny cash, kings of convenience, gnarls barkley, sonic youth, of montreal, the rolling stones, the mountain goats, neil young, dinosaur jr., the white stripes, common, venetian snares, antony and the johnsons, arcade fire, al green, bad religion, bruce springsteen, aphex twin, pulp, nirvana, chico buarque, isis, queens of the stone age
arctic monkeys, radiohead, arcade fire, the strokes, beirut, bon iver, vampire weekend, editors, beck, kings of leon, tv on the radio, the killers, the kooks, pj harvey, the breeders, foals, santogold, the cure, digitalism, tokyo police club, deus, eels, crystal castles, clap your hands say yeah, late of the pier, the raveonettes, fleet foxes, babyshambles, belle and sebastian, coldplay, joy division, max?mo park
corinne bailey rae, colbie caillat, dave matthews band, slipknot, eric clapton, diana krall, in flames, dido, frank sinatra, 3 doors down, coldplay, john mayer, led zeppelin, radiohead, rage against the machine
porcupine tree, lamb of god, anathema, metallica, blackfield, rhapsody of fire, immortal, iced earth, behemoth, queen, burzum, ayreon, in flames, helloween, arch enemy, satyricon, placebo, trivium, hammerfall, nightwish, children of bodom, dethklok, edguy
radiohead, massive attack, the future sound of london, eddie vedder, dire straits, manu chao, aphex twin, daft punk, underworld, air, nofx, u2, nirvana, public enemy, pink floyd, morcheeba, the prodigy, nine inch nails, the smashing pumpkins
múm, incubus, circa survive, bonobo, bj?rk, ...and you will know us by the trail of dead, bloc party, the cardigans
saosin, enter shikari, story of the year, from first to last, blink-182, atreyu, system of a down, rancid, placebo, 30 seconds to mars, elvis presley, three days grace, bob dylan, limp bizkit, serj tankian, oasis, disturbed, my chemical romance, gorillaz, static-x, sonic syndicate
kraftwerk, depeche mode, moby, loreena mckennitt, simon & garfunkel, kent, aimee mann, pet shop boys, linkin park, boards of canada, peter gabriel, sade, anna ternheim, tom petty and the heartbreakers, tori amos, red hot chili peppers, enya, the sisters of mercy, delerium
theatre of tragedy, emilie autumn, rammstein, marilyn manson, amon amarth, bj?rk, the dresden dolls, the gathering, vnv nation, akira yamaoka, garbage
36 crazyfists, incubus, prefuse 73, black eyed peas, lamb, sneaker pimps, my chemical romance, parkway drive, deftones, the mars volta, basement jaxx, muse, daft punk, nirvana, iamx, bj?rk, limp bizkit, bloc party, apocalyptica, jack johnson, ill ni?o, millencolin, tricky, nofx, atreyu, panic at the disco, funeral for a friend, plaid, dj krush, dashboard confessional, guano apes, finch, a perfect circle, the faint, radiohead
they might be giants, rush, elvis costello, the police, barenaked ladies, porcupine tree, r.e.m., genesis, david bowie, billy joel, the who, tori amos, the cure, depeche mode, led zeppelin, talking heads, jethro tull, u2, belle and sebastian, dave matthews band, kate bush, the mars volta, steely dan, the beatles, ayreon, tom petty and the heartbreakers, queensr?che, bruce springsteen, diana krall, elton john, counting crows, pink floyd, ben folds, bob dylan, the velvet underground, the decemberists, peter gabriel
rufus wainwright, john mayer, bob dylan, incubus, david bowie, jack johnson, jeff buckley, pink floyd, john lennon, johnny cash, jimi hendrix, dave matthews band, the raconteurs, muse, the killers, mgmt, sigur rós, nick cave and the bad seeds, the kooks, the strokes, klaxons, led zeppelin, foo fighters, u2, arctic monkeys, josé gonzález, queens of the stone age, coldplay, queen, moby, the white stripes, thom yorke, arcade fire, pj harvey, franz ferdinand, red hot chili peppers, beastie boys, nirvana, jamie cullum, the doors
haggard, dire straits, dimmu borgir, opeth, turisas, u2, manowar, james blunt, equilibrium, pink floyd, depeche mode, children of bodom, finntroll, sting, justin timberlake, tiamat, garbage
tool, iron maiden, slayer, children of bodom, dr. dre, joe satriani, soilwork, snoop dogg, chimaira, megadeth, symphony x, eagles, machine head, david guetta, tracy chapman, dimmu borgir, ac/dc, death, heaven shall burn, killswitch engage, sodom, godsmack, antonio vivaldi
britney spears, jason mraz, akon, nelly furtado, the postal service, coldplay, red hot chili peppers, death cab for cutie, the pussycat dolls, the chemical brothers, t.i., a fine frenzy, daft punk, missy elliott, chris brown, justin timberlake, timbaland, kent, josé gonzález, kanye west, flo rida, chromeo, m.i.a., ludacris, john legend, snow patrol, 50 cent
dream theater, linkin park, godsmack, lacuna coil, nightwish, evanescence, disturbed, flyleaf, creed, dave matthews band, van halen, muse, nickelback, the prodigy
high contrast, adele, pendulum, common, coldplay, imogen heap, kiss, r?yksopp, benny benassi
cat power, red hot chili peppers, the cranberries, u2, foo fighters, the cure, ramones, the rolling stones, the stone roses, blink-182, the vines, ac/dc, the beatles, dire straits, the sounds, eric clapton, coldplay, the clash, the police, depeche mode, jamiroquai, the killers, nickelback, blur, lenny kravitz, chris cornell
metallica, the beatles, dio, bad religion, pink floyd, led zeppelin, mot?rhead, judas priest, marilyn manson, alice in chains, godsmack, black label society, tool, bad brains, van halen, flogging molly, slayer, rammstein, dead kennedys, sonic youth, pearl jam, evanescence, blink-182
the prodigy, the smiths, pendulum, radiohead, mot?rhead, arctic monkeys, mogwai, simon & garfunkel, the offspring, avril lavigne, dropkick murphys, kaiser chiefs, the beatles, the jam, buzzcocks, oasis
nick cave and the bad seeds, nine inch nails, radiohead, dead kennedys, bob marley, mot?rhead, the cure, depeche mode, the smashing pumpkins, black sabbath, bad religion, ac/dc, the who, yeah yeah yeahs, gogol bordello, bauhaus, the decemberists, system of a down, daft punk, aphex twin, akira yamaoka, the offspring, black flag, nirvana, the white stripes, kyuss, dropkick murphys, foo fighters, eagles of death metal, ladytron, green day, sage francis, red hot chili peppers
the beatles, tegan and sara, blink-182, down, tom waits, misfits, black sabbath, creedence clearwater revival, led zeppelin, david bowie, melvins, minor threat, the roots, new found glory, devendra banhart, converge, nofx, black flag, napalm death, jeff buckley, dr. dre, fiona apple, cake, the get up kids, flight of the conchords, modest mouse, vampire weekend, sublime, the rolling stones, the game, gogol bordello, saves the day, metallica
thrice, beirut, brand new, bon iver, mae, anberlin, the killers, coheed and cambria, new found glory, muse, angels & airwaves, jimmy eat world, emery, taking back sunday, chevelle, finch, underoath, alkaline trio, funeral for a friend, say anything, the mars volta, the ataris, tokyo police club, lupe fiasco
deathstars, iamx, morcheeba, no doubt, amorphis, katatonia, korpiklaani
the beatles, guns n roses, the rolling stones, elvis presley, prince, nine inch nails, van halen, the jimi hendrix experience, kiss, queens of the stone age, gorillaz, john lennon, rainbow, m?tley crüe, slayer, marilyn manson, snoop dogg, ice cube, buckethead, erykah badu, led zeppelin, beastie boys, beck, gnarls barkley, deep purple, judas priest, black sabbath, jay-z, wu-tang clan, the flaming lips, green day, u2, notorious b.i.g., richard cheese, the killers, metallica, róisín murphy, t. rex, depeche mode, dr. dre, ozzy osbourne, type o negative, joe satriani, duran duran
tool, my chemical romance, three days grace, alter bridge, avenged sevenfold, lostprophets, escape the fate, 30 seconds to mars, enter shikari, senses fail
jason mraz, ne-yo
fall out boy, the used, death cab for cutie, avenged sevenfold, linkin park, alesana, thrice, the rasmus, ska-p, story of the year, paramore, incubus, relient k, blink-182, circa survive, sugarcult, plain white ts, saosin, cute is what we aim for, boys like girls, panic at the disco, the ataris, three days grace, hellogoodbye, the kooks, 30 seconds to mars, 3 doors down, adema, hot hot heat, system of a down, the vines, jamie cullum
late of the pier, brand new, mew, hot chip, billy talent, kings of leon, death cab for cutie, the presets, final fantasy, bright eyes, goldfrapp, joanna newsom, interpol, crystal castles, ratatat, the notwist, taking back sunday, neutral milk hotel, the vines, cut copy, the smiths, fleet foxes, massive attack, the postal service
bad religion, the offspring, judas priest, stone temple pilots, nirvana, deep purple, aerosmith, ac/dc, metallica, system of a down, rush, pearl jam, coheed and cambria, the smashing pumpkins, red hot chili peppers, buckethead, thin lizzy, led zeppelin, rage against the machine, black sabbath, foo fighters, spoon, megadeth, velvet revolver, cream, the beatles, iron maiden, the vines, the police, queen, green day
flying lotus, kings of leon, tv on the radio, death from above 1979, the beatles, placebo, slowdive, the kills, peaches, joy division, new order, hot chip, junior boys, thom yorke, crystal castles
joy division, led zeppelin, babyshambles, dead can dance, gotan project, buena vista social club, air, coldplay, cocorosie, damien rice, sigur rós, frédéric chopin, the smashing pumpkins, nightmares on wax, architecture in helsinki, ella fitzgerald, tori amos, janis joplin, caetano veloso, múm
the fray, jack johnson, system of a down, placebo, my chemical romance, maria mena, billy talent, fall out boy, amy macdonald, beatsteaks, peter fox, tenacious d, muse, leona lewis, 3 doors down, feist, queen, nirvana, amy winehouse, the rolling stones, gorillaz, lily allen, die ?rzte, coldplay, john lennon, arctic monkeys, foo fighters, manu chao, franz ferdinand, seeed, avril lavigne, the subways, lady gaga, stereophonics, farin urlaub, ben harper
j dilla, tortoise, pavement, pixies, autechre, atmosphere, aesop rock, venetian snares
akira yamaoka, santogold, mgmt, m.i.a., akon, sia, aphex twin, interpol, lady gaga, girl talk, vampire weekend, dj shadow, coldplay, kanye west, onerepublic, jack johnson, t.i., emilie simon, tegan and sara, dj krush, jimmy eat world, the killers, angels & airwaves, jem, m83, apocalyptica, justice, taking back sunday, air, gym class heroes
britney spears, jason mraz, radiohead, the pussycat dolls, nouvelle vague, pink, madonna, eminem, regina spektor, amy winehouse, justin timberlake, james blunt, the doors, coldplay, nelly, the roots, pink floyd, jennifer lopez, pj harvey, t.i., michael jackson
robbie williams, antonio vivaldi, apocalyptica, madonna, queen, wolfgang amadeus mozart, leona lewis, soundtrack, red hot chili peppers, enya, john williams, epica, metallica, blind guardian, franz ferdinand, iron maiden, howard shore, michael jackson, lady gaga, avril lavigne, beyoncé, bruce springsteen, eminem, lordi, evanescence, josé gonzález, after forever, alicia keys, nightwish, rihanna
jay-z, roots manuva, nas, dr. dre, erykah badu, the prodigy, o.s.t.r., mos def, outkast, ludacris, missy elliott
joe satriani, hammerfall, new order, def leppard, moby, judas priest, dream theater, metallica, alice in chains, testament, mot?rhead, angra, kamelot, radiohead, tool, the chemical brothers
[sean paul]
the killers, editors, led zeppelin, damien rice, coldplay, queen, david bowie, nirvana, the beach boys, placebo, plain white ts, james blunt, kings of leon, fall out boy, the rolling stones, guns n roses, the police, the who, blink-182, dire straits, no doubt, gavin degraw, linkin park, oasis
the killers, sugarcult, blink-182, relient k, boys like girls, three days grace, yellowcard, billy talent, emery, death cab for cutie, cute is what we aim for, the ataris, taking back sunday, red hot chili peppers
bob dylan, justice, lcd soundsystem, beck, depeche mode, goldfrapp, brian eno, al green, ladytron, vampire weekend, underworld
bathory, darkthrone, slayer, tiamat, manowar, sepultura, sodom, samael, black sabbath, morbid angel
beirut, cocorosie, animal collective, patrick wolf, joanna newsom, the books, final fantasy, battles, devendra banhart, bonobo, bonnie prince billy, adam green, andrew bird, tom waits, ratatat, m. ward, air, grizzly bear
joy division, misfits, the cure, ramones
u2, enya, bryan adams, céline dion, phil collins, coldplay, billy joel, eric clapton, britney spears, maroon 5, myslovitz, onerepublic
poets of the fall, in flames, madonna, linkin park, nightwish, live, hammerfall, evanescence, nickelback, the birthday massacre, kamelot, dream theater, scooter, breaking benjamin, enigma, lacuna coil, flyleaf, adema, iron maiden, queensr?che, britney spears, staind, bullet for my valentine, theatre of tragedy, alter bridge, killswitch engage, 30 seconds to mars, seether, p.o.d., kelly clarkson, kent, muse
the game, nas, dmx, lil wayne, 2pac, jay-z, mobb deep, nelly, ghostface
immortal technique, gang starr, mobb deep, mos def, ice cube, snoop dogg, nas, dr. dre, jedi mind tricks, the game, 2pac, atmosphere, nelly furtado
keane, amy macdonald, r.e.m., stars, angels & airwaves, travis, muse, coldplay, carla bruni, eels
sade, depeche mode, duffy, pink, air, amy winehouse, chicane, madonna, bee gees, enya, led zeppelin, the raveonettes, lenny kravitz, portishead, nina simone, jamiroquai, pennywise, burial, a perfect circle, nouvelle vague, st. germain, creedence clearwater revival, abba, fleet foxes, massive attack
rufus wainwright, queen, johnny cash, the beatles, the velvet underground, the killers, blondie, coldplay, katie melua, elvis presley, pixies, wolfgang amadeus mozart, the beach boys, sugababes, the fratellis, muse, lily allen, nina simone, red hot chili peppers, pet shop boys, kaiser chiefs
the doors, janis joplin, chico buarque, ac/dc, ramones
bonobo, bj?rk, boards of canada, apparat, the cinematic orchestra, amon tobin, tosca, burial, four tet, the herbaliser, gotan project, booka shade, thievery corporation, kings of convenience, the postal service, lamb, the presets, unkle, bloc party, massive attack, the whitest boy alive, josé gonzález, cut copy, roots manuva
broken social scene, feist, u2, emilie autumn, kate bush, alanis morissette, danny elfman, abba, imogen heap, a fine frenzy, bat for lashes, bj?rk, air, sarah mclachlan, enya, the gathering, basement jaxx, queen
dragonforce, lacuna coil, disturbed, apocalyptica, dream theater, enrique iglesias, ludwig van beethoven, sonata arctica, nickelback, pearl jam, santana, nightwish, metallica, rammstein, nirvana
city and colour, heaven shall burn, relient k, the black dahlia murder, jack johnson, alexisonfire, die ?rzte, caliban
bloodbath, agalloch, in flames, amorphis, ayreon, tiamat, dark tranquillity, katatonia, samael, seether, trivium, lacuna coil, volbeat, sonic syndicate
bloodhound gang, in extremo, moby, tori amos, aphex twin, oasis, marilyn manson, limp bizkit, madonna, the chemical brothers, venetian snares, kmfdm
robbie williams, queen, jack johnson, norah jones, mika, mariah carey, dido, bryan adams, katie melua, sia, céline dion, janet jackson, michael jackson, coldplay, christina aguilera, jason mraz, alanis morissette, snow patrol, kelly clarkson, u2, die ?rzte, james blunt, madonna, diana krall, red hot chili peppers, oasis
nine inch nails, the clash, ministry, new order, primal scream, david bowie, the smashing pumpkins, joy division, unkle, sonic youth, radiohead, blur, queens of the stone age, black sabbath, the hives, the beach boys, aphex twin, the cure, amon tobin, the chemical brothers, the velvet underground, cut copy, sex pistols, pink floyd, oasis, led zeppelin, yann tiersen, brian eno, arcade fire, the prodigy, frank zappa, lcd soundsystem, deftones, the strokes, the kills
siouxsie and the banshees, tool
eagles, elton john, mando diao, the beatles, bryan adams, a-ha, dire straits, simple plan, bruce springsteen, amy macdonald, deep purple, stevie wonder, red hot chili peppers, travis, nightwish, pink floyd, alice cooper
bob marley, elvis presley, happysad, maroon 5, gentleman, 311, fergie, incubus, michael jackson, blink-182, frank sinatra, sublime, matisyahu, katie melua, red hot chili peppers, akurat, justin timberlake, bloc party, tenacious d, myslovitz
radiohead, foo fighters, tool, johann sebastian bach, built to spill, green day, meshuggah, morphine, ...and you will know us by the trail of dead, they might be giants, the prodigy, nirvana, gotan project, the smashing pumpkins
finntroll, iron maiden, mastodon, faith no more, opeth, gojira, lamb of god, amon amarth, kamelot, korpiklaani, katatonia, slipknot, moonspell, metallica, arch enemy, type o negative, deathstars, devildriver, ensiferum, the gathering, samael, nightwish, dream theater, porcupine tree, tiamat, testament
bullet for my valentine, story of the year, limp bizkit, three days grace, red.jumpsuit.apparatus, atreyu, fall out boy, metro station, metallica, koЯn, all that remains, seether, nickelback, linkin park, 3 doors down, red hot chili peppers, sum 41, thrice, rage against the machine, the all-american rejects, soundtrack, papa roach, stone sour, lostprophets, taking back sunday, disturbed, rise against, rihanna, pantera, audioslave, trivium, 44, all time low, hoobastank, fort minor, drowning pool
basshunter, groove coverage, cascada, [unknown], the all-american rejects, rise against, scooter, katy perry, bloodhound gang
three days grace, iron maiden, bon jovi, the killers, metallica, oasis, u2, breaking benjamin, eddie vedder, the rolling stones, kings of leon, led zeppelin, incubus, the beatles, iced earth, green day, the kooks, the smashing pumpkins, the hives, faith no more, razorlight, third eye blind, blink-182, matchbox twenty, pearl jam, arctic monkeys
tiamat, nine inch nails, she wants revenge, placebo, deftones, hypocrisy, my dying bride, tori amos, the dresden dolls, depeche mode, mot?rhead, akira yamaoka, combichrist, korpiklaani, the doors
my bloody valentine, dinosaur jr., guided by voices, modest mouse, pixies, m83, belle and sebastian, built to spill, alkaline trio, spoon, the weakerthans, wilco, elvis costello, death cab for cutie, mogwai
massive attack, boards of canada, koop, st. germain, the future sound of london, lamb, air, bj?rk, sting, queen, orbital, tosca, the streets, gorillaz, zero 7, autechre, thievery corporation, deep purple, mike oldfield, brian eno, groove armada, kylie minogue, a tribe called quest, the beatles, morcheeba, john coltrane, télépopmusik, peter gabriel
t.a.t.u., nelly furtado, 50 cent, enigma, scorpions, dire straits, michael jackson, black eyed peas, the chemical brothers, fergie, pet shop boys, morcheeba, faithless, daft punk, robbie williams, rihanna, franz ferdinand, david guetta
rise against, disturbed, die ?rzte, fall out boy, 3 doors down, farin urlaub, die toten hosen, system of a down, billy talent, [unknown], blink-182, jimmy eat world, papa roach, hoobastank, franz ferdinand, alanis morissette, panic! at the disco, red hot chili peppers, iron maiden, seeed, the offspring, sum 41, relient k, bullet for my valentine, afi, p.o.d., jet, alicia keys, pink, thrice, nelly furtado, anti-flag, bloodhound gang, in flames, manowar, metallica, green day, pennywise, max?mo park, koЯn, bryan adams
amon amarth, iced earth, iron maiden, trivium, scorpions, sentenced, apocalyptica, eluveitie, korpiklaani, children of bodom, in flames, megadeth, arch enemy, heaven shall burn, machine head, blind guardian, ac/dc, led zeppelin, pantera, black sabbath, hatebreed
happysad, bob marley, blink-182
m?tley crüe, metallica, guns n roses, rush, iron maiden, aerosmith, dream theater, foo fighters, the rolling stones, the offspring, sublime, ac/dc, pink floyd, led zeppelin, megadeth, primus, the who, black label society, rage against the machine, velvet revolver, jimi hendrix, eric clapton, thin lizzy, rancid, pantera, nofx, iced earth, nirvana, bruce springsteen, lynyrd skynyrd, van halen, bon jovi, tom petty and the heartbreakers
public enemy, kanye west, stevie wonder, mark ronson, jay-z, mos def, the killers, prince, a tribe called quest, wu-tang clan, talib kweli, the roots, al green, corinne bailey rae, aretha franklin, justin timberlake, ghostface, boards of canada, common, de la soul, nas, outkast, george michael, erykah badu, maroon 5, beck, 50 cent, marvin gaye, timbaland, gorillaz, jurassic 5, bob marley & the wailers
placebo, radiohead, pink floyd, nofx, bad religion, my chemical romance, the killers, nirvana, ramones, green day, gogol bordello, billy talent, queens of the stone age, bright eyes, against me!, she wants revenge, leonard cohen, black flag, good charlotte, the doors, pantera, tori amos, anti-flag, bowling for soup, kaiser chiefs, porcupine tree, iron maiden, foo fighters, anathema, dead kennedys, stone temple pilots, interpol, the kooks, arctic monkeys, joy division, manic street preachers
hey, massive attack, faithless, p.o.d., fatboy slim, rage against the machine, o.s.t.r., unkle, kult, asian dub foundation, soundtrack, bonobo, bush, pendulum, gorillaz, high contrast, daft punk, r?yksopp, bob marley & the wailers, gentleman, moby, seeed, the streets
marillion, tom waits, captain beefheart & his magic band, peter gabriel, peter bjorn and john, kate bush, porcupine tree, king crimson, agalloch, the smashing pumpkins, bauhaus, arcade fire, miles davis, ulver, portishead, bonnie prince billy, brian eno
pinback, girl talk, alkaline trio, venetian snares, death cab for cutie, isis, the mountain goats, cut copy, okkervil river, spoon, daft punk, m83, ...and you will know us by the trail of dead, sufjan stevens, faith no more, pixies, built to spill, iron maiden
buckethead, the cure, tom waits, david bowie, the beatles, talking heads, interpol, lcd soundsystem, underworld, mgmt, cocorosie, pixies, portishead, the knife, mf doom, the national, bob dylan, pink floyd, cocteau twins, john coltrane, simian mobile disco, devendra banhart, herbie hancock, moloko, nina simone, skinny puppy, clap your hands say yeah, blonde redhead, tortoise, the raveonettes, jimi hendrix
sodom, my dying bride, gamma ray, pink floyd, rainbow, slayer, napalm death, r.e.m., judas priest, samael, death, led zeppelin
the offspring, streetlight manifesto, nofx, radiohead, pink floyd, against me!, frank zappa, the beatles, feeder, the cribs, billy talent, reel big fish, gogol bordello, mando diao, muse, less than jake, flogging molly, barenaked ladies, dropkick murphys, the zombies, the jam, ok go, goldfinger, the bouncing souls, led zeppelin, kaiser chiefs, jeff buckley
[notorious b.i.g.]
low, neil young, kanye west, nick drake, pavement, death cab for cutie, leonard cohen, pinback, grateful dead, built to spill, sufjan stevens, the national, elliott smith, deerhoof
joni mitchell, jamie cullum, diana krall, fleetwood mac
[john williams]
the gathering, rhapsody of fire, ayreon, finntroll, elvis presley, equilibrium, richard cheese, johann sebastian bach, in flames, therion, turisas, gogol bordello, amon amarth, arch enemy, eluveitie, carcass, fear factory, korpiklaani, edguy, at the gates, cradle of filth, dimmu borgir, avantasia, blind guardian, heaven shall burn, vader
atb, ferry corsten, chicane, above & beyond
jay-z, kanye west
mae, akon, keane, foo fighters, ben folds, third eye blind, muse, coldplay, the all-american rejects, jamie cullum, shiny toy guns, ray lamontagne, groove armada, matchbox twenty, something corporate, girl talk, dave matthews band, counting crows, 311, gnarls barkley, air, joshua radin, goo goo dolls, barenaked ladies, blink-182, audioslave
thievery corporation, bonobo, boards of canada, four tet, massive attack, norah jones, groove armada, air, the cinematic orchestra, gotan project, moloko, st. germain, tricky, édith piaf, bj?rk, pink martini, portishead, koop, nouvelle vague, goldfrapp, tosca, de-phazz
amy winehouse, the white stripes, devendra banhart, jack johnson, radiohead, feist, iron & wine, fiona apple, cat power, johnny cash, mirah, sufjan stevens, the beatles, of montreal, animal collective, regina spektor, m. ward, corinne bailey rae, the shins, cocorosie, m.i.a., peter bjorn and john, the decemberists, lily allen, bob dylan, spoon, manu chao, sigur rós, beck, belle and sebastian, cake, james brown, the postal service, madonna, bj?rk, nick drake, aretha franklin
red hot chili peppers, the decemberists, pink floyd, andrew bird, modest mouse, damien rice, bon iver, rilo kiley, death cab for cutie, jeff buckley, the white stripes, imogen heap, cold war kids, the doors, fall out boy, ben folds, the postal service, ray lamontagne, snow patrol, franz ferdinand, portishead, cat power, led zeppelin, the flaming lips, coldplay, lupe fiasco
roxette, michael jackson
radiohead, oasis, feeder, audioslave, foo fighters, muse, red hot chili peppers, biffy clyro, alter bridge, the stone roses, u2, travis, bon iver, the who, david bowie, eddie vedder, kasabian, the decemberists, hard-fi, the verve, neil young, led zeppelin, josé gonzález, the flaming lips, pearl jam, elbow, aerosmith, coldplay, disturbed, animal collective, bob dylan, nine inch nails, stereophonics, ac/dc, incubus, modest mouse, chris cornell, rage against the machine, flight of the conchords, the doors
explosions in the sky, isis, 65daysofstatic, katatonia, nine inch nails, portishead, god is an astronaut, mono, radiohead, the smashing pumpkins, a perfect circle, ulver, placebo, deftones, apparat, tool, the gathering
johann sebastian bach, radiohead, the velvet underground, andrew bird, wu-tang clan, marvin gaye, serge gainsbourg, nina simone, nirvana, frank zappa, tool, bob dylan, the beatles, beck, the white stripes, pink floyd, billie holiday, ludwig van beethoven, jimi hendrix, sublime, herbie hancock, bauhaus, portishead, led zeppelin, sonic youth, stevie wonder, django reinhardt, tricky, frédéric chopin, queens of the stone age
cansei de ser sexy, ladytron, joy division, m.i.a., bring me the horizon, crystal castles, le tigre, bloc party, from first to last, alexisonfire, michael jackson, arctic monkeys, taking back sunday, placebo
iron maiden, akurat, o.s.t.r., sex pistols, the clash, metallica, kult, pink floyd, radiohead, coma, the police, nirvana, bad religion, gorillaz, gentleman, pid?ama porno, arctic monkeys, pearl jam, reel big fish, bob marley, system of a down, riverside, jimi hendrix, led zeppelin, ac/dc, happysad, madonna, rise against, frank sinatra, coldplay, r?yksopp, franz ferdinand
ozzy osbourne, johnny cash, sonata arctica, led zeppelin, metallica, helloween, dead can dance, thin lizzy, evanescence, guns n roses, blind guardian, pink floyd, dio, joy division, lacuna coil, m?tley crüe, manowar, the sisters of mercy, simon & garfunkel, red hot chili peppers, siouxsie and the banshees, jethro tull, elton john
ramones, misfits
the subways, the prodigy, adele, muse, marilyn manson, hoobastank, michael jackson, 44, billy talent, ferry corsten, lenny kravitz
sonic youth, the rolling stones, the fall, melvins, brian eno, animal collective, captain beefheart & his magic band, pavement, tom waits, otis redding, deerhoof, darkthrone, black sabbath, the velvet underground, metallica, dinosaur jr., devo, slayer, david bowie, the beatles
peter gabriel, goldfrapp, the magnetic fields, air, cocteau twins, tori amos, brian eno, kate bush, radiohead, imogen heap, nick drake, leonard cohen, delerium, belle and sebastian, david bowie, garbage, yann tiersen, aphex twin, lamb, loreena mckennitt, vangelis, faithless, sia, moby, rilo kiley, bj?rk, joni mitchell, the beatles, boards of canada, massive attack, gorillaz, morcheeba, nelly furtado, frou frou
fall out boy, black eyed peas, infected mushroom, the kooks, the beatles, my chemical romance, in flames, kt tunstall, limp bizkit, bon jovi, papa roach, nelly furtado, peter bjorn and john, ill ni?o, guano apes, dethklok, slipknot, stone sour, barenaked ladies, soulfly
coldplay, the beach boys, interpol, the libertines, wolfgang amadeus mozart, talking heads, sum 41, bloc party, the raveonettes, death cab for cutie, ladytron, the cure, miles davis, the distillers, the rolling stones, chet baker, camera obscura, antonio vivaldi
blur, chico buarque, regina spektor, anna ternheim, led zeppelin, loreena mckennitt, the corrs, no doubt, rush, the doors, era, blind guardian, queen, dream theater, radiohead, incubus, gorillaz, pain of salvation, los hermanos, portishead, janis joplin, cat power, lacuna coil, the white stripes, r.e.m., norah jones
metallica, iron maiden, helloween, sonata arctica, good charlotte, nightwish, r.e.m., led zeppelin, arctic monkeys, gogol bordello, eagles, anathema, scooter, queens of the stone age, dire straits, the smiths
against me!, johnny cash, sage francis, beirut, rise against, al green, the postal service, aesop rock, gogol bordello, dizzee rascal, mogwai, explosions in the sky, pixies, the streets, 65daysofstatic, jedi mind tricks, deus, unkle
u2, enigma, michael jackson, abba, enya, muse, backstreet boys, creedence clearwater revival, paul simon, peter gabriel, loreena mckennitt, bob marley & the wailers, moby, elton john, delerium, massive attack, sting, red hot chili peppers, dave matthews band, ben harper, tenacious d, bruce springsteen, bee gees
hot chip, dizzee rascal, coldplay, justice, trentem?ller, pendulum, mgmt, mr. scruff, outkast, the chemical brothers, lily allen, amy winehouse, peter bjorn and john, bj?rk, basement jaxx, lupe fiasco, modest mouse, lcd soundsystem, britney spears
the cardigans, the birthday massacre, madonna, britney spears, t.a.t.u., kylie minogue, daft punk, rihanna, the prodigy, craig david, trentem?ller, depeche mode, katy perry, jamiroquai, garbage, janet jackson, portishead, bj?rk, nightwish, massive attack
marilyn manson, kyuss, ministry, queens of the stone age, misfits, tool, pearl jam, mot?rhead, bad religion, eagles of death metal, a perfect circle, nine inch nails, nofx, rob zombie, anti-flag, rage against the machine, ozzy osbourne, kings of leon
napalm death, cannibal corpse, ensiferum, in extremo, megadeth, slayer, dimmu borgir, die apokalyptischen reiter, blind guardian, deep purple, system of a down, amon amarth, immortal, metallica, slipknot, hammerfall, in flames, rammstein, marilyn manson, korpiklaani, ska-p, carcass, schandmaul, manowar, black sabbath, nirvana, finntroll, equilibrium, subway to sally, bob marley, death
tiamat, ulver, tool, tenacious d, king crimson, black sabbath, dio, pink floyd, moonspell, mastodon, anathema, opeth, riverside, ayreon, a perfect circle, mot?rhead, agalloch, santana, him, isis, dream theater, alice cooper
thievery corporation, metric, devendra banhart, radiohead, tosca, nirvana, sia, bj?rk, amy winehouse, portishead, the jimi hendrix experience, manu chao, goldfrapp, air, camera obscura, gotan project, the faint, animal collective
kamelot, nightwish, epica, rhapsody of fire, sabaton, stratovarius, sonata arctica, hammerfall, in extremo, after forever, avantasia, system of a down, blind guardian, helloween, rammstein, apocalyptica, deathstars, korpiklaani, haggard, die apokalyptischen reiter, loreena mckennitt, gamma ray, enya, danny elfman, sirenia, iron maiden
the beach boys, the rolling stones, david bowie, cat stevens, elvis presley, the zombies, belle and sebastian, the smiths
daft punk, jethro tull, alice in chains, nine inch nails, depeche mode, madonna, cocteau twins, the mars volta, the who, ramones, the prodigy, marillion, dead kennedys
mae, avril lavigne, dashboard confessional, backstreet boys, creed, new found glory, eminem, lifehouse, paramore, switchfoot, simple plan
the killers, damien rice, the who, regina spektor, keane, john mayer, belle and sebastian, death cab for cutie, the decemberists, mika, tegan and sara, jason mraz, david bowie, green day, taking back sunday, fleet foxes, the doors, danny elfman, the shins, tom petty and the heartbreakers, the smiths
lamb of god, the 69 eyes, lostprophets, limp bizkit, scooter, akon, rihanna, gwen stefani
rammstein, led zeppelin, billy talent, the rolling stones, pink floyd, bob dylan, green day, talking heads, the decemberists, sonata arctica, dir en grey, the police, the beatles, okkervil river, the clash, david bowie, coheed and cambria, nirvana, linkin park, queen, bush, frank zappa
radiohead, the beatles, eels, sigur rós, belle and sebastian, emilíana torrini, aimee mann, blur, spoon, ben folds, rilo kiley, pulp, rufus wainwright, the arcade fire, ben folds five, r.e.m., red hot chili peppers, manic street preachers, philip glass, the beach boys
elliott smith, animal collective, belle and sebastian, nirvana, beck, the beatles, ramones, the jam, jens lekman, the velvet underground, the kinks, the beach boys, pixies, my bloody valentine, ben folds, blur, the rolling stones, ben folds five, beirut, radiohead, neutral milk hotel, the whitest boy alive, the who, franz ferdinand, architecture in helsinki, los hermanos, the white stripes, beastie boys, lou reed
anberlin, mae, a day to remember, all time low, bloodhound gang, immortal technique, basshunter, katy perry, system of a down, coldplay, bright eyes, cascada, new found glory, lady gaga, paramore, metro station, incubus, britney spears, john mayer, the postal service, foals, the killers
mika, soilwork, slipknot, children of bodom, system of a down, kate nash, guns n roses, basement jaxx, flyleaf, serj tankian, angra
john mayer, nas, a tribe called quest, city and colour, j dilla, de la soul, jay-z, michael jackson, mos def, lupe fiasco, paramore, notorious b.i.g., the roots, john legend, kanye west, eminem, alicia keys, beyoncé, leona lewis, chris brown, radiohead, usher, ne-yo, gym class heroes, foo fighters, immortal technique, lil wayne, rihanna, linkin park, talib kweli, craig david, the fray
65daysofstatic, less than jake, the flashbulb, sublime, counting crows, johnny cash, lagwagon, nofx, linkin park, goo goo dolls, new found glory, dream theater, the offspring, placebo, matisyahu, third eye blind, goldfinger, blink-182, thrice, bad religion, meshuggah, afi, fall out boy, jimmy eat world, r.e.m., aerosmith, radiohead
matisyahu, manu chao, lily allen, roots manuva, bob marley & the wailers, jack johnson, bonobo, red hot chili peppers, fischerspooner, bob marley, the streets, air, the fratellis, morcheeba, aphex twin, madlib, al green, basement jaxx, high contrast, r?yksopp
devendra banhart, pink floyd, animal collective, the mars volta, modest mouse, radiohead, miles davis, blonde redhead, m. ward, bright eyes, sigur rós, the blood brothers, godspeed you! black emperor, tom waits, aesop rock, air, madlib, minus the bear, the fall of troy, the books, beastie boys, circa survive
turisas, strapping young lad, equilibrium, dimmu borgir, moonspell, cradle of filth, ensiferum
wu-tang clan, nirvana, gang starr, nas, limp bizkit, 2pac, mobb deep, sex pistols, dr. dre
the all-american rejects, abba, aerosmith, rihanna, the pussycat dolls, mika, spice girls, timbaland, good charlotte, michael jackson, britney spears, queen, chris brown, fergie, black eyed peas
queen, the jam, richard cheese, joe satriani, ac/dc, led zeppelin, guano apes, the beach boys, helloween, pixies, fatboy slim, the who, tom waits, die toten hosen, guns n roses, morcheeba, pulp, the hellacopters, the kinks, interpol, buzzcocks, deep purple, tortoise
fischerspooner, depeche mode, digitalism, daft punk, radiohead, coldplay, david guetta, moby, deus, muse, red hot chili peppers, r.e.m., ti?sto, boys noize, infected mushroom, lcd soundsystem, trentem?ller, oasis, st. germain, hot chip, the cranberries, bj?rk, justice, atb, basement jaxx, the subways, 65daysofstatic
pixies, ladytron, dj shadow, róisín murphy, fear factory, skinny puppy, at the drive-in, depeche mode, isis, soundgarden, orbital, incubus, fleetwood mac, jem, new order, vangelis, moloko, pearl jam, ice cube, groove armada, a perfect circle, avril lavigne
ramones, anthrax, david bowie, queens of the stone age, sex pistols, dead kennedys, le tigre, the offspring, 2pac, metallica, franz ferdinand, the killers, megadeth, rancid, bad brains, hatebreed, nirvana, kiss, gorillaz, matisyahu, daft punk, iggy pop, bloc party, iron maiden, alice in chains, disturbed, foo fighters, deftones, new order, the cure
killswitch engage, emery, metallica, alesana, coheed and cambria, escape the fate, bullet for my valentine, silverstein, the black dahlia murder, disturbed, ladytron, chiodos, red hot chili peppers, all that remains, lil wayne, bring me the horizon, trivium, funeral for a friend, paramore, nine inch nails, breaking benjamin
sia, outkast, sufjan stevens, [unknown], tracy chapman, matisyahu, flight of the conchords, killswitch engage
fear factory, rush, black sabbath, strapping young lad, slipknot, vader, at the gates, rage against the machine
system of a down, b?hse onkelz, die toten hosen, finntroll, subway to sally, helloween, sirenia, pink floyd, turisas, blind guardian, howard shore, die ?rzte, nine inch nails, hans zimmer, red hot chili peppers, stratovarius, king crimson, eluveitie, schandmaul, rhapsody of fire, the offspring
coldplay, aphex twin, angels & airwaves, radiohead, brian eno, the weakerthans, bad religion, boards of canada, the go! team, air, enya, vampire weekend, daft punk, sarah mclachlan, u2, the smashing pumpkins, paul simon, kanye west, the national, belle and sebastian, the beatles, hooverphonic, jimmy eat world, cut copy, modest mouse, iron & wine, the cure, garbage, moby
death cab for cutie, bon iver, beck, incubus, deftones, gnarls barkley, grizzly bear, iron & wine, feist, the shins, biffy clyro, fleet foxes, flying lotus, animal collective, kings of convenience, radiohead, j dilla, queens of the stone age, jack johnson, bj?rk, imogen heap, band of horses, air, broken social scene, sufjan stevens, foo fighters, the whitest boy alive, prefuse 73, tv on the radio, bob marley & the wailers, michael jackson, john mayer, minus the bear, n*e*r*d, a perfect circle, josé gonzález, kings of leon
anathema, joy division, cradle of filth, lacuna coil, tristania, sirenia, the sisters of mercy
the crystal method, the chemical brothers, fatboy slim, the future sound of london, underworld, groove armada, orbital, the prodigy, faithless, massive attack, moby, paul oakenfold, unkle, nightmares on wax, basement jaxx, tricky, kosheen, tosca
my chemical romance, the kooks, paramore, red.jumpsuit.apparatus, death cab for cutie, depeche mode, the academy is..., hellogoodbye, 30 seconds to mars, afi, modest mouse, relient k, killswitch engage, boys like girls, panic at the disco, evanescence, the cure, no doubt, duran duran
stereophonics, infected mushroom, travis, édith piaf, keane, paul van dyk, the kooks, atb, max?mo park, natasha bedingfield, kt tunstall, massive attack, amon tobin, nightmares on wax, unkle, faithless, groove armada, the future sound of london, tosca, kate nash, underworld
atb, metallica, iron maiden, megadeth, blind guardian, nightwish, helloween, judas priest, armin van buuren, edguy, kamelot, avantasia, stratovarius, in flames, iced earth, above & beyond, manowar, lacuna coil, [unknown], apocalyptica, hammerfall, therion, angra, tool, sonata arctica, paul van dyk, sirenia, symphony x
devo, primus
tegan and sara, sum 41, green day, mf doom, reel big fish, blink-182, they might be giants, social distortion, the offspring, tool, dead kennedys, system of a down, misfits, thrice, third eye blind, alkaline trio, new found glory, nine inch nails, goldfinger, panic! at the disco
depeche mode, yeah yeah yeahs, the killers, coldplay, nirvana, linkin park, my chemical romance, rob zombie, blink-182, foo fighters, keane, michael jackson, the strokes, thom yorke, limp bizkit, lykke li, the smiths, nine inch nails, panic at the disco, kylie minogue, britney spears, eminem, death cab for cutie, the beatles, slipknot, red hot chili peppers, rammstein
pixies, sonic youth, placebo, turbonegro, anathema, ulver, porcupine tree, pavement, dead can dance, blackfield, coma, at the gates
the kinks, modest mouse, beastie boys, bright eyes, the strokes, the velvet underground, the decemberists, the mountain goats, the beach boys, of montreal, the magnetic fields, alanis morissette, mando diao, t. rex, talking heads, billie holiday, arcade fire, final fantasy, yo la tengo, elliott smith, neutral milk hotel, the beatles, the shins, nick drake, broken social scene, pulp
u2, coldplay, the beatles, sufjan stevens, muse, mew, red hot chili peppers, the strokes, the cranberries, jason mraz, air, robbie williams, the killers, linkin park, maroon 5, madonna, radiohead, my chemical romance, green day, kings of convenience, michael bublé, queen, t.a.t.u., black eyed peas, bon jovi, eric clapton, good charlotte, mika, nelly furtado, ti?sto, john legend, travis, the corrs, depeche mode, foo fighters, oasis, the cure, r?yksopp
hypocrisy, napalm death, death, cannibal corpse
sentenced, slayer, nightwish, cradle of filth, katatonia, ac/dc, amorphis, satyricon, amon amarth, dimmu borgir, soilwork, ozzy osbourne, hypocrisy, volbeat, lamb of god, arch enemy, metallica, ensiferum, behemoth, children of bodom, sonata arctica
orbital, gotan project, enigma, led zeppelin, nick cave and the bad seeds, underworld, bob marley & the wailers, morcheeba, above & beyond
linkin park, evanescence, placebo, system of a down, rammstein, u2, radiohead, fear factory, nightwish, muse, rob zombie, coldplay, red hot chili peppers, rage against the machine, the cure, metallica, my chemical romance, bloodhound gang, fall out boy, era, enigma, the smashing pumpkins, slipknot, pink floyd, blink-182, nine inch nails, sum 41, sirenia, joy division, santana, disturbed, stone sour, iron maiden, billy talent, fatboy slim, soulfly, dead can dance, dir en grey, breaking benjamin, audioslave
mogwai, stars, girl talk, justice, bloc party, pink floyd
radiohead, bob dylan, belle and sebastian, the white stripes, modest mouse, guided by voices, devendra banhart, neutral milk hotel, okkervil river, animal collective, cold war kids, against me!, beastie boys, kings of leon, the decemberists, jay-z, band of horses, rancid, the clash, misfits, tegan and sara, peter bjorn and john, clap your hands say yeah, red hot chili peppers, a tribe called quest, beirut, the beatles, girl talk, the shins, broken social scene, built to spill, feist, the raconteurs, ac/dc, aesop rock, dead kennedys, creedence clearwater revival, led zeppelin
[j dilla]
circa survive, funeral for a friend, franz ferdinand, queens of the stone age, angels & airwaves, me first and the gimme gimmes, the doors, papa roach
daft punk, fatboy slim, beastie boys, bloodhound gang, hard-fi, kaiser chiefs, the cardigans, manic street preachers, hooverphonic, the herbaliser, groove armada, massive attack, r.e.m., gotan project, cypress hill, r?yksopp, metallica, nick cave and the bad seeds, the doors, moby, portishead, franz ferdinand, radiohead, thievery corporation
emilie autumn, bauhaus, the birthday massacre, the cure, skinny puppy, she wants revenge, placebo, roxette, nightmares on wax, the dresden dolls
opeth, katatonia, apocalyptica, amon amarth, agalloch, therion, ulver, symphony x, metallica, bloodbath, tool, dark tranquillity, in flames, sonata arctica, dimmu borgir, scar symmetry, dragonforce, haggard, megadeth, slayer
de la soul, madlib, mf doom, cunninlynguists, ghostface, j dilla, aesop rock, common, a tribe called quest, nas, gang starr, wu-tang clan, dr. dre, ice cube, jedi mind tricks, talib kweli, jay-z, the herbaliser, outkast, ludacris, otis redding
ghostface, nine inch nails, misfits, 311, mf doom, nas, beck, kanye west, david bowie, nirvana, bob marley & the wailers, beastie boys, bad brains, the beatles, j dilla, radiohead, busta rhymes, lil wayne, metallica, dead kennedys, madvillain, the breeders, notorious b.i.g., pixies, rjd2
roxette, kylie minogue, keane, def leppard, madonna, michael jackson, elton john, avril lavigne, girls aloud, céline dion, leona lewis, madness, robbie williams, duffy, oasis, duran duran, bon jovi, sugababes, britney spears, pet shop boys, spice girls, abba
billie holiday, madonna, amy winehouse, ella fitzgerald, erykah badu, aretha franklin, louis armstrong, led zeppelin, marvin gaye, michael jackson, outkast, bob marley & the wailers, the beatles, nina simone, prince, al green, jay-z, stevie wonder, the roots
system of a down, metallica, tenacious d, rage against the machine, bullet for my valentine, the offspring, dragonforce, infected mushroom, slipknot, ac/dc, afi, the prodigy, pendulum, guns n roses, bob marley & the wailers, serj tankian
maria mena, jem, mariah carey, chet baker, the fray, regina spektor, coldplay, fiona apple, billy joel, leona lewis, taylor swift, delerium, beck, britney spears, michael bublé, damien rice, rufus wainwright, feist, madonna, katy perry, alanis morissette, elton john
bad religion, rancid, reel big fish, sex pistols, less than jake, ska-p
deftones, the breeders, black sabbath, they might be giants, the killers, u2, depeche mode, portishead, david bowie, creedence clearwater revival, the beatles
ensiferum, die ?rzte, kreator, gamma ray, hammerfall, rammstein, scooter, helloween, in flames, slayer, equilibrium, ramones, sabaton, judas priest, arch enemy, iron maiden, edguy, ska-p, korpiklaani, nightwish, mot?rhead, die toten hosen, ac/dc, kiss, children of bodom, the beach boys, the hives, rage against the machine
mando diao, hard-fi, beatsteaks, klaxons, the hives, arctic monkeys, deichkind, ramones, blur, blink-182, die ?rzte, the killers, digitalism, red hot chili peppers, kasabian, cansei de ser sexy, the rasmus, [unknown], justice, kaiser chiefs, supergrass, incubus, peaches, the wombats, limp bizkit, seeed, the kooks, max?mo park, papa roach, shout out louds, trentem?ller, die toten hosen, peter fox, stars, the chemical brothers, the rapture, him
the kinks, nas, johann sebastian bach, 2pac, metric, immortal technique, led zeppelin, the strokes, neutral milk hotel, the decemberists, ice cube, pink floyd, mirah, the beatles, rilo kiley, creedence clearwater revival, the mars volta, dr. dre, public enemy, david bowie, adam green, kanye west, tool, the smiths, architecture in helsinki, death cab for cutie, of montreal, bob dylan, nirvana, ladytron, the new pornographers, morrissey, regina spektor
belle and sebastian, los hermanos, cocorosie, the beatles, dashboard confessional, the jam, oasis, adele, amy winehouse, camera obscura, stereophonics, the who, joni mitchell, regina spektor, interpol, the byrds, peter bjorn and john, the decemberists, r.e.m., elvis costello, beirut, bloc party, yo la tengo, cake, audioslave, the hives, foo fighters, the verve, feist
amon amarth, nirvana, nightwish, epica, the jimi hendrix experience, blind guardian, helloween
deftones, staind, incubus, clint mansell, mudvayne, serj tankian, chevelle, disturbed
anberlin, red.jumpsuit.apparatus, boys like girls, story of the year, dashboard confessional, foo fighters, city and colour, paramore, bon jovi, gavin degraw, 30 seconds to mars, onerepublic, all time low, james blunt, thursday, lifehouse, staind, millencolin, 3 doors down
of montreal, beck, m. ward, nouvelle vague, the pipettes, cat stevens, fiona apple, the beatles, feist, joni mitchell, regina spektor, cake, kings of leon
dinosaur jr., girl talk, fleet foxes, nada surf, kanye west, the beatles, m.i.a., final fantasy, neutral milk hotel, deerhoof
dethklok, cannibal corpse, rob zombie, guns n roses, the beach boys, deep purple, johnny cash, ramones, metallica, ac/dc, system of a down, boards of canada, elvis presley, slayer, flight of the conchords, pink floyd, rush, the killers, minor threat, arch enemy, rammstein, tenacious d, volbeat, lynyrd skynyrd, jimi hendrix, bob marley, bon jovi, dio, the mars volta, chamillionaire, richard cheese, drowning pool, devildriver, john williams
bj?rk, [unknown], trentem?ller, jamiroquai, koop, lamb, massive attack, david guetta, sting, gotan project, craig david, michael bublé, various artists
frank sinatra, david bowie, jack johnson, architecture in helsinki, coldplay, radiohead, elliott smith, manu chao, beastie boys, at the drive-in, foo fighters, the kooks, queen, gorillaz, télépopmusik, deftones, green day, nofx, dashboard confessional, queens of the stone age, the rolling stones, the flaming lips, beck, ac/dc, blur, linkin park
sufjan stevens, band of horses, the cure, led zeppelin, modest mouse, the academy is..., the velvet underground, no doubt
the offspring, fort minor, lil wayne, sum 41, dmx, 50 cent, t.a.t.u., kanye west, akon, busta rhymes, papa roach, nickelback, jordin sparks, britney spears, rihanna, sean paul, ludacris
guided by voices, yo la tengo, eagles of death metal, the rolling stones, cat power, fleet foxes, the beatles, beck, eels, the white stripes, bob dylan, david bowie, tom waits, arcade fire, modest mouse, van morrison, otis redding, clap your hands say yeah, tv on the radio, nick drake, interpol, pavement, belle and sebastian, talking heads, pixies, blondie, the jesus and mary chain, al green, ramones, the mountain goats, blonde redhead, devo, miles davis
dr. dre, eminem, bob marley
the cranberries, busta rhymes, modest mouse, sonic youth, the flashbulb, dr. dre, nirvana, johnny cash, the mars volta, notorious b.i.g., foo fighters, nine inch nails, madvillain, public enemy, eminem, alice in chains, eagles of death metal, crystal castles, the doors, sublime, talking heads, jedi mind tricks
pink floyd, michael bublé, katy perry, kylie minogue, snow patrol, radiohead, the chemical brothers, the whitest boy alive, robyn, 30 seconds to mars, gwen stefani, lily allen, stereophonics, mark ronson, jem, moby, elbow, abba, a-ha, sara bareilles, adele, robbie williams, billy joel, john legend, elton john, faithless, electric light orchestra, goldfrapp, the killers
ramones, massive attack, alkaline trio, bad religion, sonic youth, good charlotte, nirvana, angels & airwaves, pennywise, red hot chili peppers, rancid, hellogoodbye, p.o.d., enter shikari, moby, minor threat, metallica, the cure, koЯn, 44, kelly clarkson, the white stripes, depeche mode, green day, deftones
daft punk, bj?rk, stars, thomas newman, soundtrack, cansei de ser sexy, the album leaf, john williams, manu chao, shakira, broken social scene
michael jackson, rammstein, dire straits, the police, interpol, ti?sto, coldplay, pet shop boys, queen, the cure, madonna, ennio morricone, u2, bee gees, supertramp, duran duran, justin timberlake, prince, abba, phil collins, inxs, paul simon, creedence clearwater revival, enya, black eyed peas, aerosmith, enrique iglesias, kiss, eminem, genesis
brian eno, orbital, they might be giants, plaid, u2, aphex twin, stereolab
yann tiersen, lily allen, muse, death cab for cutie, the dresden dolls, the radio dept., regina spektor, weezer, kate nash, the strokes, the kooks
tom waits, jeff buckley, pj harvey, foo fighters, richard cheese, primus
orbital, david bowie, ulver, muse, boards of canada, the cure, the bravery, mastodon, brian eno, tortoise, air, strapping young lad, opeth, the future sound of london, of montreal, arcade fire, yann tiersen, explosions in the sky, the beach boys, they might be giants, the smashing pumpkins, marilyn manson, autechre, the smiths, frédéric chopin, the beatles, mew
sufjan stevens, spoon, radiohead, cat power, the cribs, broken social scene, the arcade fire, modest mouse, the libertines, ben harper, arctic monkeys, the shins, patrick wolf, david bowie, devendra banhart, rilo kiley, feist, beck, the decemberists, sigur rós, the cure, the smiths, bob dylan, the strokes, the new pornographers, of montreal, pavement, adam green, kings of leon, the go! team, air, bloc party, mando diao, final fantasy, four tet, the brian jonestown massacre, the white stripes
ac/dc, flogging molly, pantera, volbeat, red hot chili peppers, toto, ozzy osbourne, metallica, kraftwerk, arch enemy, dire straits, hammerfall, cannibal corpse, creedence clearwater revival, the offspring, david bowie, bob marley & the wailers, bloodhound gang, ramones
50 cent, lil wayne, eminem, 2pac, the game, chris brown, red hot chili peppers, akon, chamillionaire, guns n roses, armin van buuren, dmx, ti?sto, daft punk, flo rida, notorious b.i.g., nelly, t.i., arctic monkeys, the strokes, kanye west, snoop dogg, justin timberlake, usher, ludwig van beethoven, jay-z
the rolling stones, bob dylan, neil young, the killers, van morrison, red hot chili peppers, ramones, radiohead, led zeppelin, amy winehouse, queens of the stone age, black rebel motorcycle club, u2, ray charles, paul simon, johnny cash, jimi hendrix, arctic monkeys, stevie wonder, beck, elbow, grateful dead, pink floyd, arcade fire, nina simone, dj shadow, oasis, prince, max?mo park, sonic youth, ray lamontagne, razorlight, tom waits, the cure, kaiser chiefs, kings of leon, the clash, elvis costello, fleetwood mac, the beach boys, aretha franklin, flight of the conchords, john lennon
simple plan, the used, avenged sevenfold, mindless self indulgence, plain white ts, linkin park, taking back sunday, good charlotte, escape the fate, the academy is..., 44, die ?rzte, die toten hosen, green day, the wombats, the rasmus, nine inch nails, the cure, natasha bedingfield, rise against, paramore, oomph!, enter shikari, bright eyes, dashboard confessional, billy talent, iron & wine, muse, the libertines, dropkick murphys
bloc party, dashboard confessional, the kooks, saves the day, something corporate, death cab for cutie, antonio vivaldi, the shins, underoath, funeral for a friend, iron & wine, motion city soundtrack, taking back sunday, brand new, ben folds, dire straits, damien rice, counting crows, the decemberists, dinosaur jr., modest mouse, ben folds five, the used, say anything, lostprophets, jack johnson, ratatat, cobra starship, daft punk, mindless self indulgence, god is an astronaut, chiodos, jimmy eat world, saosin
rise against, lupe fiasco, dropkick murphys, n*e*r*d, boys noize, cunninlynguists, the distillers, the ting tings, bob marley, paramore, linkin park, millencolin, dizzee rascal, digitalism, fall out boy, anna ternheim, gnarls barkley, shiny toy guns, simple plan, the sounds
silverchair, minor threat
architecture in helsinki, m83, ratatat, my bloody valentine, cocorosie, the white stripes, the strokes, the books, kate nash, bloc party, vampire weekend, santogold, pixies, elliott smith, tegan and sara, the go! team, modest mouse, m.i.a., crystal castles, lykke li, death from above 1979, the kills, spoon, interpol, animal collective, neutral milk hotel, aesop rock, cat power, t. rex, stars, bright eyes, the hives, the blood brothers
the strokes, los hermanos, the beatles, nine inch nails, nada surf, the smashing pumpkins, social distortion, foo fighters, queens of the stone age, a perfect circle, the hellacopters, death cab for cutie, bright eyes, jet, mew, incubus, nirvana, caetano veloso, the postal service, ramones, fiona apple, reel big fish, broken social scene, portishead, nelly furtado, morcheeba, radiohead, john mayer, green day
rammstein, shakira, joss stone, led zeppelin, santana, the beatles, rihanna, kraftwerk, megadeth, chico buarque, toto, michael jackson, pink floyd, nirvana, queen, roxette, the doors, ac/dc, aerosmith, the who, nofx, the pussycat dolls, the rolling stones, bad religion
the doors, bright eyes, the black keys, the clash, arctic monkeys, the white stripes, m.i.a., jimi hendrix, arcade fire, the velvet underground, franz ferdinand, modest mouse, the who, the national, the decemberists, elliott smith, green day, red hot chili peppers, brand new, rise against, pixies, feist, bloc party, jimmy eat world, janis joplin, motion city soundtrack, jefferson airplane, the get up kids, the shins, cat power, john lennon, bob dylan, third eye blind, belle and sebastian, of montreal, nirvana, the kills, blink-182, ryan adams, led zeppelin, the used, sigur rós
barenaked ladies, kate bush, queen, they might be giants, shakira, billy joel, leonard cohen, david bowie, [unknown], ben folds five, elton john, tori amos, pet shop boys, the beach boys, ani difranco
stars, architecture in helsinki, modest mouse, tegan and sara, 65daysofstatic, ben folds, jens lekman, sufjan stevens, james brown, taking back sunday, elliott smith, barenaked ladies
the beatles, norah jones, stevie wonder, katie melua, elton john, santana, britney spears, miles davis, duffy, the rolling stones, the beach boys, bob dylan, eric clapton, beyoncé, sade, sheryl crow, christina aguilera, jimi hendrix, katy perry, alicia keys, aretha franklin, fleetwood mac, cream, the who
thomas newman, john williams, coldplay, the cinematic orchestra, four tet, sia, clint mansell, depeche mode, oasis, madonna, u2, massive attack, lenny kravitz, alanis morissette, the verve, [unknown], the police, daft punk, sting, fatboy slim, gorillaz, janet jackson, phoenix, prince, a perfect circle, jamie cullum
jay-z, ludacris, ice cube, busta rhymes, o.s.t.r., talib kweli, notorious b.i.g., t.i., dr. dre, kanye west, timbaland
mf doom, the knife, manu chao, notorious b.i.g., air, burial, the magnetic fields, m83, low, r?yksopp, leonard cohen, wu-tang clan, radiohead, bonnie prince billy, the flashbulb, ladytron, santogold, the beatles, david bowie, cat power, pink floyd, cocorosie, massive attack, [unknown], simian mobile disco, m. ward, sublime, peter bjorn and john, band of horses, sigur rós, the national, feist, nick drake
bob marley & the wailers, bob marley, ramones, gentleman, dead kennedys, sublime, manu chao, matisyahu
jack johnson, john mayer, kelly clarkson, coldplay, jason mraz, radiohead, death cab for cutie, taylor swift, sarah mclachlan, u2, colbie caillat, dave matthews band
muse, subway to sally, deichkind, queen, clueso, die ?rzte, evanescence, jack johnson, rise against, coldplay, green day, daft punk, pink, aerosmith, die toten hosen, feist, bob marley, black eyed peas, red hot chili peppers, ska-p, farin urlaub, danny elfman, nirvana, michael jackson, nelly furtado, rammstein, peter fox, the white stripes, tenacious d, the beatles, justin timberlake, nickelback, the ting tings, gentleman, justice, the chemical brothers, snow patrol
iggy pop, the clash, talking heads, green day, tom waits, the rolling stones, siouxsie and the banshees, portishead, stereolab, the kinks, the pogues, led zeppelin, beck, cake, pink floyd, the specials, garbage, sonic youth
madonna, enigma, chris brown, jennifer lopez
bj?rk, porcupine tree, helloween, gamma ray, soilwork, linkin park, kamelot, sepultura, los hermanos, anathema, mastodon, radiohead, satyricon
muse, akira yamaoka, gorillaz, fatboy slim, franz ferdinand, johnny cash, soundtrack, the killers, r?yksopp, mika, the prodigy, radiohead, beck, shakira, green day, kanye west
the decemberists, antony and the johnsons, the black keys, radiohead, eddie vedder, pearl jam, ac/dc, leonard cohen, jack johnson, amy winehouse, bob marley, guns n roses, ramones, modest mouse, franz ferdinand, iron & wine, tom waits, cat stevens, manu chao, nick cave and the bad seeds, the shins, jason mraz, air, beck, ben harper, the smashing pumpkins, the smiths, johnny cash, portishead, beirut, aerosmith, depeche mode, enya, fleet foxes, thievery corporation, jeff buckley, muse, the flaming lips
bruce springsteen, gavin degraw, keane, counting crows, ludwig van beethoven, pendulum, blink-182, john mayer, tenacious d, outkast, coldplay, dashboard confessional
bloc party, guano apes, after forever, epica, marilyn manson, red hot chili peppers, the cure, nightwish, slipknot, haggard, metallica, u2, manu chao, interpol, children of bodom, guns n roses, rammstein, cradle of filth, emilie autumn, muse, stone sour, the smashing pumpkins, green day, system of a down, shakira, sonata arctica, armin van buuren
r?yksopp, metallica, asian dub foundation, tool, mot?rhead, the clash, thievery corporation, dredg, santogold, nouvelle vague, bob marley, groove armada, gorillaz, pain of salvation, the mars volta, portishead, yeah yeah yeahs, beastie boys, opeth, damian marley, dream theater, massive attack, animal collective
feeder, the hives, foo fighters, metallica, the distillers, alkaline trio, iron maiden, nine inch nails, goldfinger, rage against the machine, system of a down, the clash, robbie williams, no doubt, rammstein, coheed and cambria, the cure, misfits, rise against, blink-182, velvet revolver, lostprophets, marilyn manson, the get up kids, jimmy eat world
pulp, creedence clearwater revival, fleetwood mac, aerosmith, nouvelle vague, goldfrapp, dire straits, led zeppelin
charlie parker, nick drake, billie holiday, miles davis, animal collective, tom waits, brian eno, dj krush, leonard cohen
[frank sinatra]
sade, stevie wonder, alicia keys, michael jackson, john legend, mos def
katie melua, norah jones, dido, enya, rihanna, roxette, avril lavigne, queen, amy macdonald, the corrs, abba, the cranberries, pet shop boys, nightwish, billy joel, dire straits, gwen stefani, depeche mode, mika, t.a.t.u., kylie minogue, nelly furtado, frank sinatra, kt tunstall, kate bush, pink, bee gees, tori amos, pink floyd, duffy, christina aguilera, howard shore, a-ha
amon amarth, amorphis, arch enemy, norther, children of bodom, in flames, my dying bride, ensiferum, theatre of tragedy, equilibrium, paradise lost, opeth, dark tranquillity, moonspell, type o negative, behemoth, after forever, die ?rzte, lacuna coil, die apokalyptischen reiter
u2, the cardigans, keane, counting crows, jason mraz, jack johnson, amy winehouse, amy macdonald, r.e.m., dido, adele, bruce springsteen, duffy, sting, aimee mann, van morrison, coldplay, elvis presley, snow patrol, the rolling stones, lily allen, sara bareilles
chico buarque, los hermanos, nouvelle vague, the beatles, yann tiersen, the knife, the white stripes, architecture in helsinki, coldplay, damien rice, system of a down, animal collective, feist, foo fighters, radiohead, john mayer, josé gonzález, amy winehouse, ok go, frank sinatra, justice, nirvana, moloko, blondie, cocorosie, bob marley & the wailers, the doors, nine inch nails, rufus wainwright, metallica, james blunt, the cure, scissor sisters, the strokes
the smiths, the beatles, at the drive-in, misfits, rancid, afi, siouxsie and the banshees, minor threat, caliban, the smashing pumpkins, cannibal corpse, the doors, the mars volta, new found glory, sublime, the who, plain white ts, parkway drive, the dresden dolls, fugazi, hatebreed, the clash, the strokes
jack johnson, die toten hosen, red hot chili peppers, billy talent, limp bizkit, ramones, fort minor, blink-182, pink, nelly furtado, michael jackson, seeed, bob marley, eminem, james blunt, the offspring, dire straits, gwen stefani, ludacris, the prodigy, craig david, the police, kanye west, moby, papa roach, peter fox, sean paul, 50 cent, p.o.d., mos def, the rasmus
daft punk, depeche mode, my chemical romance, gorillaz, the offspring, the white stripes, black sabbath, iron maiden, linkin park, death from above 1979, incubus, red hot chili peppers, mindless self indulgence, the jimi hendrix experience, system of a down, ac/dc, muse, cake, the killers, the shins, beck, def leppard, modest mouse, papa roach, nickelback, foo fighters, disturbed, gym class heroes, the mars volta, death cab for cutie, she wants revenge, angels & airwaves, streetlight manifesto, alice in chains, paramore
sonic youth, built to spill, modest mouse, of montreal, squarepusher, my morning jacket, bright eyes, they might be giants, mogwai, pink floyd, the weakerthans, the shins, neutral milk hotel
camel, a perfect circle, riverside, testament, blackfield, behemoth, grateful dead, led zeppelin, metallica, morbid angel, the mars volta, bloodbath
children of bodom, ac/dc, hammerfall, the rolling stones, red hot chili peppers, die apokalyptischen reiter, koЯn, nirvana, slipknot, rammstein, linkin park, deep purple, green day, equilibrium, scorpions, bloodhound gang, ensiferum, bob marley, dropkick murphys, the beatles, in flames, slayer, subway to sally, megadeth, mot?rhead, oomph!, serj tankian
the magnetic fields, clap your hands say yeah, stars, pj harvey, m83, iron & wine, the go! team, architecture in helsinki, sigur rós, spoon, new order, radiohead, elbow, modest mouse, tv on the radio, broken social scene, bruce springsteen, talking heads, neutral milk hotel, bj?rk, calexico, the national, hot chip, death from above 1979, the knife, bonnie prince billy, final fantasy, tool, andrew bird, four tet, bat for lashes, peter gabriel, elliott smith, the smashing pumpkins, the arcade fire
the chemical brothers, system of a down, coldplay, red hot chili peppers, soundtrack, final fantasy, 30 seconds to mars, u2, daft punk, the offspring, the killers, avenged sevenfold, benny benassi, hot chip
the pussycat dolls, mariah carey, britney spears, beyoncé, justin timberlake, lady gaga, michael jackson, jennifer lopez, madonna, rihanna, t.i., nelly furtado, gwen stefani, usher, kanye west, black eyed peas, kelly clarkson, fergie, ne-yo, eminem, alicia keys, robyn, chris brown, timbaland, m.i.a., natasha bedingfield, nelly
lacrimosa, avril lavigne, sum 41, lordi, nightwish, [unknown]
ill ni?o, incubus, staind, adema, three days grace, pendulum, brand new, breaking benjamin, tool, a perfect circle, dredg, linkin park, drowning pool, stone sour, the presets, kings of leon, massive attack, bullet for my valentine
peter fox, september, lady gaga, akon, bob marley, flo rida, kanye west
eminem, arctic monkeys, ludacris, system of a down, sean paul, queen, muse, soundtrack, bob marley, beastie boys, rammstein, the kooks, johnny cash, the wombats, bloodhound gang, peter gabriel, korpiklaani, 50 cent, hot hot heat, rufus wainwright, serj tankian, david bowie, the cure, john lennon, nelly, lil wayne, marilyn manson, coldplay, the sounds, dimmu borgir
black eyed peas, p.o.d., jamiroquai, the chemical brothers, louis armstrong
the decemberists, fleet foxes, bonobo, calexico, bon iver, kings of convenience, ben harper, the national, coldplay, creedence clearwater revival, the verve
sepultura, kmfdm, hatebreed, static-x, ill ni?o, marilyn manson, devildriver, soilwork, tool, koЯn, death, the dillinger escape plan, mudvayne, moonspell, slayer, chimaira, gojira
at the drive-in, incubus, dj shadow, boards of canada, rjd2, radiohead, sonic youth, dj krush, zero 7, beastie boys, air, jamiroquai, rage against the machine, sneaker pimps, amon tobin, bj?rk, sage francis, gorillaz, death from above 1979, muse, bonobo, prefuse 73, madvillain
john mayer, goo goo dolls, anberlin, jimmy eat world, sigur rós, imogen heap, damien rice, m83, new found glory, thursday, phoenix, the smashing pumpkins, blink-182, sara bareilles, hatebreed, paramore
linkin park, story of the year, limp bizkit, metro station, finch, buckethead, fort minor, hoobastank, good charlotte, alesana, bullet for my valentine, afi, funeral for a friend, from first to last, saosin, rise against, thrice, senses fail
the shins, ramones, deerhoof, amon tobin, the kinks, cream, architecture in helsinki, the decemberists, pixies, john coltrane, bad brains, guided by voices, the smiths, mot?rhead, camera obscura, the breeders, placebo
jason mraz, coldplay
kanye west, chamillionaire, lupe fiasco
the streets, comeback kid, bad brains, blink-182, the hives, minor threat, mando diao, the libertines, dropkick murphys, ennio morricone
kt tunstall, the beatles, the killers, tegan and sara, metric, my chemical romance, the fray, regina spektor, stars, nirvana
le tigre, buzzcocks, cocorosie, pj harvey, pavement, the white stripes, nick cave and the bad seeds, madness, rancid, nouvelle vague, against me!, cat power, sonic youth, pixies
alkaline trio, cursive, okkervil river, the beatles, portishead, minus the bear, against me!, animal collective, elliott smith, the blood brothers, mogwai, pink floyd, saves the day, aesop rock, notorious b.i.g., the get up kids, tegan and sara, daft punk, rilo kiley, ryan adams
frank sinatra, buckethead, die ?rzte, apoptygma berzerk, the beatles, moby, leonard cohen, electric light orchestra, dead can dance, bad religion, pet shop boys, vnv nation, depeche mode, radiohead, tosca, iron maiden
the beatles, cypress hill, iron maiden, misfits, metallica, pink floyd, rage against the machine, johnny cash, jedi mind tricks, primus, the clash, simon & garfunkel, queen, ramones, frank zappa, john lennon, bruce springsteen, beastie boys, imogen heap, moby, eminem, infected mushroom, bob marley & the wailers, bob dylan, kiss, supertramp, the prodigy, coldplay, toto, audioslave, led zeppelin, stevie wonder, seal
pixies, the arcade fire, cake, mogwai, the new pornographers, spoon, elliott smith, ladytron, of montreal, beirut, radiohead, the national, stars, sigur rós, broken social scene, bloc party, camera obscura, ...and you will know us by the trail of dead, architecture in helsinki, the decemberists, sufjan stevens, cursive, death from above 1979, eels, pavement, death cab for cutie, girl talk, crystal castles, thursday, modest mouse, god is an astronaut, iron & wine, mono, final fantasy, múm
j dilla, kanye west, flying lotus, common, philip glass, lil wayne, nas, t.i., mos def, outkast, bob marley, 50 cent, talib kweli, santogold, thievery corporation, snoop dogg
metallica, frank zappa, foo fighters, ac/dc, pink floyd, kent, red hot chili peppers, oasis, turbonegro, amy macdonald, queen, iron maiden, depeche mode, zero 7, lynyrd skynyrd, bob marley & the wailers, rammstein, cypress hill, jethro tull, megadeth, rage against the machine, u2, tenacious d, the hellacopters, black sabbath, coldplay, herbie hancock, kiss, placebo, pearl jam, muse, the killers, jimi hendrix, new order, the beatles, nirvana
inxs, toto, ac/dc, u2, the corrs, def leppard, kylie minogue, madonna, van halen, goldfrapp, evanescence, september, bon jovi, phil collins, keane, queensr?che, a-ha, genesis, beyoncé, pink floyd, robbie williams, depeche mode, alicia keys, ashlee simpson, afi
65daysofstatic, archive, apparat, elvis presley, muse, max richter, the cinematic orchestra, evanescence, portishead, sigur rós, massive attack, garbage, madonna, oomph!, bruce springsteen, unkle, hooverphonic, stereophonics, enigma, venetian snares
death cab for cutie, bright eyes, belle and sebastian, the shins, the get up kids, antonio vivaldi, ben folds, okkervil river, saves the day, iron & wine, jack johnson, beirut, john mayer, the decemberists, fall out boy, calexico, neutral milk hotel, the mountain goats, the postal service, ben folds five
katatonia, system of a down, coma, mot?rhead, staind, soilwork, in flames, anathema, 3 doors down, chevelle, slipknot, prince, marilyn manson, sabaton, deftones, disturbed, metallica, ill ni?o
zero 7, rjd2, the cinematic orchestra, duran duran, leonard cohen, feist, josé gonzález, r?yksopp, bat for lashes, erykah badu, roots manuva, unkle, primal scream, new order, david bowie, de la soul, prefuse 73
imogen heap, air, booka shade, the cranberries, beyoncé, norah jones, james brown, fischerspooner, r?yksopp, depeche mode, nelly furtado, electric light orchestra, daft punk, róisín murphy, the chemical brothers, prince, kt tunstall, feist, ti?sto
in flames, red hot chili peppers, 311, muse, city and colour, foo fighters, john frusciante, a perfect circle, devendra banhart, arch enemy, the beatles, incubus, jimmy eat world, soilwork, bad religion, opeth, the cure, radiohead, the killers, dark tranquillity, kate nash, porcupine tree, gotan project, amorphis, death cab for cutie, interpol, elliott smith, katatonia, black label society, groove armada, scar symmetry, blind guardian, tenacious d, death from above 1979
death cab for cutie, linkin park, dj shadow, zero 7, high contrast, coldplay, madvillain, enter shikari, incubus, angels & airwaves, taking back sunday, bloc party, alkaline trio, p.o.d., paramore, funeral for a friend, pendulum, feeder, radiohead, blink-182
sting, black label society, m?tley crüe, bon jovi, john williams, scorpions, soundtrack
atmosphere, akon, the breeders, ghostface
fall out boy, hellogoodbye, paramore, mae, cute is what we aim for, boys like girls, gym class heroes, janet jackson, kings of leon, justin timberlake, the academy is..., jonas brothers, otis redding, say anything, cobra starship, lily allen, the hush sound, all time low, plain white ts, katy perry, streetlight manifesto, john mayer
enigma, pet shop boys, the beatles, soundtrack, a-ha, michael jackson, madonna, the cure, bob dylan, bruce springsteen, scorpions, u2, britney spears, bryan adams, depeche mode, phil collins, paul mccartney, various artists, duran duran, caetano veloso, pink floyd, alanis morissette, prince, chico buarque, elton john, foo fighters, george michael, nouvelle vague, r.e.m., queen, gnarls barkley, radiohead, guns n roses, bon jovi, muse, adele, the killers, david bowie, kylie minogue, jack johnson
sonic syndicate, die toten hosen, b?hse onkelz, slipknot, 30 seconds to mars, linkin park, bullet for my valentine, oomph!, angels & airwaves, simple plan, metallica, deichkind
coldplay, foo fighters, in flames, metallica, johnny cash, the haunted, jack johnson, katie melua, enya, kings of leon, millencolin, trivium, koЯn, testament, eddie vedder, simon & garfunkel, audioslave, green day, john mayer, amorphis, static-x, benny benassi, chimaira, neil young, system of a down, placebo, dropkick murphys
belle and sebastian, michael jackson, elvis presley, david bowie, spoon, foo fighters, amy winehouse, queens of the stone age, joanna newsom, feist, lily allen, eddie vedder, miles davis, queen, hot chip, bob dylan, cat power, the rolling stones, kiss, black sabbath, radiohead, faith no more, beastie boys, the beatles, ac/dc
[the national]
paramore, modest mouse, red hot chili peppers, no doubt, sublime, green day, saves the day, the offspring, dave matthews band, the bouncing souls, afi, weezer, the cranberries, underoath, girl talk, say anything, daft punk, coldplay, billy talent, taking back sunday, sugarcult, the sounds, my chemical romance, incubus, angels & airwaves, the used, atmosphere, senses fail, foo fighters, 311, cat power, the white stripes, eminem, the beatles, evanescence
the cure, the smiths, massive attack, bj?rk, depeche mode, tv on the radio, radiohead, the cranberries, the smashing pumpkins, frank sinatra, nine inch nails, portishead, feist, hooverphonic, jens lekman, broken social scene, editors, the go! team, the beatles, sonic youth, pixies, slowdive, jem, tricky, cocorosie, sufjan stevens, koop, rilo kiley, the arcade fire, the postal service, snow patrol, klaxons, m83, kylie minogue, sia, death cab for cutie, madvillain, lamb, the killers, doves, pulp, stars
kanye west, mariah carey, stevie wonder, the beatles, lily allen, missy elliott, radiohead, britney spears, bob marley & the wailers, aretha franklin, alicia keys, led zeppelin, talking heads, beck, joni mitchell
children of bodom, testament, iced earth, in flames, kreator, black sabbath, queens of the stone age, megadeth, all that remains, black rebel motorcycle club, the rolling stones, sonata arctica, metallica, killswitch engage, eagles of death metal, tenacious d, kiss, muse, bloodhound gang, judas priest, creedence clearwater revival, beastie boys, mot?rhead, anthrax, the doors, dio, jimi hendrix, soilwork, flight of the conchords, arcade fire, led zeppelin
gorillaz, system of a down, dizzee rascal, pixies, the kooks, jedi mind tricks, public enemy, jay-z, the beatles, boards of canada, nas, stone temple pilots, the kinks, ludacris, elvis presley, simon & garfunkel, daft punk, the doors, stereophonics, u2, mastodon, alkaline trio, black eyed peas, coldplay
public enemy, dead kennedys, buzzcocks, iggy pop, basshunter, siouxsie and the banshees, kings of leon, eminem, pixies, sex pistols, the velvet underground, red hot chili peppers, talking heads, blondie, dr. dre, dizzee rascal, babyshambles, the stone roses, snoop dogg, scooter, mgmt, danny elfman, the jam
radiohead, elbow, foals, daft punk, animal collective, groove armada, lcd soundsystem, kings of leon, sigur rós, the cribs, vampire weekend, hot chip, boards of canada, four tet, the cinematic orchestra, interpol, the chemical brothers, simian mobile disco, minus the bear, the knife, josé gonzález, beck, frou frou, the shins, muse, klaxons, bloc party, electric six, battles, prefuse 73, calvin harris, fleet foxes, britney spears, aphex twin, justice, the beach boys, mr. scruff, the smiths, sufjan stevens, my bloody valentine, air, regina spektor
all time low, kelly clarkson, simple plan, jennifer lopez, ashlee simpson, madonna, leona lewis, duffy, the veronicas, cobra starship, jordin sparks, the ting tings
of montreal, sufjan stevens, andrew bird, belle and sebastian, tokyo police club
miles davis, the byrds, kraftwerk, massive attack, joni mitchell
amy winehouse, ne-yo, rihanna, cascada, beyoncé, mariah carey, janet jackson, jordin sparks, fergie, akon, chris brown, nelly furtado, gwen stefani, justin timberlake, hilary duff, avril lavigne, leona lewis, kelly clarkson
nirvana, the rolling stones, the doors, evanescence, bob dylan, ska-p
a perfect circle, rage against the machine, riverside, arctic monkeys, godsmack, marilyn manson, coma, velvet revolver, chris cornell, muse, dream theater, tori amos, paradise lost, the raconteurs, serj tankian, metallica, black sabbath, ozzy osbourne, guns n roses, the white stripes, disturbed, the smashing pumpkins, franz ferdinand, soundgarden, nine inch nails, morcheeba, nelly furtado, queens of the stone age
snow patrol, dashboard confessional, david gray, damien rice, ray lamontagne, the killers, jimmy eat world, nada surf, bruce springsteen, linkin park, massive attack, the smashing pumpkins, death cab for cutie, broken social scene, faithless, coldplay, 30 seconds to mars, blink-182, bob dylan, eddie vedder, r?yksopp, the fray, my chemical romance, oasis, the streets, gavin degraw, tool, the cure, enigma, keane
razorlight, kylie minogue, keane, george michael, mika, yann tiersen, blur, robbie williams, madonna, badly drawn boy, oasis, supergrass, girls aloud, coldplay, lady gaga, michael bublé, james blunt, stereophonics, kings of leon, u2, abba, mary j. blige, elton john, leona lewis, scissor sisters, kt tunstall, chris brown, hard-fi, rufus wainwright
feist, tori amos, myslovitz, placebo, radiohead, u2, norah jones, duffy, arcade fire, justin timberlake, alicia keys, the knife, depeche mode, interpol, arctic monkeys, amy winehouse, nick cave and the bad seeds, madonna, coldplay, the fray, bj?rk, ulver, damien rice, the corrs, the kooks, panic at the disco, lenny kravitz, cocorosie, red hot chili peppers, snow patrol, kanye west, leona lewis
oasis, anti-flag, einstürzende neubauten, band of horses, jens lekman, red hot chili peppers, regina spektor, alkaline trio, apoptygma berzerk, eels, daft punk, tegan and sara, 36 crazyfists, the 69 eyes, dropkick murphys, the bravery, the offspring
bloodhound gang, the offspring, koЯn, rise against, fort minor, lil wayne, coldplay, weezer, the fray, aimee mann, kylie minogue, sugababes, basshunter, katy perry
hans zimmer, the decemberists, yo la tengo, animal collective, god is an astronaut, m83, mika, rilo kiley, tenacious d, dave matthews band, johann sebastian bach, shpongle, wolfgang amadeus mozart, minus the bear, michael jackson, muse, frédéric chopin, junior boys, goo goo dolls, booka shade, prefuse 73, all that remains, flogging molly, arcade fire, the velvet underground
a day to remember, all shall perish, the dillinger escape plan, converge, ratatat, circa survive, cocorosie, the fall of troy, the black keys, antony and the johnsons, bj?rk, r?yksopp, death from above 1979, minus the bear, the shins, the knife, muse, 65daysofstatic, battles, crystal castles, parkway drive, frank zappa, the blood brothers
parkway drive, converge, heaven shall burn, as i lay dying, the black dahlia murder, iron maiden, comeback kid, bring me the horizon, all that remains, m83, god is an astronaut, isis
jimi hendrix, neil young, django reinhardt, cake, the beatles, lou reed, led zeppelin, james brown, charlie parker, nick drake, jack johnson, the white stripes, captain beefheart & his magic band, janis joplin, the doors, jurassic 5, james brown, deep purple, cream, frank zappa, nouvelle vague, tom waits, thievery corporation, nina simone, the jimi hendrix experience, tricky, jefferson airplane, pink floyd, miles davis, fleetwood mac
coheed and cambria, deftones, in flames, bloc party, killswitch engage, mastodon, bring me the horizon, lacuna coil, nine inch nails, system of a down, 36 crazyfists, the dillinger escape plan, slipknot, rammstein, atreyu, placebo, parkway drive, alexisonfire, faith no more, green day, funeral for a friend, the hives, rise against, interpol, beastie boys, foals, electric six, muse, barenaked ladies, the mars volta, gojira, kings of leon, tenacious d
miles davis, basement jaxx, boards of canada, the future sound of london, morcheeba, john coltrane, plaid, outkast, autechre, moloko, underworld, the chemical brothers, jamie cullum, beastie boys, the roots, brian eno, chet baker, the white stripes, jamiroquai, erykah badu, depeche mode, tom waits, johann sebastian bach, massive attack, asian dub foundation, gang starr, gnarls barkley, kanye west, thievery corporation
alanis morissette, the doors, ladytron, the beatles, joni mitchell, simon & garfunkel, amy winehouse, amy macdonald, regina spektor, pink floyd, john lennon, elton john, elvis presley, coldplay, jens lekman, band of horses, christina aguilera, imogen heap, feist, led zeppelin, m. ward, the white stripes, fleetwood mac, foo fighters, radiohead, ludwig van beethoven, david bowie, arctic monkeys, muse, three days grace, mew, queen, audioslave, rufus wainwright, trentem?ller, norah jones, the who, kelly clarkson, cat stevens, james morrison, guns n roses, stevie wonder, sarah mclachlan
beastie boys, outkast, kanye west, public enemy, immortal technique, mos def, cypress hill, notorious b.i.g., the ataris, the offspring, dr. dre, bob marley & the wailers, the game, dmx
the dandy warhols, snow patrol, coldplay, sia, the smashing pumpkins, pinback, depeche mode, the brian jonestown massacre, massive attack, travis, death cab for cutie, stone temple pilots, imogen heap, beck, broken social scene, stereophonics, arcade fire, radiohead, notorious b.i.g., gorillaz, linkin park, yo la tengo, the roots, tv on the radio, the cure, cat power, elliott smith, ratatat, aimee mann, kanye west
ramones, the clash, chiodos, limp bizkit, mindless self indulgence, van halen, dmx, peter gabriel, fall out boy, taking back sunday, dragonforce, iron maiden, papa roach, anthrax, michael jackson, the all-american rejects, the who, flight of the conchords, kiss, metallica, my chemical romance
the pussycat dolls, black eyed peas, akon, jay-z, mariah carey, lady gaga, ne-yo
tool, a perfect circle, chevelle, the mars volta, dredg, system of a down, dream theater, pain of salvation, deftones, opeth, riverside, godsmack, mastodon, staind, koЯn, mudvayne, anathema
modest mouse, katie melua, gorillaz, fatboy slim, nightwish, ayreon, era, simon & garfunkel, mika, beck, jem, the beatles, dropkick murphys, the killers, kamelot, tenacious d, serj tankian, coheed and cambria, turisas, judas priest, led zeppelin, the fratellis, dream theater
the cinematic orchestra, led zeppelin, nick cave and the bad seeds, wilco, radiohead, portishead, jeff buckley, queen, rush
the killers, sublime, usher, 2pac, ghostface, dmx, ne-yo, talib kweli, john legend
[iron maiden]
meshuggah, chet baker, deep purple, judas priest, steely dan, slayer, king crimson, frank zappa, the who, down, black sabbath, mot?rhead, iron maiden, slipknot, pink floyd, dio, rush, camel, dave matthews band, testament
taking back sunday, reel big fish, the hush sound, rancid, the bouncing souls, the decemberists, the clash, alkaline trio, dragonforce, matisyahu
bob marley & the wailers, gentleman, the offspring, bob marley, various artists, metallica, fischerspooner, basement jaxx, daft punk
shpongle, within temptation, sabaton, nightwish, the prodigy, iron maiden, disturbed, riverside, slipknot, pink floyd, system of a down, rammstein, metallica, papa roach, sonata arctica, drowning pool, happysad, in flames, groove coverage, enigma, atb, dope, linkin park, machine head, static-x, hans zimmer, eminem, koЯn, p.o.d., sodom, avenged sevenfold, slayer, bob marley, enya, godsmack, mudvayne, soulfly
paul van dyk, armin van buuren, delerium, atb, ti?sto, chicane, above & beyond, guano apes, r?yksopp, groove armada, scooter, linkin park, enigma, slipknot, faithless, stone sour, elvis presley, iron maiden, avantasia, disturbed, hoobastank, ladytron, blank & jones, ferry corsten, massive attack, metallica
kamelot, sonata arctica, dream theater, symphony x, dragonforce, stratovarius, disturbed
okkervil river, ryan adams, the mountain goats, tv on the radio, the national, johnny cash, tom waits, sufjan stevens, ray lamontagne, queens of the stone age, kings of leon, radiohead, sigur rós, band of horses, black rebel motorcycle club, the black keys, broken social scene, neil young, bon iver, iron & wine, neko case, dropkick murphys, mot?rhead, ani difranco, alice in chains
placebo, parov stelar, nouvelle vague, radiohead, poets of the fall, stereophonics, massive attack, the ting tings, imogen heap, muse, the kooks, linkin park, garbage, bloc party, travis, bush, kaiser chiefs, nirvana, kasabian
sum 41, limp bizkit, nirvana, metallica, the doors, bad religion, queen, manu chao, green day, incubus, the rolling stones, amy winehouse, pearl jam, apocalyptica, rage against the machine, the beatles, linkin park, the vines, the offspring, eagles of death metal, serj tankian, dire straits, audioslave, koЯn, slipknot, bob marley, bush, placebo, kiss, coldplay
jason mraz, mariah carey, michael jackson, rihanna, maroon 5, robbie williams, madonna, britney spears, spice girls, céline dion, james blunt, jennifer lopez
amy winehouse, beirut, circa survive, ladytron, regina spektor, cansei de ser sexy, architecture in helsinki, rancid, the academy is..., bright eyes, cocorosie, kings of leon, the knife, bj?rk, goldfrapp, róisín murphy, le tigre, the distillers
serge gainsbourg, ella fitzgerald, the magnetic fields, billie holiday, nina simone, the beatles, louis armstrong, the cure, pink floyd, leonard cohen
m.i.a., tori amos, animal collective, múm, nick cave and the bad seeds, santogold, placebo, max richter, radiohead, ramones, pixies, cocorosie, morcheeba, r.e.m., four tet, ella fitzgerald, the clash, mirah, the knife, bad religion, lily allen, air, nada surf
steely dan, fleetwood mac, genesis, the cinematic orchestra
the killers, the smashing pumpkins, coldplay, bon iver, depeche mode, sigur rós, radiohead, jem, bloc party, badly drawn boy, danny elfman, john frusciante, the notwist
the mars volta, damian marley, the brian jonestown massacre, the velvet underground, the beatles, boards of canada, the doors, jimi hendrix, radiohead, pink floyd, captain beefheart & his magic band, the prodigy, lcd soundsystem, james brown, rage against the machine, frank zappa, damien rice, elliott smith, primus, the roots, orbital, nirvana, dj shadow, bob marley & the wailers, high contrast, faithless
muse, radiohead, róisín murphy, rilo kiley, moloko, air, cansei de ser sexy, bj?rk, klaxons, beirut, sigur rós, josé gonzález, elliott smith, belle and sebastian, zero 7, r?yksopp, the cribs, foals, arctic monkeys, gogol bordello, pixies, editors, pink floyd, rufus wainwright, bright eyes, mgmt, the kinks
placebo, coldplay, my chemical romance, britney spears, system of a down, sonata arctica, muse, rammstein, scissor sisters, mew, billy talent, manic street preachers, the clash, the beatles, tenacious d, slipknot, bj?rk, le tigre, ramones, green day, flogging molly, joy division, tegan and sara, oomph!
foo fighters, red hot chili peppers, madonna, abba, flo rida, beyoncé, coldplay, cascada, christina aguilera, green day, bob marley, katy perry, basshunter, lady gaga, the beatles, black eyed peas, oasis, eminem, ramones
the postal service, my bloody valentine, system of a down, chris cornell, vampire weekend, the shins, nirvana, jack johnson
underworld, lcd soundsystem, bonobo, the smiths, the cinematic orchestra, supergrass, elbow, radiohead, plaid, a tribe called quest, beck, beastie boys, feist, boards of canada, dizzee rascal, common, the album leaf, j dilla, the beatles, thom yorke, tricky, massive attack, badly drawn boy, goldfrapp, calvin harris, daft punk, doves, blur
kings of convenience, enigma, him, john legend, vnv nation, nelly furtado, michael jackson, muse, lacuna coil, apoptygma berzerk, james morrison, new order, jamie cullum, simple plan
shpongle, pink floyd, grateful dead, the beatles, sublime, dave matthews band, infected mushroom, primus, frank zappa, ti?sto, the crystal method, cake
anberlin, switchfoot, muse, rise against, jason mraz, the clash, eric clapton, red.jumpsuit.apparatus, the all-american rejects, billy talent
akira yamaoka, ennio morricone, venetian snares, leonard cohen, squarepusher, flying lotus, justice
massive attack, interpol, badly drawn boy, travis, the strokes, placebo, max?mo park, the national, the streets, evanescence, arcade fire, the smiths, black rebel motorcycle club, madonna, linkin park, diana krall, johnny cash
the dresden dolls, nouvelle vague, siouxsie and the banshees, depeche mode, the cure, emilie autumn, metric, apoptygma berzerk, placebo, pj harvey, the birthday massacre, she wants revenge, new order, garbage, emilie simon, interpol, the smiths, echo & the bunnymen, joy division, the kills, bauhaus, mono
linkin park, madonna, fergie, coldplay, fatboy slim, aphex twin, calvin harris
sepultura, slayer, dimmu borgir, strapping young lad, soulfly, static-x, fear factory, kreator, rob zombie, metallica, devildriver, cannibal corpse, slipknot, machine head, anthrax, lamb of god, faith no more, pantera, mudvayne, meshuggah, koЯn, stone sour, system of a down, megadeth, testament, ministry, carcass, immortal, richard cheese
coldplay, the shins, death cab for cutie, hot hot heat, stars, circa survive, tokyo police club, the killers, oasis, m83, sufjan stevens, feist, fleet foxes, radiohead, belle and sebastian, broken social scene, snow patrol, interpol, incubus, peter bjorn and john, arctic monkeys, the beatles, the postal service, the arcade fire, red hot chili peppers, mew, modest mouse, travis, badly drawn boy, the cure, regina spektor, shout out louds, frou frou, taking back sunday, jack johnson, keane, the strokes, the subways
megadeth, kreator, death, mot?rhead, metallica, sepultura, pantera, testament, anthrax, judas priest, ac/dc, manowar, dio, vader, iron maiden, black sabbath, napalm death, tenacious d
disturbed, papa roach, metro station, all shall perish, joshua radin, goo goo dolls, b?hse onkelz, nine inch nails, a day to remember, slipknot, tegan and sara, mogwai, sonic syndicate, cute is what we aim for, the offspring, heaven shall burn, underoath, bullet for my valentine, marilyn manson, the killers, from first to last, alesana, lostprophets, rob zombie, bring me the horizon, type o negative, nickelback, brand new, combichrist, blink-182, panic at the disco
death cab for cutie, pink floyd, coldplay, city and colour, radiohead, chico buarque, a fine frenzy, rise against, funeral for a friend, foo fighters, the beach boys, muse, snow patrol, sara bareilles, pearl jam, dashboard confessional, damien rice, leona lewis, regina spektor, colbie caillat, switchfoot, the strokes, lifehouse, the academy is..., oasis, paramore, incubus, the kooks, machine head, fiona apple, panic at the disco
o.s.t.r., armin van buuren, avril lavigne, atb, the prodigy, myslovitz, burial, moby, coldplay, ferry corsten, r?yksopp, faithless, kosheen, above & beyond, creed, happysad, blank & jones, pendulum, paul van dyk, crystal castles, pid?ama porno, chicane, trentem?ller, linkin park, mgmt
moloko, hey, red hot chili peppers, radiohead, mogwai, apparat, fatboy slim, coldplay, marilyn manson, faithless, adele, u2, incubus, the prodigy, myslovitz, john frusciante, basement jaxx, télépopmusik, creed, snow patrol, air, [unknown], kult, daft punk, the kooks, imogen heap, lenny kravitz, pid?ama porno
the prodigy, marilyn manson, portishead, garbage, sting, die toten hosen, maroon 5, phil collins, [unknown], evanescence, james blunt, moby, aphex twin, michael jackson, gorillaz, die ?rzte, stevie wonder, enigma, nirvana
t.i., sufjan stevens, my morning jacket, tv on the radio, fall out boy, blink-182, hot chip, lupe fiasco, the shins, miles davis, cursive
soundtrack, mot?rhead
john mayer, frank sinatra, bob dylan, seal, portishead, christina aguilera, ennio morricone, josé gonzález
mgmt, kings of leon, daft punk, millencolin, robbie williams, the white stripes, misfits, muse, franz ferdinand, keane, lily allen, bloc party, black label society, flight of the conchords, gnarls barkley, nofx, stereophonics, the killers, the cribs, calvin harris, david gray, third eye blind
flogging molly, nofx, blind guardian, breaking benjamin, in flames, limp bizkit, hoobastank, the haunted, killswitch engage, howard shore, stevie wonder, pearl jam, the streets, django reinhardt, anberlin
neil young, elliott smith, the kinks, the beatles, the who, okkervil river, the rolling stones, modest mouse, badly drawn boy, radiohead, death cab for cutie, they might be giants, weezer, ben folds five, bob dylan, queen, david bowie, bruce springsteen, the mountain goats, ben folds, counting crows, the postal service, jimi hendrix, the police
my chemical romance, all time low, taking back sunday, enya, iron & wine, the academy is..., regina spektor, kings of leon, lifehouse, the ataris, the fray, cobra starship, panic at the disco, paramore, linkin park, escape the fate, yellowcard, 30 seconds to mars, red.jumpsuit.apparatus, bob dylan
james brown, robbie williams, moby, yann tiersen, red hot chili peppers, fatboy slim, muse, madonna, the beatles
marilyn manson, mindless self indulgence, blink-182, the cure, nine inch nails, tori amos, sublime, bad religion, atmosphere, lamb, outkast, aphex twin, green day, the offspring, the beatles, me first and the gimme gimmes, depeche mode, they might be giants, my bloody valentine, afi, taking back sunday, ludacris, beastie boys, modest mouse, pink floyd, brand new, portishead, dj shadow, a perfect circle, ben folds, nofx, garbage, eminem, minor threat, elliott smith, girl talk, bright eyes, the knife, nirvana
guided by voices, animal collective, yo la tengo, stereolab, radiohead, at the drive-in, the mars volta, sonic youth, the beatles, my bloody valentine, fugazi, t. rex, pavement, devendra banhart, david bowie, mindless self indulgence, neil young, the brian jonestown massacre, pink floyd, deerhoof, mogwai, my morning jacket, beastie boys, the flaming lips, air, the breeders
nouvelle vague, no doubt, black eyed peas, panic at the disco, queen, afi, enrique iglesias, gwen stefani, t.a.t.u.
anti-flag, queens of the stone age, atreyu, alexisonfire, kaiser chiefs, marilyn manson, seether
franz ferdinand, fall out boy, katy perry, crystal castles, coldplay, jason mraz, u2, radiohead, digitalism, arctic monkeys, duffy, foo fighters, daft punk, rammstein, the offspring
animal collective, built to spill, nirvana, deerhoof, modest mouse, belle and sebastian, dead kennedys, misfits, radiohead, the velvet underground, wilco, david bowie, cocorosie, pantera, frank zappa, serge gainsbourg, sigur rós, pixies, the smiths, they might be giants, the shins, pink floyd, bad brains, pj harvey, ramones, buzzcocks, kimya dawson, descendents, crystal castles, bob dylan
the mountain goats, sublime, joanna newsom, the weakerthans, the strokes, the decemberists, cake, robyn, the white stripes, pavement, johnny cash, billy joel, reel big fish, motion city soundtrack, paul simon, the streets, pixies, tenacious d, the rolling stones
children of bodom, helloween, blind guardian, gamma ray
rage against the machine, machine head, nine inch nails, parkway drive, metallica, a perfect circle, sonata arctica, ozzy osbourne, tool, children of bodom, the dillinger escape plan, bad religion, anti-flag, alter bridge, black label society, the hellacopters, system of a down, faith no more, iron maiden
jet, the killers, michael jackson, avril lavigne, blink-182, peter bjorn and john, benny benassi, gwen stefani, breaking benjamin, blur
the national, iron & wine, hot chip, ryan adams, arcade fire, elton john, kasabian, the shins, van morrison, david bowie, vampire weekend, beck, nick cave and the bad seeds, the knife, yeah yeah yeahs, patrick wolf, tom waits, bat for lashes, joanna newsom, animal collective
ti?sto, radiohead, the beatles, stereophonics, coldplay, led zeppelin, nelly furtado, sade, pink floyd, era, atb, sigur rós, r?yksopp, scissor sisters, placebo, blank & jones, moby, t.a.t.u., bob marley & the wailers, bj?rk, maroon 5, linkin park
bee gees, billy joel, abba, james blunt, corinne bailey rae, jem, maroon 5, elton john, mika, the beach boys, simon & garfunkel, al green, enya, marvin gaye, fleetwood mac, beck
the beatles, the strokes, the white stripes, arctic monkeys, the who, ramones, bob dylan, johnny cash, kings of leon, foo fighters, eric clapton, kiss, elvis presley, tenacious d, paramore, the rolling stones, ac/dc, guns n roses
marvin gaye, george michael, erykah badu, justin timberlake, michael bublé, sade, the pussycat dolls, amy winehouse, seal, mariah carey
theatre of tragedy, darkthrone, burzum, katatonia, schandmaul
bonobo, switchfoot, nas, death cab for cutie, common, kanye west, mogwai, coldplay, feist, tool, rage against the machine, p.o.d., fiona apple, gavin degraw, black eyed peas, akon
paul mccartney, the doors, sonic youth, the stone roses, morrissey, the velvet underground, the kinks, the who, joy division, the jesus and mary chain, stereophonics, pixies, iggy pop, the strokes, supergrass, lou reed, coldplay, echo & the bunnymen, los hermanos, radiohead, elliott smith, chico buarque, belle and sebastian, the jam, elvis costello, the cure
dropkick murphys, ensiferum, the prodigy
ne-yo, erykah badu, santogold, aretha franklin, james blunt, john mayer, miles davis
the rolling stones, the clash, sex pistols, m?tley crüe, otis redding, janis joplin, oasis
bryan adams, john mayer, the cranberries, the doors, alanis morissette, michael jackson, razorlight, oasis, avril lavigne, aerosmith
ennio morricone, afi, feist, john mayer, maroon 5, mariah carey, muse, britney spears, hans zimmer, goo goo dolls, christina aguilera, leona lewis, cake, kylie minogue, [unknown], amy winehouse, evanescence, bruce springsteen, michael bublé, pink
moby, armin van buuren, paul van dyk, various artists, aerosmith, infected mushroom, enrique iglesias, benny benassi, t.a.t.u., the chemical brothers, johann sebastian bach, shiny toy guns, david guetta, kylie minogue, michael jackson, green day, era, shakira, enigma, nelly furtado, oasis, frédéric chopin, vangelis, robbie williams
shakira, elvis presley, the police, the beatles, queen, coldplay, norah jones, james blunt, abba, joss stone, pet shop boys, alanis morissette, bob marley
sugababes, beastie boys, prince, duran duran, blur, dido, kt tunstall, avril lavigne, public enemy, fatboy slim, usher, fergie, christina aguilera, jamiroquai, a tribe called quest, black eyed peas, maroon 5, fiona apple, the who, kelly clarkson, gorillaz, madonna, mark ronson
coldplay, the mars volta, pj harvey, pink floyd, norah jones, the kooks, hey, radiohead, nouvelle vague, u2, alice in chains, beirut, nirvana, gnarls barkley, happysad, queens of the stone age, tenacious d, jefferson airplane, oasis, franz ferdinand, tom waits, the raconteurs, myslovitz, jethro tull, eddie vedder, the rolling stones, arctic monkeys, bj?rk, gentleman, lamb, the verve
johann sebastian bach, antonio vivaldi, wolfgang amadeus mozart, jennifer lopez, eminem, linkin park, avril lavigne, akon, black eyed peas
the blood brothers, the black dahlia murder, thursday, 65daysofstatic, comeback kid, a day to remember, the fall of troy
skillet, sonic syndicate, killswitch engage, serj tankian, immortal technique, dmx, sabaton, rise against, billy talent, children of bodom, linkin park, disturbed, enya, flogging molly, leona lewis, bryan adams, eminem, cascada, sonata arctica, pink, guano apes, kanye west
yann tiersen, therion, agalloch, opeth, muse, cursive, grizzly bear, burzum, kreator, strapping young lad, bloodbath, immortal, dimmu borgir, led zeppelin, in flames, scorpions, helloween
the decemberists, beirut, sufjan stevens, matisyahu, black rebel motorcycle club, new order, broken social scene, air
the kooks, carla bruni, the beatles, bon jovi, ryan adams
travis, coldplay, the cranberries, pink floyd, sheryl crow, franz ferdinand, opeth, [unknown], pink, alanis morissette, emilíana torrini, los hermanos, keane, amy winehouse, damien rice, nirvana, kt tunstall, caetano veloso, radiohead, pj harvey, the cardigans
marilyn manson, iron maiden, rihanna, the sounds, blondie, abba, nine inch nails, crystal castles, fergie, 50 cent, system of a down, garbage, katy perry, imogen heap, infected mushroom, belle and sebastian, 2pac, david guetta, groove coverage, metallica, koЯn, spice girls, underworld, lady gaga, cascada, nelly furtado, sean paul, britney spears, emilie autumn, nightwish, sonata arctica, madonna, moby, the beatles, basshunter, justin timberlake, beyoncé, gwen stefani
michael jackson, children of bodom, notorious b.i.g., ozzy osbourne, immortal, band of horses, within temptation, cradle of filth, in flames, the killers, pendulum, crystal castles, amorphis, m?tley crüe, kanye west, ladytron, new order, digitalism, hammerfall
[unknown], dir en grey, akira yamaoka, mono, schandmaul, dj krush
buckethead, bathory, the prodigy, hypocrisy, arch enemy, queen, pendulum, amon amarth, bloodbath, satyricon, finntroll, ensiferum, heaven shall burn, led zeppelin
miles davis, caetano veloso, aphex twin, bj?rk, vangelis, herbie hancock, john coltrane
the national, radiohead, soundgarden, eddie vedder, alice in chains, the notwist, portishead, bon iver, sufjan stevens, explosions in the sky, mogwai, cat power, at the drive-in, tricky, pj harvey, iron & wine, tool, soundtrack, kings of leon, faith no more, jack johnson, kyuss, emilíana torrini, massive attack, low
lamb of god, devildriver, vader, bloodbath, strapping young lad, napalm death, manowar, sepultura, at the gates, behemoth, mot?rhead, pantera, in flames, amon amarth, finntroll, arch enemy, the haunted
dropkick murphys, rammstein, red hot chili peppers, 3 doors down, rise against, sum 41, limp bizkit, bowling for soup, goldfinger, millencolin, air, they might be giants, the rasmus, papa roach, dream theater, metallica
ramones, the clash
queen, the beatles, michael jackson, led zeppelin, depeche mode, keane, the rolling stones, aerosmith, george michael, the police, m?tley crüe, ray charles
hammerfall, black sabbath, linkin park, dragonforce, metallica, creed, cradle of filth, black label society
comeback kid, god is an astronaut, minor threat
chamillionaire, the killers, okkervil river, sage francis, panic at the disco, the national, 2pac, nas, hard-fi, nelly furtado, editors, rilo kiley, a tribe called quest, eminem, lupe fiasco, the roots, outkast, fort minor, ben folds, kelly clarkson, the kooks
kult, queen, guano apes, the beatles, myslovitz, system of a down, [unknown], placebo
the offspring, p.o.d., koЯn, sum 41, fort minor, story of the year, papa roach, ill ni?o, 30 seconds to mars, three days grace, godsmack, evanescence, dropkick murphys, metallica, rise against, biffy clyro, limp bizkit, the used, gym class heroes, staind, jimi hendrix, bullet for my valentine, asian dub foundation, my chemical romance, rancid, atreyu, stereophonics, muse, led zeppelin, red.jumpsuit.apparatus
the mars volta, bad religion, tool, the beatles, nine inch nails, bonobo, beastie boys, coheed and cambria, king crimson, mastodon, the fall of troy, a perfect circle, josé gonzález, herbie hancock, amon tobin, pendulum, mr. scruff, frank zappa, koop, the doors, radiohead, the dillinger escape plan, vangelis, sigur rós, anti-flag, david bowie, riverside
caetano veloso, the beatles, diana krall, leonard cohen, tom waits, jens lekman, billie holiday, yeah yeah yeahs, radiohead, the strokes, beirut, chet baker, sufjan stevens, franz ferdinand, philip glass, the smiths, belle and sebastian, john coltrane, the magnetic fields, amy winehouse, the national, andrew bird, animal collective, elvis costello, the cardigans, t. rex, architecture in helsinki, fiona apple, of montreal, hot chip, bob dylan, ella fitzgerald, phoenix, arctic monkeys, feist, miles davis, camera obscura, tokyo police club, elvis presley, johnny cash, tv on the radio, the dresden dolls
king crimson, red hot chili peppers, frank zappa, the beatles, pink floyd, opeth, the mars volta, bob marley & the wailers, john frusciante, genesis, dr. dre, incubus, jamiroquai, buena vista social club, camel, pearl jam, led zeppelin, ramones, the flashbulb, outkast
simon & garfunkel, the beatles, belle and sebastian, ska-p, badly drawn boy, foo fighters, jack johnson, die toten hosen, cake, beck, adam green, bob dylan, buena vista social club, einstürzende neubauten, paul mccartney, fatboy slim, led zeppelin, less than jake, babyshambles, kanye west, cocorosie, the clash, deichkind, emilie simon, cypress hill, ben harper, arctic monkeys, john frusciante
disturbed, breaking benjamin, ice cube, michael jackson, kanye west, lenny kravitz, sean paul, thrice, killswitch engage, atreyu, rise against, mariah carey, as i lay dying, jedi mind tricks, the black dahlia murder, comeback kid, soilwork, in flames, enter shikari
the decemberists, bruce springsteen, dropkick murphys, the dresden dolls, a perfect circle, beastie boys, cake, tool, led zeppelin, the white stripes, kings of leon, alice in chains, tori amos, nick cave and the bad seeds, the beatles, neko case, the mountain goats, tom waits, nirvana, arcade fire, sage francis, neutral milk hotel, the doors, queens of the stone age, aesop rock, black sabbath, guns n roses, pink floyd, neil young, aphex twin, soundgarden, black rebel motorcycle club, dethklok, jimi hendrix, red hot chili peppers, the rolling stones
coldplay, michael jackson, queen, cake, joshua radin, amy macdonald, delerium, hans zimmer, hooverphonic, imogen heap, within temptation, britney spears, gorillaz, yann tiersen, anathema, scorpions
cascada, joshua radin, britney spears, rihanna, madonna, dido, avril lavigne, beyoncé, natasha bedingfield, armin van buuren, sara bareilles, shakira, enrique iglesias, atb, john mayer, poets of the fall
bowling for soup, bad religion, lupe fiasco, rancid, gym class heroes, arctic monkeys, social distortion, 2pac, the clash, the distillers, nirvana, linkin park, volbeat, nickelback, [unknown], dropkick murphys, me first and the gimme gimmes, the roots, gorillaz, skid row, the offspring, sex pistols, eminem
missy elliott, mary j. blige, reel big fish, usher, black eyed peas, outkast, nelly, sugababes, ne-yo, craig david, john legend, incubus, kanye west, janet jackson, alicia keys, rihanna, beyoncé, jamie cullum, nelly furtado, christina aguilera, jurassic 5, joss stone, santana, ludacris
enigma, cypress hill, corinne bailey rae, sade, erykah badu, mariah carey, mary j. blige, the roots, billie holiday, janet jackson, portishead
the beatles, pink floyd, bob dylan, jefferson airplane, the jimi hendrix experience, the velvet underground, the byrds, the strokes, oasis, queens of the stone age, the rolling stones, frank zappa, the who, the doors, the kooks, leonard cohen, devo, the kinks, animal collective, led zeppelin, the clash
koЯn, moby, red hot chili peppers, nickelback, franz ferdinand, slayer, the hives, the cinematic orchestra, deep purple, muse, the offspring, the kooks, fear factory, metallica, velvet revolver, queens of the stone age, arctic monkeys, the verve, slipknot, ac/dc
[morrissey]
nick cave and the bad seeds, the clash, siouxsie and the banshees, pj harvey, cansei de ser sexy, elvis presley, pixies, inxs, new order, nirvana, ladytron, the rolling stones, madonna, the fall, my bloody valentine, sonic youth, pet shop boys, sex pistols, arcade fire, ramones, lykke li, the killers, buzzcocks, devo, vampire weekend, duran duran
ludacris, mos def, rage against the machine, the prodigy, cunninlynguists, bloc party, the game, kanye west, notorious b.i.g., cypress hill, busta rhymes, eminem, kosheen, dj krush, bloodhound gang, snoop dogg, the killers, dr. dre, franz ferdinand, t.i., black eyed peas
dizzee rascal, lady gaga, pendulum, dir en grey, bloc party, fall out boy, mylo, hot chip, blink-182, enter shikari, mindless self indulgence, him, nirvana, slipknot, calvin harris
jack johnson, linkin park, machine head, nirvana, coldplay, slipknot, staind, skillet, 3 doors down, papa roach, goo goo dolls, outkast, breaking benjamin, panic at the disco, common, the all-american rejects, bon jovi
avril lavigne, 50 cent, caetano veloso, jason mraz
my chemical romance, gnarls barkley, system of a down, the white stripes, air, nickelback
nickelback, good charlotte, red.jumpsuit.apparatus, taylor swift, sum 41, linkin park, atreyu, boys like girls, jordin sparks, three days grace, the birthday massacre, avril lavigne, jimmy eat world, t.a.t.u., eminem, cascada, the fray, tarja turunen, breaking benjamin, nightwish, sugababes
down, opeth, pantera, meshuggah, deftones, katatonia, bloodbath, in flames, fear factory, dimmu borgir, nile, misfits, metallica, volbeat, heaven shall burn, anathema, pink floyd, rage against the machine, slayer, godsmack, carcass, lamb of god, black sabbath, black label society, darkthrone
flyleaf, jack johnson, madonna, mariah carey, alicia keys, good charlotte, black eyed peas, foo fighters, the beatles
katatonia, alter bridge, rammstein, ulver, my dying bride, dark tranquillity, pink floyd, eminem, metallica, mudvayne, vnv nation, deathstars, isis, creed, nick drake, anathema, lacuna coil, muse, system of a down, apoptygma berzerk, marilyn manson, the album leaf, black label society, opeth, tenacious d, the 69 eyes, john lennon
the black keys, mirah, radiohead, against me!, the beatles, alkaline trio, beck, clap your hands say yeah, iron & wine, m. ward, minus the bear, pavement, sublime, devendra banhart, the books, nofx, explosions in the sky, dropkick murphys
autechre, the dillinger escape plan, converge, nile, j dilla, mastodon, plaid, squarepusher, aphex twin, common, aesop rock, the notwist, ghostface
tori amos, jack johnson, frédéric chopin, norah jones, coldplay, the cardigans, pink martini, madonna, portishead, pink floyd, regina spektor, ella fitzgerald, travis, hooverphonic, róisín murphy, massive attack, placebo, bj?rk, the cranberries, jamiroquai, muse, alanis morissette, bloc party, franz ferdinand, the corrs, sting, john legend
corinne bailey rae, common, the roots, lupe fiasco, kt tunstall, alicia keys, john legend, jennifer lopez, rihanna, a tribe called quest, gym class heroes, kanye west, duffy
the beatles, system of a down, slipknot, portishead, depeche mode, sigur rós, buckethead, metallica, red hot chili peppers, jamiroquai, serj tankian, nirvana, black sabbath, underoath
marilyn manson, static-x, sum 41, dope, godsmack, nine inch nails, the offspring, papa roach, foo fighters, breaking benjamin, drowning pool, nickelback, three days grace, evanescence, ac/dc, pain, slipknot, green day, nightwish, megadeth, koЯn, m?tley crüe
chris cornell, amy winehouse, arctic monkeys, green day, dave matthews band, kt tunstall, death cab for cutie, the killers, radiohead, kylie minogue, madonna, queens of the stone age, iron & wine, garbage, travis, scissor sisters, nirvana, maroon 5, metallica, michael jackson, pearl jam, robbie williams, me first and the gimme gimmes, the postal service, interpol
modest mouse, andrew bird, tom waits, band of horses, the smiths, the knife, radiohead, beck, bj?rk, aesop rock, minus the bear, bad brains, the arcade fire, the breeders, clap your hands say yeah, dj shadow, fugazi, the shins, elliott smith, the clash, built to spill, the decemberists, neutral milk hotel, okkervil river, nofx, animal collective, broken social scene, refused, tv on the radio, portishead, pavement, the notwist, belle and sebastian, spoon, cat power, the herbaliser, the jesus and mary chain, the libertines
sting, eric clapton, the beatles, louis armstrong, the police, bob marley
the prodigy, the pipettes, eminem, infected mushroom, pink, fatboy slim, daft punk, sugababes, venetian snares, robbie williams, brian eno, kimya dawson, sia, linkin park, mirah, the flashbulb, the postal service, emilíana torrini, miley cyrus, michael jackson, autechre, faithless
against me!, the mountain goats, alkaline trio, bright eyes, the weakerthans, the clash, the bouncing souls, cursive, bruce springsteen, fugazi, the get up kids, death cab for cutie
nirvana, velvet revolver, ac/dc, the beatles, the police, ramones, ozzy osbourne, green day, red hot chili peppers, aerosmith, guns n roses, john lennon, stratovarius, sex pistols, radiohead, oasis, marilyn manson, u2, alanis morissette, the offspring, manic street preachers, the doors, coldplay, r.e.m., blondie, foo fighters, the clash, alice cooper, metallica
scooter, daft punk, pendulum, infected mushroom, dj shadow, gorillaz, kmfdm, kraftwerk, nightwish, basshunter, megadeth, vnv nation, the prodigy, fear factory, delerium, sonata arctica, marilyn manson, kamelot, benny benassi, franz ferdinand, rob zombie, beastie boys
yann tiersen, paramore, the veronicas, the gossip, muse, lily allen, miley cyrus, mika, nelly furtado, metro station, kylie minogue, lady gaga, lykke li, britney spears, duffy, good charlotte
interpol, the strokes, the shins, crystal castles, the beatles, kings of leon, the smiths, fleet foxes, daft punk, elliott smith, yeah yeah yeahs, coldplay, mgmt, radiohead, arctic monkeys, the velvet underground, cansei de ser sexy, justice, gorillaz, franz ferdinand, devendra banhart, the white stripes, m.i.a., digitalism, the national, placebo, the dresden dolls, clap your hands say yeah, édith piaf, bloc party, the cure, deerhunter, amy winehouse, animal collective, belle and sebastian, the flaming lips, the doors, spoon, pixies, keane, tv on the radio, buzzcocks, le tigre, ramones
die ?rzte, the kooks, b?hse onkelz, farin urlaub, turbonegro, u2, the subways, roxette, johnny cash, clueso, mando diao, bloodhound gang, blink-182, bryan adams, oasis
gang starr, the roots, talib kweli, jay-z, 2pac, mobb deep, j dilla, snoop dogg, cunninlynguists, notorious b.i.g., busta rhymes, atmosphere, mos def
david bowie, the chemical brothers, combichrist
the cure, janis joplin, pink martini, ella fitzgerald, damien rice, frank sinatra, feist, pink floyd, eels, bj?rk, dave matthews band, elvis presley, miles davis, tom waits, robbie williams, leonard cohen, elliott smith, louis armstrong, belle and sebastian, billie holiday, bright eyes, the strokes, bob marley, diana krall, the cardigans, camera obscura, king crimson, george michael, radiohead
skid row, scorpions, ac/dc, deep purple, guns n roses, iron maiden, dio, lynyrd skynyrd, fleetwood mac, jet, supertramp, led zeppelin, bon jovi, van halen, nickelback, rush, journey, kiss, def leppard, velvet revolver, nightwish, judas priest, ozzy osbourne, black sabbath, edguy, aerosmith, gavin degraw, m?tley crüe, thin lizzy, black label society, hammerfall, eagles, bryan adams, manowar, metallica, stone temple pilots, toto
the cure, depeche mode, pink floyd, pixies, mogwai, she wants revenge, radiohead, pearl jam, interpol, bloc party, pavement, placebo, iamx, pj harvey, red hot chili peppers, editors, the stone roses, franz ferdinand, snow patrol, nirvana, arctic monkeys, stereophonics, dj shadow, a perfect circle, blur, coldplay, soundtrack, massive attack, tortoise, death cab for cutie, manic street preachers, new order, alice in chains
dave matthews band, ella fitzgerald, ray charles, frank sinatra, diana krall, louis armstrong, aimee mann, billie holiday, led zeppelin, rush, they might be giants, jethro tull, talking heads, depeche mode, dead can dance, vangelis, blur
rush, toto, queen, journey, riverside, u2, marillion, katy perry, porcupine tree, bruce springsteen, faith no more, opeth, aerosmith, lenny kravitz, dream theater, nickelback, abba, dave matthews band, pain of salvation
radiohead, the fall of troy, sonic youth, fugazi, minus the bear, the dillinger escape plan
mos def, kanye west, lil wayne, 2pac, t.i., ludacris, notorious b.i.g., bob marley & the wailers, the game, busta rhymes, tricky, the doors, nas, jay-z
franz ferdinand, placebo, the cardigans, richard cheese, slayer, ben folds, the killers, billy talent, beck, iron maiden, cake, rammstein, kent, green day, eagles of death metal, rufus wainwright, the white stripes, bad religion, gnarls barkley, mastodon
ray charles, the beatles
the get up kids, less than jake, rage against the machine, blink-182, millencolin, pennywise, ghostface, the killers, ramones, common
tom waits, bj?rk, philip glass, wolfgang amadeus mozart, john coltrane, ani difranco, electric light orchestra, dire straits, the cure, the police, pink floyd, herbie hancock, yo la tengo, howard shore, sting, ennio morricone, ice cube, nina simone, antonio vivaldi, portishead, ludwig van beethoven, frédéric chopin, ella fitzgerald, johann sebastian bach, elton john, squarepusher, aretha franklin, prince, lamb, tori amos
boys like girls, angels & airwaves, snow patrol, fall out boy, placebo, 30 seconds to mars, the veronicas, jimmy eat world, the academy is..., cute is what we aim for, something corporate, britney spears, the all-american rejects, lifehouse, blink-182, bright eyes, 44, hellogoodbye, fort minor, damien rice, michael bublé
bob dylan, van morrison, bruce springsteen, the rolling stones, dead can dance, ryan adams, queen, neko case, pink floyd, leonard cohen, joni mitchell, bonnie prince billy, neil young, johnny cash, snow patrol
morphine, miles davis, charlie parker, andrew bird, the faint, richard cheese, the clash, joy division, she wants revenge, thievery corporation, death from above 1979, nouvelle vague, dead kennedys, john coltrane, the cinematic orchestra, einstürzende neubauten, koop, django reinhardt, the chemical brothers
dir en grey, t.a.t.u., evanescence, avril lavigne, the rasmus
system of a down, the pussycat dolls, paramore, sum 41, justin timberlake, eminem, papa roach, p.o.d., timbaland, kanye west, drowning pool, ne-yo, the killers, r.e.m., imogen heap, basshunter, slipknot, jason mraz
the rolling stones, jamiroquai, the fratellis, bob marley & the wailers, ramones, david bowie, led zeppelin, the kinks, the beatles, the flaming lips, jimi hendrix, the who, pixies, franz ferdinand, r.e.m., stereolab, creedence clearwater revival, nina simone, pink floyd, the clash, lenny kravitz, jefferson airplane, pink martini, the specials, ben harper, massive attack, belle and sebastian, johnny cash, blur, eric clapton, the doors, aretha franklin, u2
the libertines, pixies, radiohead, the beatles, cat power, sonic youth, tv on the radio, my bloody valentine, foals, mgmt, nick cave and the bad seeds, arctic monkeys, klaxons, the velvet underground, captain beefheart & his magic band, joy division, patrick wolf, bloc party, the smiths, leonard cohen, bat for lashes, animal collective, the brian jonestown massacre, justice, the presets, cocorosie, brian eno, sufjan stevens, the jesus and mary chain, franz ferdinand, tom waits, the breeders
combichrist, vnv nation, benny benassi, [unknown], rammstein, nightwish, cradle of filth, scooter
kent, porcupine tree, kaiser chiefs, strapping young lad, ulver, die apokalyptischen reiter, pink floyd, manic street preachers, muse, kyuss, fleetwood mac, morphine, modest mouse, explosions in the sky, queensr?che, opeth, a fine frenzy, queen, t. rex, ayreon, gojira, godspeed you! black emperor, nine inch nails, judas priest, gorillaz, queens of the stone age, the beatles
cradle of filth, slayer, dir en grey, disturbed, hatebreed, cannibal corpse, norther, slipknot, in flames, dope, limp bizkit, megadeth, sepultura, rage against the machine, all that remains, koЯn, ac/dc, rammstein, caliban, rise against, kreator, hypocrisy, ill ni?o, soilwork, trivium
katy perry, lily allen, my chemical romance, the veronicas, papa roach, linkin park, kelly clarkson, good charlotte, lady gaga, rihanna, christina aguilera, hilary duff, t.a.t.u., britney spears, avril lavigne, the pussycat dolls, the rasmus, 30 seconds to mars, no doubt, madonna, leona lewis, mika, sugababes, myslovitz, beyoncé, natasha bedingfield, evanescence, fergie, nelly furtado, queen, ashlee simpson, craig david, roxette
rage against the machine, they might be giants, pink floyd, rob zombie, sum 41, basshunter, rammstein, aphex twin, the chemical brothers, jimi hendrix, massive attack, tool, franz ferdinand, electric six, nine inch nails, 3 doors down
erykah badu, jack johnson, bob marley & the wailers, frank sinatra, nouvelle vague, norah jones, billie holiday, air, marvin gaye, pink martini, amy winehouse, télépopmusik, various artists, mr. scruff
anberlin, coldplay, keane, the shins, fall out boy, nickelback, funeral for a friend, lifehouse, flogging molly, lostprophets, something corporate, rammstein
sufjan stevens, jason mraz, deftones, neil young, senses fail, the beatles, colbie caillat, jack johnson, taylor swift, flight of the conchords, of montreal, 50 cent, elliott smith, andrew bird, dashboard confessional, the rolling stones, ben folds, regina spektor, led zeppelin, arcade fire, the beach boys, rufus wainwright, dave matthews band, radiohead, taking back sunday, interpol, beck, michael bublé
deep purple, diana krall, alice cooper, pink floyd, the beatles, bob marley, jethro tull, led zeppelin, david bowie, dire straits, jimi hendrix, van halen, van morrison, john lennon, the corrs, the offspring, maroon 5, ac/dc, the rolling stones
blink-182, him, katatonia, kent, emilie autumn, sonic syndicate, the rasmus, sum 41, linkin park, h?kan hellstr?m, simple plan, metro station, static-x, christina aguilera, avril lavigne, from first to last, skillet, rise against, volbeat, green day, the pussycat dolls, silverstein, the used
the rasmus, stratovarius, the bravery, sum 41, evanescence, my chemical romance, all time low, sting, cobra starship, nofx, rise against, red.jumpsuit.apparatus, t.a.t.u., blank & jones
megadeth, slayer, judas priest, kreator, helloween, death, symphony x, iron maiden, bon jovi, hammerfall, opeth, nightwish
tiamat, paradise lost, my dying bride, die apokalyptischen reiter, manowar, lacrimosa, wolfgang amadeus mozart, burzum, samael
flying lotus, common, j dilla, jamiroquai, the roots, mos def, miles davis, amy winehouse, a tribe called quest
jem, timbaland, akon, creed, amy winehouse, colbie caillat, alicia keys, onerepublic, goo goo dolls, hans zimmer, relient k, 3 doors down, gwen stefani, blink-182, regina spektor, bruce springsteen, jordin sparks
oasis, architecture in helsinki, arctic monkeys, interpol, blink-182, ok go, editors, my chemical romance, the kooks, snow patrol, the killers, the bravery, enter shikari, escape the fate, the verve, paramore, the cribs, feeder, silverstein, green day, franz ferdinand, jimmy eat world, radiohead, keane
placebo, the cure, pain, depeche mode, nine inch nails, vnv nation, the smashing pumpkins, bauhaus, oomph!, the sisters of mercy, pearl jam, garbage, the verve, aerosmith, tiamat, delerium, slayer
rihanna, sugababes, kelly clarkson, girls aloud, britney spears, christina aguilera, ne-yo, beyoncé, fall out boy, the killers, the pussycat dolls, nelly, cascada, gwen stefani, akon, avril lavigne, chris brown, the fray, kanye west, fergie, pink, leona lewis
the beatles, bob dylan, john lennon, coldplay, kent, johnny cash, david bowie, mando diao, arcade fire, manu chao, paolo nutini, the doors, franz ferdinand, red hot chili peppers, neil young, leonard cohen, nirvana, lou reed, timbaland, the rolling stones, serge gainsbourg, ryan adams
disturbed, kamelot, soilwork, pain of salvation, scar symmetry, muse, ayreon, system of a down, anathema, nightwish, opeth, in flames, blackfield, evanescence, deep purple, lamb of god, buckethead
nightwish, blind guardian, edguy, evanescence, sabaton, system of a down, andrew lloyd webber, dark tranquillity, symphony x, koЯn, the cure, him, coheed and cambria, cradle of filth, avantasia, breaking benjamin, siouxsie and the banshees, m?tley crüe
j dilla, flying lotus, madlib, ghostface, venetian snares, squarepusher, prefuse 73, de la soul
billie holiday, notorious b.i.g., ella fitzgerald, outkast, de-phazz, 2pac, booka shade, nina simone, lil wayne
dream theater, evanescence, samael, napalm death, death, dir en grey, carcass, type o negative
girls aloud, céline dion, kylie minogue, johnny cash, lady gaga, katie melua, a fine frenzy, avril lavigne, the beatles, duffy, kelly clarkson, christina aguilera, britney spears, queen, elton john, enrique iglesias, beyoncé, enya, madonna, abba
paul van dyk, coldplay, armin van buuren, linkin park, muse, arctic monkeys, lifehouse, keane, bloc party, 30 seconds to mars, massive attack, the killers
silverchair, placebo, kent, coheed and cambria, queen, avenged sevenfold, nirvana, disturbed, biffy clyro, my chemical romance, the smiths, him, the used, mgmt, kings of leon, afi, the beatles, the cure, fall out boy, foo fighters, the killers, oasis, band of horses, paramore
madonna, the ting tings, kate bush, abba, elton john, céline dion, blank & jones, roxette, pet shop boys, duffy, mike oldfield
radiohead, mogwai, modest mouse, m83, tv on the radio, the beatles, the national, bloc party, architecture in helsinki, arcade fire, neutral milk hotel, clap your hands say yeah, tokyo police club, of montreal, the decemberists, muse, yeah yeah yeahs, death cab for cutie, gnarls barkley, wilco, múm, beirut, shiny toy guns, the shins, weezer, tegan and sara, brand new, thom yorke, ok go, blonde redhead, beck, coldplay, the rapture, m. ward, girl talk
the birthday massacre, staind, pain, dark tranquillity, pearl jam, sentenced, soilwork, ill ni?o, 30 seconds to mars, mindless self indulgence, killswitch engage, evanescence, angels & airwaves, my chemical romance, bullet for my valentine, lostprophets, lacuna coil, the 69 eyes, escape the fate, the doors, deathstars, heaven shall burn, machine head, creed
tom waits, sufjan stevens, simon & garfunkel, cat power, broken social scene, iron & wine, neko case, feist, neutral milk hotel, okkervil river, beck, joanna newsom, the shins, nick drake, elliott smith, the magnetic fields, pixies, bonnie prince billy, the decemberists, arcade fire, aimee mann, devendra banhart, bright eyes, m. ward, portishead, radiohead, andrew bird, belle and sebastian, ryan adams, édith piaf, regina spektor, rilo kiley, spoon, rufus wainwright, bloc party, the smiths, jeff buckley, leonard cohen
afi, brand new, bright eyes, jimmy eat world, fall out boy, radiohead, biffy clyro, funeral for a friend, say anything, thursday, snow patrol, cursive, weezer, anti-flag, rilo kiley, alexisonfire, thrice, the offspring, finch, refused, foals, lostprophets, nine inch nails, queens of the stone age, something corporate, bowling for soup
johnny cash, the beatles, jack johnson, calvin harris, cat stevens, kings of convenience, the whitest boy alive, aretha franklin, neil young, sia, bob dylan, camera obscura, adam green, belle and sebastian, bonnie prince billy
squarepusher, charlie parker, john coltrane, jamiroquai
the white stripes, fall out boy, the decemberists, the strokes, the killers, death cab for cutie, nine inch nails, the cure, interpol, the new pornographers, the raveonettes, max?mo park, black eyed peas, beastie boys, gwen stefani, green day, camera obscura, neutral milk hotel, arcade fire, the beatles, massive attack, pink floyd, siouxsie and the banshees, the last shadow puppets, audioslave, blink-182, the hives, soundgarden, spoon, no doubt, def leppard, groove armada, kings of leon, dead kennedys, the rolling stones, madvillain, kt tunstall, billy joel, kanye west, modest mouse, kelly clarkson, neko case, u2
nine inch nails, muse, alice in chains, system of a down, radiohead, soundgarden, nirvana, koЯn, rammstein, mindless self indulgence, the prodigy, david guetta, justin timberlake, audioslave, daft punk, depeche mode, nelly furtado, outkast, coldplay, paul van dyk, placebo, rage against the machine, tool, aerosmith, him, godsmack, bon jovi, limp bizkit, led zeppelin, velvet revolver, linkin park, creed, alanis morissette, gnarls barkley, incubus, pearl jam, stone temple pilots, apoptygma berzerk, blink-182, fergie
paramore, bring me the horizon, snow patrol, placebo, underoath, from first to last, alesana, the smashing pumpkins
kamelot, cradle of filth, in flames, amorphis, children of bodom, finntroll, sentenced, sonata arctica, buckethead, soilwork, slipknot, ensiferum, slayer, heaven shall burn, opeth, dimmu borgir, bloodbath, dark tranquillity, all that remains, trivium, dethklok, moonspell, pantera, lamb of god, the black dahlia murder, metallica, hypocrisy, norther, as i lay dying, apocalyptica, bullet for my valentine, death, arch enemy, caliban, scar symmetry, nile
nirvana, elvis presley, the doors, bj?rk, the beatles, bob marley, marilyn manson, portishead, black sabbath, system of a down, my morning jacket, the white stripes, red hot chili peppers, the hives, apocalyptica, koЯn, devendra banhart, franz ferdinand, coldplay, muse, blink-182, the verve, the national, morcheeba
moonspell, samael, david guetta, lacuna coil, norah jones, the cranberries, evanescence, iron maiden, tristania
schandmaul, in extremo, [unknown], him, linkin park, peter fox, franz ferdinand, michael jackson, rihanna, scorpions, rammstein, scooter, nickelback, oomph!, farin urlaub, amy winehouse, duffy, mika, james blunt, the chemical brothers, me first and the gimme gimmes, cascada, nelly furtado, kanye west, david guetta, maroon 5, sugababes, madonna, deichkind, alicia keys, britney spears, leona lewis
depeche mode, tori amos, red hot chili peppers, nouvelle vague, sting, robbie williams, bj?rk, alanis morissette, r?yksopp, madonna, the gathering, atb, alicia keys, bruce springsteen, pink floyd, michael jackson, george michael, green day, snow patrol, de-phazz, nelly furtado, franz ferdinand, matisyahu, foo fighters, kaiser chiefs, scissor sisters, muse, placebo, peter gabriel, lenny kravitz, oasis, manu chao, 30 seconds to mars, air, feist, kylie minogue, the fratellis, kate bush
die ?rzte, blink-182, sum 41, die toten hosen, him, linkin park, ac/dc, the offspring, system of a down
30 seconds to mars, nine inch nails, a perfect circle, 36 crazyfists, dope, as i lay dying, deftones, flyleaf, adema, a tribe called quest, atreyu, limp bizkit, the verve, radiohead, saosin, chevelle, linkin park, cunninlynguists, snoop dogg, [unknown], panic! at the disco, cypress hill
ti?sto, armin van buuren, good charlotte, paul van dyk, chicane, 30 seconds to mars, kelly clarkson, limp bizkit, papa roach
napalm death, scar symmetry, bloodbath, paradise lost, at the gates, behemoth, my dying bride, anathema, slayer, cannibal corpse, amon amarth
christina aguilera, kelly clarkson, katy perry, maroon 5, britney spears
pink floyd, van halen, queens of the stone age, queen, abba, billy joel, nas, iron maiden, sublime, daft punk, rammstein, santana, stone temple pilots, guns n roses, coldplay, inxs, the offspring, nirvana, gorillaz, interpol, the mars volta, bob marley, chevelle, pantera, linkin park, soundgarden, avenged sevenfold, jimi hendrix
porcupine tree, jeff buckley, stone temple pilots, toto, jimi hendrix, dream theater, andrew lloyd webber, portishead, angra, the beatles, led zeppelin, iron maiden, red hot chili peppers, blondie, alice in chains, pearl jam, queens of the stone age, alanis morissette, michael jackson, deep purple, elton john, king crimson, miles davis, ennio morricone, pink floyd, oasis
thievery corporation, blur, soundtrack, moloko, the chemical brothers, múm, r?yksopp, groove armada, the strokes, radiohead, beirut, cocorosie, thomas newman, lamb, the cinematic orchestra, goldfrapp, patrick wolf, hooverphonic, faithless, massive attack, kosheen, bj?rk, portishead, feist, télépopmusik, air, joanna newsom, cat power, moby, sneaker pimps, devendra banhart, mirah
tom waits, the white stripes, einstürzende neubauten, new order, interpol, the magnetic fields, danny elfman, sigur rós, animal collective, arcade fire, david bowie, the velvet underground, lou reed, kraftwerk, bauhaus, echo & the bunnymen, antony and the johnsons, the knife, the specials, siouxsie and the banshees, beirut
bob marley, the kinks, okkervil river, the white stripes, bruce springsteen, tom waits, arcade fire, john lennon, calexico, echo & the bunnymen, cat stevens, dinosaur jr.
the prodigy, depeche mode, placebo, nelly furtado, roxette, enrique iglesias, george michael, amy winehouse, the killers, frank sinatra, moby, bee gees, madonna, michael jackson, radiohead, hooverphonic, him, muse, katy perry, garbage
converge, sonic youth, melvins, isis, napalm death, bloodbath, mastodon, the dillinger escape plan, darkthrone, bad brains, ulver, joy division, opeth, the blood brothers, gogol bordello
high contrast, trentem?ller, the cinematic orchestra
beirut, the books, the notwist, max richter, édith piaf, tortoise, junior boys
deftones, the beatles, sigur rós, devendra banhart, bob marley & the wailers, pink floyd, aphex twin, killswitch engage, sublime, bob dylan, dr. dre, howard shore, ben harper, rage against the machine, richard cheese, rancid, the who
slayer, carcass, kyuss, guano apes, sodom, kreator, sepultura, testament, godsmack, cannibal corpse, down, serj tankian, moonspell, tool
justin timberlake, céline dion, colbie caillat, backstreet boys, janet jackson, avril lavigne, onerepublic, mariah carey, amy winehouse, timbaland, fergie, enrique iglesias, los hermanos, snow patrol, elvis presley, bj?rk, leona lewis, ryan adams, jennifer lopez, shakira, sara bareilles, nickelback, scorpions, maroon 5, switchfoot, after forever, nelly furtado, 30 seconds to mars, black eyed peas, gwen stefani
nick cave and the bad seeds, einstürzende neubauten, the smiths, joy division, bauhaus, echo & the bunnymen, sonic youth, arctic monkeys, pixies, siouxsie and the banshees, franz ferdinand, wolfgang amadeus mozart, johann sebastian bach, the fall, yeah yeah yeahs, antonio vivaldi, the cure, ramones, blonde redhead, arcade fire, frédéric chopin, amy winehouse, ludwig van beethoven, the white stripes, emilie autumn, pj harvey, david bowie
slayer, stratovarius, lordi, angra, kamelot, samael, ensiferum, symphony x, the gathering, sirenia, gamma ray, dark tranquillity, helloween, sonata arctica, guns n roses, megadeth, norther
philip glass, portishead, sigur rós, air, vangelis, soundtrack, depeche mode, patrick wolf, kylie minogue, david guetta, r?yksopp, aphex twin, the cranberries, regina spektor, gotan project, muse, robbie williams, wolfgang amadeus mozart, clint mansell, johann sebastian bach, snow patrol, madonna
u2, modest mouse, radiohead, thievery corporation, jack johnson, nine inch nails, sigur rós, bj?rk, the cure, placebo, brian eno, paul oakenfold, massive attack, david gray, led zeppelin, r?yksopp, siouxsie and the banshees, bob marley & the wailers, my morning jacket, aphex twin, the chemical brothers, trentem?ller, frank sinatra, wilco, air, broken social scene, tricky, keane, beck, arcade fire, ella fitzgerald, the flaming lips, interpol, the white stripes, the beatles, sufjan stevens, the clash, the killers
katatonia, judas priest, sentenced, paradise lost, iced earth, blind guardian, bruce springsteen, in flames, amorphis, cradle of filth, dave matthews band, kreator, dark tranquillity, iron maiden, u2, helloween, agalloch, ac/dc, finntroll, pain, children of bodom, trivium, rammstein, arch enemy, devildriver, queen, metallica, tiamat, immortal, anathema
the smiths, the magnetic fields, wilco, the cure, the rolling stones, depeche mode, u2, basement jaxx, the clash, david bowie, bj?rk, morrissey, arcade fire, brian eno, lcd soundsystem, billie holiday, miles davis, bob dylan, the beach boys, prince, the beatles, the jam, the bravery, interpol, joy division, blonde redhead, the kinks, bob marley & the wailers, sonic youth, ella fitzgerald, coldplay, bright eyes, new order, sufjan stevens, modest mouse, animal collective, elvis costello, the who, badly drawn boy, four tet
dragonforce, cascada, lady gaga, the prodigy, linkin park, groove coverage, eminem, basshunter, katy perry, rise against, ti?sto, bullet for my valentine
autechre, animal collective, boards of canada, sage francis, venetian snares, aphex twin, max richter, m83, slowdive, squarepusher, arcade fire, the cinematic orchestra
toto, maria mena, porcupine tree, pearl jam, eddie vedder, dream theater, norah jones, kings of leon, ben harper, emilie simon, seeed, pink floyd, kt tunstall, led zeppelin
motion city soundtrack, alexisonfire, the killers, cobra starship, breaking benjamin, panic at the disco, lostprophets, the academy is...
say anything, all time low, chiodos, taking back sunday, dashboard confessional, jimmy eat world, funeral for a friend
taking back sunday, lostprophets, klaxons, panic! at the disco, circa survive, a perfect circle
sonic syndicate, my chemical romance, the used, escape the fate, alesana, breaking benjamin, soilwork, lostprophets, simple plan, alexisonfire, finch, billy talent, papa roach, silverstein, system of a down, all that remains, underoath, from first to last, linkin park, bullet for my valentine, slipknot, static-x, 30 seconds to mars, limp bizkit, chiodos, enter shikari
tool, nirvana, black sabbath, placebo, the beatles, jethro tull, counting crows, muse, jimi hendrix, gorillaz, blonde redhead, the rolling stones, grateful dead, radiohead, the strokes, u2, jefferson airplane, rammstein, loreena mckennitt, the who, the doors, bob marley, norah jones, red hot chili peppers, sepultura, the white stripes
air, serge gainsbourg, tosca, the chemical brothers, the future sound of london, underworld, orbital, the herbaliser, goldfrapp, portishead, ladytron, the crystal method, joy division, the prodigy, mr. scruff, massive attack, fatboy slim, aphex twin
the cardigans, blonde redhead, amy macdonald, the killers, the shins, the cranberries, coldplay, nightwish, tegan and sara, avril lavigne, nada surf, placebo, the strokes, green day, him, arctic monkeys, razorlight, manic street preachers, rise against, regina spektor, the birthday massacre, max?mo park
oasis, stereophonics, the offspring, alice in chains, stone temple pilots, rage against the machine, kyuss, dire straits, u2, queens of the stone age, nine inch nails, metallica, soundgarden, reel big fish, deftones, maroon 5, guns n roses, the smashing pumpkins, imogen heap, pearl jam, the kooks, limp bizkit, aerosmith, koЯn, rammstein, blink-182, guano apes, tool, avril lavigne, cake, inxs, matchbox twenty, chris cornell, sting, pantera
lagwagon, billy talent, the rasmus, my chemical romance, nickelback, nofx, less than jake, avril lavigne, adema, alanis morissette, guano apes, enya, metallica
bright eyes, underoath, comeback kid, kings of leon, parkway drive, say anything, cute is what we aim for, chiodos, hot hot heat, enter shikari, kanye west, afi, the academy is..., fall out boy, blink-182, saosin, coldplay, rise against, anti-flag, johnny cash, anberlin
blur, kaiser chiefs, the wombats, the jam, the clash, the beatles, the pigeon detectives, buzzcocks, max?mo park, the cribs, hard-fi, arctic monkeys, oasis, the smiths, morrissey, the cure, kate nash, bloc party, the pipettes, dirty pretty things
the chemical brothers, incubus, portishead, de-phazz, jack johnson, asian dub foundation
bon jovi, bryan adams, genesis, red hot chili peppers, mike oldfield
manowar, nightwish, edguy, dragonforce, in extremo, hammerfall, bullet for my valentine, iron maiden, mot?rhead, evanescence, blind guardian, lordi, judas priest, die apokalyptischen reiter, sonata arctica, nickelback, ac/dc, def leppard, [unknown], eluveitie, black sabbath, rhapsody of fire, sentenced
enter shikari, fall out boy, 30 seconds to mars, taking back sunday, paramore, new found glory, billy talent, pendulum, the all-american rejects, cute is what we aim for, my chemical romance, bring me the horizon, hellogoodbye, 44, snow patrol, the used, mika, the postal service, klaxons, bloc party, good charlotte, no doubt, bloodhound gang, the fray, placebo, arctic monkeys, t.i., alexisonfire, rancid, gym class heroes, gwen stefani, chiodos, the killers, kanye west, the prodigy, rise against, simple plan, 50 cent
amon tobin, broken social scene, thievery corporation, animal collective, bonobo, prefuse 73, my bloody valentine, tricky, pixies, nirvana, radiohead
buzzcocks, lou reed, bob marley, the rolling stones, razorlight, the strokes, the velvet underground, the kooks, reel big fish, janis joplin, the beach boys, jimi hendrix, coldplay, pink floyd, jeff buckley, the libertines, buena vista social club, elvis presley, the kinks
the dillinger escape plan, alexisonfire, coheed and cambria, system of a down, pink floyd, killswitch engage, rammstein, buckethead, radiohead, the cure, all that remains, opeth, blink-182, cradle of filth, the mars volta, him, muse, ill ni?o, alice in chains, dredg, soilwork, strapping young lad, the beatles, caliban, enter shikari, apocalyptica, atreyu, meshuggah, mastodon, 36 crazyfists, dethklok, koЯn
the clash, bruce springsteen, johnny cash, dead kennedys, rancid, david bowie, rilo kiley, ramones
hot chip, bj?rk, elvis costello, gorillaz, portishead, elliott smith, the cure, amy macdonald, radiohead, vampire weekend, the arcade fire, massive attack, goldfrapp, air, jeff buckley, the flaming lips, lamb, the smiths, the stone roses, bruce springsteen, r.e.m., depeche mode, amy winehouse, david bowie, the killers, u2, beck, morrissey, tricky, coldplay, r?yksopp, moloko, placebo, blur, moby, new order, badly drawn boy, sigur rós, pj harvey, death cab for cutie, franz ferdinand, michael jackson, al green, metric, the go! team
seal, imogen heap, sade, enya, sarah mclachlan, craig david, bob dylan, dido, u2, adele, manu chao, jennifer lopez, corinne bailey rae, johnny cash, alicia keys, pink floyd, frank sinatra, the beatles, nelly furtado, outkast, inxs, dire straits, joss stone, robbie williams, antonio vivaldi, santana, tom waits, madonna
biffy clyro, jimmy eat world, yo la tengo, bloc party, death cab for cutie, arctic monkeys, system of a down, the subways, incubus, eddie vedder, interpol, nofx, red hot chili peppers, editors, mgmt, weezer, at the drive-in, lostprophets, kings of leon, rise against, slipknot, travis, pearl jam, nada surf, billy talent, josé gonzález, blink-182, the mars volta, kate nash
coldplay, radiohead, air, nine inch nails, klaxons, sufjan stevens, lenny kravitz, thievery corporation, moby, muse, lamb, goldfrapp, jimi hendrix, john mayer, red hot chili peppers, the smashing pumpkins, oasis, u2, depeche mode, the fratellis, the cranberries, the doors, jamiroquai, nirvana, beck, santana, new order, the dandy warhols, orbital, blur, kaiser chiefs, bad religion, black rebel motorcycle club, the roots
enya, coldplay, damien rice, james blunt, robbie williams, édith piaf, amy winehouse, queen, linkin park, bon jovi, atb, my chemical romance, simon & garfunkel, alicia keys, arctic monkeys, maroon 5, green day, story of the year, dido, bryan adams, céline dion, akon, ani difranco, mika, the beatles, ennio morricone
nickelback, santana, ac/dc, dire straits, maroon 5, bruce springsteen, robbie williams, guns n roses, u2, enya, sting, the killers, oasis, the rolling stones, the cardigans, eric clapton, outkast, r.e.m., 3 doors down, aerosmith, coldplay, david guetta, bon jovi, simon & garfunkel, red hot chili peppers, the police
the white stripes, nine inch nails, the rapture, biffy clyro, deus, alexisonfire, the wombats, ...and you will know us by the trail of dead, tool, the hives, the black keys, the used, spoon, the whitest boy alive, radiohead, interpol, sublime, the go! team, gnarls barkley, dredg, slipknot
depeche mode, genesis, queen, michael jackson, ray charles
the pogues, pixies, leonard cohen, the kinks, the beatles, t.a.t.u., the zombies, billie holiday, the smiths, she wants revenge, dinosaur jr., the cure, rammstein, vampire weekend, amy winehouse, bee gees, burial, depeche mode, the fall, serge gainsbourg, the beach boys, joy division, bloc party
aesop rock, pink floyd, dj shadow, clint mansell, immortal technique, linkin park, rjd2, john lennon, common, gorillaz, kanye west, simon & garfunkel, eddie vedder, system of a down, metallica, talib kweli, rage against the machine, serj tankian
lamb of god, armin van buuren, the haunted, hatebreed, fear factory, machine head, dead can dance
behemoth, schandmaul, lordi, tarja turunen, arch enemy, avantasia, oomph!, marilyn manson, cradle of filth, tenacious d, tristania, him, sonata arctica
bowling for soup, story of the year, muse, nofx, bullet for my valentine
the prodigy, marilyn manson, queen, rammstein, blink-182, korpiklaani, ill ni?o, system of a down, apocalyptica, flogging molly, combichrist, vnv nation, aerosmith, in extremo, nirvana, oomph!, ramones, green day, red hot chili peppers, rob zombie
diana krall, santana, norah jones
simple plan, radiohead, metallica, john legend, guns n roses, jamiroquai, muse, 30 seconds to mars, cypress hill, panic at the disco, the offspring, onerepublic, nickelback, nirvana, megadeth, jack johnson, the killers, foo fighters, maroon 5, tenacious d, booka shade, fall out boy, beastie boys, hoobastank, green day, the academy is..., red hot chili peppers, my chemical romance, james blunt, lenny kravitz, the rasmus, kaiser chiefs, matchbox twenty, kings of leon, the all-american rejects, the smashing pumpkins
daft punk, bloodhound gang, scooter, eminem, kanye west
eagles, billy joel, elton john, ray lamontagne, simon & garfunkel, jack johnson, colbie caillat, the beatles, norah jones, bruce springsteen, sarah mclachlan, supertramp, joshua radin, cat stevens, pink floyd, van morrison
the beatles, flight of the conchords, girl talk, coldplay, muse, foo fighters, maroon 5, the fratellis, ok go, britney spears, ac/dc, jason mraz, onerepublic, m.i.a., koЯn, the hives, the smashing pumpkins, green day, fall out boy, john mayer, u2, elvis presley, franz ferdinand, nirvana, flo rida, elton john, queen, linkin park, the beach boys, red hot chili peppers, the who, marilyn manson, seether, justin timberlake, scissor sisters, the rolling stones, kt tunstall, the all-american rejects
enya, akira yamaoka, amon tobin, daft punk, aphex twin, bob marley & the wailers, nine inch nails, the prodigy, howard shore, mike oldfield, muse, r?yksopp, gorillaz
the white stripes, u2, the kinks, sia, jeff buckley, frank sinatra, radiohead, the beatles, the cranberries, metric, chevelle, the raconteurs, bob dylan, a fine frenzy, placebo
journey, immortal, behemoth, ac/dc, opeth, amorphis, volbeat, arch enemy, gojira, rush
joe satriani, red hot chili peppers, megadeth, black label society, pantera, system of a down, amon amarth, meshuggah, judas priest
radiohead, prefuse 73, aphex twin, apparat, boards of canada, dj krush, a perfect circle, massive attack, autechre, depeche mode, four tet, daft punk, hot chip
red hot chili peppers, thrice, bad religion, incubus, rage against the machine, linkin park, rihanna, lifehouse, the mars volta, queens of the stone age, stone temple pilots, death cab for cutie, city and colour, a perfect circle, john frusciante, jem, velvet revolver, audioslave, metallica, tool, rob zombie, kings of leon, john mayer, beastie boys, michael bublé, foo fighters, pearl jam, chevelle, portishead, damien rice, joshua radin, afi, the roots, modest mouse
the beatles, mogwai, sigur rós, radiohead, the album leaf, eels, coldplay, modest mouse, cocorosie, beirut, the notwist, explosions in the sky, franz ferdinand, massive attack, thom yorke, andrew bird, clint mansell, tortoise, einstürzende neubauten, oasis, the decemberists, the verve, gotan project, nirvana, the cranberries, sufjan stevens, beck, air, bloc party, blur, damien rice
the pipettes, the dresden dolls, the beatles, mindless self indulgence, frank sinatra, elvis presley, radiohead, patrick wolf, ramones, panic at the disco, the kooks, incubus, deftones, the rolling stones, david bowie, no doubt, muse, mgmt, tenacious d, the kinks, katy perry, the birthday massacre, klaxons, blondie, danny elfman
bob marley, myslovitz, john frusciante, james morrison, goo goo dolls, vampire weekend, adele, a fine frenzy, céline dion, phil collins, james blunt, n*e*r*d, amy winehouse, aerosmith, the pogues, katy perry
my dying bride, massive attack, portishead, led zeppelin, nirvana, as i lay dying, death cab for cutie, linkin park, in flames, antonio vivaldi, the beatles, jack johnson, radiohead, lamb, amy winehouse, dimmu borgir, deep purple, scar symmetry, deftones, dj shadow, soundgarden, bj?rk, asian dub foundation, the doors, bob marley & the wailers, caliban, jennifer lopez, machine head, hooverphonic, télépopmusik, eminem, system of a down, soilwork, disturbed
animal collective, the beach boys, jurassic 5, flight of the conchords, the beatles, kanye west, jay-z, the byrds, the smashing pumpkins, lupe fiasco, fleet foxes, nas, radiohead, the new pornographers, stereolab, caetano veloso, rjd2, dr. dre, bj?rk, the zombies, the jimi hendrix experience
3 doors down, 30 seconds to mars, enya, linkin park, era, coldplay, armin van buuren, enigma, dredg, nickelback, kylie minogue, lupe fiasco, céline dion, cascada, three days grace, t.a.t.u., damian marley, frou frou, blank & jones, rihanna, 50 cent, switchfoot, justin timberlake, missy elliott, eminem, the killers, ti?sto
danny elfman, serge gainsbourg, frank sinatra, nina simone, amon tobin, the doors, daft punk, frédéric chopin
pink floyd, jethro tull, madonna, dead can dance, blondie
blink-182, james morrison, death cab for cutie, jamiroquai, adele, amy winehouse, myslovitz, gavin degraw, jamie cullum, radiohead, david bowie, justin timberlake, michael jackson, the dresden dolls, coma, 3 doors down, hercules and love affair, jason mraz
turisas, in extremo, b?hse onkelz, amon amarth, dark tranquillity, eluveitie, system of a down, within temptation, bathory, sepultura, norther, manowar, metallica, rammstein, die toten hosen, nirvana, slipknot, behemoth, in flames, finntroll, nightwish, koЯn, soulfly, franz ferdinand, anathema, slayer
primal scream, phoenix, h?kan hellstr?m, nina simone, the rolling stones, the beatles, bruce springsteen, my morning jacket, van morrison, the pogues, the beach boys, new order, neil young, elvis presley, the magnetic fields, the velvet underground, david bowie, jimi hendrix, the kinks, prince, the jesus and mary chain, beastie boys, air, soundtrack, kent
daft punk, crystal castles, the chemical brothers, tori amos, editors, r?yksopp, underworld, justice, sigur rós, bloc party, klaxons, aphex twin, apparat, portishead, simian mobile disco, cut copy
the jimi hendrix experience, manu chao, the beatles, of montreal, the smiths, the byrds, the verve, the who, h?kan hellstr?m, the stone roses, the rolling stones
porcupine tree, leonard cohen, radiohead, the doors, jethro tull, led zeppelin, enigma, neil young, the zombies, r.e.m., david bowie, the smashing pumpkins, dream theater, the beatles, king crimson, marillion, bob marley, jefferson airplane, the who, bob dylan, miles davis, muse
deep purple, skid row
lil wayne, evanescence, t.i., breaking benjamin, maroon 5, paramore, boys like girls, brand new, beyoncé, 30 seconds to mars, lifehouse, kanye west, saosin, fall out boy, sublime, eminem, justin timberlake, the fray, jack johnson, imogen heap, ludacris, coheed and cambria, nickelback, staind, avril lavigne, sara bareilles, maria mena
franz ferdinand, the strokes, bloc party, kaiser chiefs, the killers, the white stripes, arctic monkeys, interpol, coldplay, beck, radiohead, yeah yeah yeahs, modest mouse, arcade fire, the shins, pj harvey, max?mo park, pixies, the kooks, the libertines, muse, blur, hot hot heat, snow patrol, the flaming lips, bright eyes, r.e.m., death cab for cutie, razorlight, the smiths, belle and sebastian, rage against the machine, weezer, kasabian, keane, incubus, placebo, the bravery, the fratellis, babyshambles, oasis, stereophonics, morphine, spoon, the decemberists, the hives
the beatles, the cranberries, alanis morissette, u2, green day, pearl jam, system of a down, george michael, coldplay, the offspring, creedence clearwater revival, norah jones, enigma, madonna, michael jackson, red hot chili peppers, elton john, oasis, aerosmith, guns n roses, phil collins, r.e.m., dream theater, foo fighters, pink floyd, dire straits, caetano veloso, the corrs
my morning jacket, new order, tom waits, gorillaz, johnny cash, the cinematic orchestra, andrew bird, low, nick drake, junior boys, clap your hands say yeah, mirah, the jesus and mary chain, the velvet underground, aesop rock
daft punk, muse, boys noize, the killers, atb
pink floyd, led zeppelin, the black keys, soundgarden, pearl jam, the white stripes, supergrass, queens of the stone age, r.e.m., the who, radiohead, nick cave and the bad seeds, blur, foo fighters, stone temple pilots, the rolling stones, u2, the doors, the jimi hendrix experience, nirvana, faith no more, the beatles, the smashing pumpkins, tom petty and the heartbreakers, snow patrol, interpol, arcade fire, the verve, fleet foxes, cream, oasis, the clash, muse, red hot chili peppers, aerosmith, neil young, deep purple, ac/dc, manic street preachers, van halen
rob zombie, hatebreed, devildriver, in flames, gojira, the black dahlia murder, disturbed, deathstars, chimaira, vader, pantera, mastodon, lamb of god
death, kreator, children of bodom, megadeth, metallica, amon amarth, dimmu borgir, in flames, behemoth, cannibal corpse, slayer, alice in chains, iron maiden, agalloch, sepultura, immortal, bloodbath, amorphis, napalm death, ensiferum, my dying bride, mastodon, satyricon, vader, lamb of god, bathory, opeth, soundgarden, linkin park, pantera, black sabbath, testament, judas priest, norther, sodom, burzum
she wants revenge, lykke li, gotan project, lenny kravitz, kate nash, jason mraz, nickelback, snow patrol, fischerspooner, atb, róisín murphy, paramore, muse, iron & wine, lifehouse, m.i.a., sugababes, robyn, pink, metro station, david gray, panic at the disco, regina spektor, james morrison, switchfoot, motion city soundtrack, the gathering, the doors, bon jovi, bloc party, hooverphonic, lady gaga, the postal service
creedence clearwater revival, tom waits, elvis presley, tori amos, johnny cash, amy winehouse, blondie, rufus wainwright, morcheeba, nouvelle vague, massive attack
sugababes, leona lewis, christina aguilera, rihanna, lady gaga, mgmt, the pussycat dolls, beyoncé, snow patrol, september, dido, the ting tings, kylie minogue, miley cyrus, amy winehouse, timbaland, gwen stefani, girls aloud, jordin sparks, hilary duff, jennifer lopez, atb
tool, kings of leon, morrissey, depeche mode, nine inch nails, the cure, mew, ...and you will know us by the trail of dead, death cab for cutie, primal scream, bright eyes, built to spill, the decemberists, band of horses, the strokes, arcade fire, interpol, editors, arctic monkeys, muse, deftones, kaiser chiefs, sonic youth, queens of the stone age, radiohead, snow patrol, new order, placebo, pulp, neil young, [unknown], kyuss, the raconteurs, hot hot heat
sonata arctica, placebo, nine inch nails, groove armada, nightwish, him, kylie minogue, jamie cullum, amorphis, manic street preachers
editors, radiohead, muse, elbow, fiona apple, john mayer, the killers, antony and the johnsons, beirut, calexico, god is an astronaut, porcupine tree, jeff buckley, the kills
good charlotte, avril lavigne, linkin park, basshunter, arctic monkeys, less than jake, the kooks, blink-182, sum 41, the libertines, paramore, katy perry, coldplay, slipknot, adema, simple plan, evanescence, jonas brothers
depeche mode, [unknown]
madonna, goldfrapp, the knife, bj?rk, kylie minogue, portishead, cocorosie, lykke li, feist, the cardigans, patrick wolf, cocteau twins, tori amos, antony and the johnsons, morrissey, ladytron, pj harvey, pet shop boys, rufus wainwright
[the beatles]
the fall, sonic youth, the mountain goats, the pipettes, the kinks, the pogues, the national, animal collective, m.i.a., aphex twin, dinosaur jr., notorious b.i.g., t. rex, talking heads, the beatles, the zombies, melvins, kylie minogue, belle and sebastian, guns n roses, ghostface
oasis, bon jovi, goo goo dolls, bryan adams, roxette
epica, sonata arctica, arch enemy, dimmu borgir, pain of salvation, apocalyptica, soilwork, children of bodom, john williams, blind guardian, stratovarius, metallica, finntroll
[unknown], enrique iglesias
against me!, minus the bear, streetlight manifesto, rise against, afi, the bouncing souls, taking back sunday, saves the day, alkaline trio, coheed and cambria, fall out boy, motion city soundtrack, say anything, less than jake, neutral milk hotel
trivium, staind, as i lay dying, drowning pool, chimaira, howard shore, katatonia, evanescence, the hellacopters, muse, static-x, black rebel motorcycle club, atreyu, my chemical romance
lupe fiasco, kanye west, erykah badu, outkast, jay-z, nas, n*e*r*d, gnarls barkley, j dilla, lil wayne, miles davis, 2pac, michael jackson, eminem, notorious b.i.g., jimi hendrix, dr. dre, t.i., al green, common, charlie parker, john coltrane, mos def, black sabbath, dmx, stevie wonder, jamiroquai, the doors
johann sebastian bach, john williams, the beatles, billy joel, queen, elvis presley, antonio vivaldi, the beach boys, the rolling stones, frank sinatra, michael jackson, david bowie, abba, howard shore
michael jackson, depeche mode, era, abba, girl talk, bryan adams, scorpions
him, my dying bride, sonic syndicate, stone sour, hammerfall, pain of salvation, disturbed, nightwish, shpongle, helloween
sigur rós, coldplay, radiohead, led zeppelin, metallica, thievery corporation, sting, the doors, the beatles, leonard cohen, manu chao, hooverphonic, fatboy slim, carla bruni, the arcade fire, feist, morcheeba, gotan project, u2, bloc party, amy winehouse, slayer, the cinematic orchestra, air, massive attack, nirvana, james brown, eminem, n*e*r*d, portishead, muse, maroon 5, michael bublé, neil young, pink martini, vampire weekend, rufus wainwright, dire straits, the jimi hendrix experience, antony and the johnsons, aimee mann, pearl jam
journey, iron maiden, scorpions, ac/dc, megadeth, manowar, amon amarth, pantera, black sabbath, dimmu borgir, ozzy osbourne, rainbow, dio, camel, blind guardian, dark tranquillity, mot?rhead, edguy, kiss, alice cooper, slayer, pink floyd, led zeppelin, tenacious d
meshuggah, tool, coheed and cambria, iron maiden, infected mushroom, rage against the machine, jamiroquai, pantera, led zeppelin, queen, lamb of god, katatonia, cannibal corpse, pink floyd, the mars volta, daft punk, opeth, in flames, disturbed, soilwork, metallica, mastodon, death, toto, the 69 eyes, gorillaz, the haunted, dark tranquillity, mot?rhead, amon amarth, flight of the conchords, red hot chili peppers, megadeth
black label society, paradise lost, in flames, m?tley crüe, sentenced, pain, queensr?che, within temptation, nightwish, lordi, sonata arctica, edguy, anathema, opeth, coldplay, dream theater, rammstein, ozzy osbourne, avantasia, gamma ray, rush, therion, type o negative, him, ayreon, porcupine tree, haggard, stratovarius
bob marley, sheryl crow, kings of leon, counting crows, red hot chili peppers, bob marley & the wailers, tracy chapman, oasis, the doors, muse
gotan project, bonobo, st. germain, thievery corporation, tosca, parov stelar, koop, de-phazz
katatonia, mono, pink floyd, death, anathema, agalloch, amon amarth, blackfield, mogwai, explosions in the sky, yann tiersen, sigur rós, immortal
ladytron, armin van buuren
system of a down, elliott smith, breaking benjamin, tool, dark tranquillity, death cab for cutie, placebo, children of bodom, trivium, foo fighters, porcupine tree, barenaked ladies, serj tankian, atreyu, damien rice, a perfect circle, funeral for a friend, max?mo park, nightwish, killswitch engage, metallica
[dir en grey]
metallica, angra, black sabbath, kamelot, rhapsody of fire, helloween, red hot chili peppers, arch enemy, sonata arctica, stratovarius, rush, moby, system of a down, nightwish, scorpions, alice cooper, bruce springsteen, rammstein, bob marley & the wailers, dethklok, down, avantasia, iced earth, bee gees, the beatles, megadeth, all time low, dio, edguy, blind guardian, dark tranquillity
the national, neko case, calexico, pet shop boys, r.e.m., nine inch nails, johnny cash, bonnie prince billy, bruce springsteen, otis redding, david bowie, the flaming lips, the pipettes, the jam, the sisters of mercy, robbie williams, ministry, pulp, the clash, leonard cohen, neil young, type o negative, pink floyd
50 cent, lupe fiasco, keane, snoop dogg, jay-z, usher, john legend, the offspring, gym class heroes, ice cube, the game, the killers, afi, fort minor, chris brown, amy winehouse, alter bridge, oasis, fall out boy, madonna, lil wayne, notorious b.i.g., rihanna, ne-yo, eminem, john mayer, adema, timbaland, talib kweli, daft punk, alicia keys, 2pac, common, avril lavigne, alanis morissette
silverstein, senses fail, hellogoodbye, the used, breaking benjamin, guns n roses, gym class heroes, from first to last, bullet for my valentine, funeral for a friend, flo rida, a day to remember, cobra starship, lady gaga, lil wayne, akon, rise against, fall out boy, all time low, the all-american rejects, groove coverage, t.i., katy perry, snoop dogg
the killers, beck, gnarls barkley, belle and sebastian, the white stripes, the raconteurs, adam green, arctic monkeys, the blood brothers, interpol, queens of the stone age, feist, radiohead, diana krall, the kinks, electric six, elvis presley, jamiroquai, pj harvey, jimi hendrix, the beach boys, bloc party, nick drake, patrick wolf, neutral milk hotel, nouvelle vague, editors, fiona apple, gogol bordello
gamma ray, manowar, amon amarth, cradle of filth, arch enemy, kreator, blind guardian, iced earth, dimmu borgir, satyricon, helloween, anathema, sodom
seether, jimmy eat world, snow patrol, beatsteaks, 3 doors down, system of a down, death cab for cutie, the verve, pennywise, the subways
red hot chili peppers, gnarls barkley, chris brown, gym class heroes, a tribe called quest, kanye west, santana, james brown, coldplay, koop, 50 cent, snoop dogg
rush, johann sebastian bach, frank sinatra, coldplay, joe satriani, blur, antonio vivaldi, hans zimmer, robbie williams, metallica, gorillaz, john williams, pink floyd, pet shop boys, manic street preachers, sting, queen, aerosmith, faith no more, placebo, seal, dido, ludwig van beethoven, elvis presley
him, rammstein, bob marley, thievery corporation, elvis presley, green day, fort minor, david guetta, red hot chili peppers, 2pac, ska-p, nightwish, blink-182, staind, roxette
booka shade, bob marley, mylo, moby, [unknown], gorillaz, the chemical brothers, daft punk, r?yksopp, groove armada
joy division, babyshambles, animal collective, beirut, bob marley, damian marley, the libertines, [unknown], manu chao, cut copy, vampire weekend, bob marley & the wailers, m83, david gray, eddie vedder, the strokes, bob dylan, morrissey, the beatles, h?kan hellstr?m, the kooks, band of horses, pink floyd, coldplay, deerhunter, nick drake, neutral milk hotel, josé gonzález, johnny cash, the stone roses
max richter, the cure, the knife, sigur rós, cut copy, radiohead, above & beyond
steely dan, sade, aretha franklin, amy winehouse, eric clapton, de-phazz, craig david, the beach boys
blind guardian, iron maiden, rammstein, emilie autumn, die ?rzte, subway to sally, alice cooper, tenacious d, haggard, lordi, schandmaul, rob zombie, iced earth, ac/dc, ayreon, avantasia, in extremo, apocalyptica, nightwish, black sabbath
parkway drive, hatebreed, saosin, finch, all shall perish, flyleaf, bad religion, heaven shall burn, rammstein, tool, fall out boy, placebo, dir en grey, bring me the horizon, bullet for my valentine, dimmu borgir, system of a down, dropkick murphys, anberlin, guano apes, rage against the machine, enter shikari, aphex twin, behemoth, in flames, simple plan, cannibal corpse
ensiferum, burzum, darkthrone, equilibrium, iron maiden, cradle of filth, bathory, children of bodom, arch enemy, immortal, dimmu borgir, satyricon, nightwish, korpiklaani
david bowie, deus, lynyrd skynyrd, eagles, air, pink floyd, the who, the rolling stones, the velvet underground, bob dylan, pixies, slowdive, eric clapton, dead can dance, led zeppelin, the byrds, the smashing pumpkins
bonnie prince billy, sufjan stevens, nick cave and the bad seeds, pj harvey, kings of convenience, andrew bird, interpol, the smiths, arctic monkeys, cocorosie, placebo, bj?rk, ray lamontagne, kings of leon, grizzly bear, the flaming lips, bright eyes, antony and the johnsons, bon iver, the decemberists, devendra banhart, patrick wolf, josé gonzález, joy division, beirut, the smashing pumpkins, cat power, the whitest boy alive, nick drake, sigur rós, joanna newsom, the shins, arcade fire, jimi hendrix, the cure, air, feist
the beatles, manu chao, pearl jam, creedence clearwater revival, ramones, red hot chili peppers, b?hse onkelz, jack johnson, queens of the stone age, die ?rzte, nirvana, johnny cash, flogging molly, farin urlaub, beatsteaks, ac/dc, james morrison, die toten hosen, the white stripes, john frusciante, the kinks, the offspring, ok go, radiohead, the fratellis, plain white ts, the who
feist, the smashing pumpkins, cold war kids, shout out louds, modest mouse, arctic monkeys, the dresden dolls, kings of leon, the strokes, the shins, the decemberists, the cure, radiohead, interpol, fleet foxes, vampire weekend, joy division, jens lekman, max?mo park, sigur rós, belle and sebastian, placebo, arcade fire, bloc party, babyshambles, santogold, the cardigans, deus, kings of convenience, the postal service, the last shadow puppets, regina spektor, damien rice, bright eyes, mgmt, bj?rk, ben folds, broken social scene, blur, coldplay, phoenix, stars
subway to sally, placebo, johnny cash, haggard, die ?rzte, depeche mode
beck, klaxons, franz ferdinand, yeah yeah yeahs, thievery corporation, lily allen, green day, the wombats, ben folds, r?yksopp, vampire weekend, zero 7, kings of leon, lady gaga, eels, new order, sigur rós, daft punk, the white stripes, cut copy, scissor sisters, air, of montreal, red hot chili peppers, the ting tings, elbow, metric, the dandy warhols, the killers, girl talk, mgmt, faithless, paramore, the chemical brothers, linkin park, coldplay, feeder, foo fighters, mirah, placebo, radiohead, the strokes
rjd2, ghostface, pinback, beck, m83, the herbaliser, daft punk, j dilla, radiohead, a tribe called quest, notorious b.i.g., talib kweli, blonde redhead, nas, aesop rock, animal collective, busta rhymes, air, cut copy, crystal castles, sigur rós, ratatat, girl talk, jay-z, simian mobile disco, the roots, justice, ladytron, madvillain, kanye west, minus the bear, r?yksopp, dj shadow, digitalism
devendra banhart, grizzly bear, sufjan stevens, bonobo, the books, animal collective, boards of canada, iron & wine, the shins, final fantasy, beirut, battles, belle and sebastian, calexico, fleet foxes, deerhoof, clap your hands say yeah, the decemberists, sigur rós, the flaming lips, neutral milk hotel
opeth, amorphis, dead can dance, korpiklaani, kiss, ensiferum, trivium, metallica, anathema, hypocrisy, tiamat
misfits, descendents, weezer, anthrax, bad religion, minor threat, nofx, dinosaur jr., slayer, tokyo police club, explosions in the sky
coldplay, kanye west, travis, sneaker pimps, system of a down, the beatles, jamiroquai, thievery corporation, radiohead, paramore, nirvana, télépopmusik, justice, fort minor, corinne bailey rae, as i lay dying, muse, diana krall, black eyed peas
portishead, chimaira, killswitch engage, heaven shall burn, converge, lamb of god, the dillinger escape plan, atreyu, trivium, opeth, hatebreed, the black dahlia murder, machine head
pixies, manu chao, muse, eminem
the kinks, captain beefheart & his magic band, talking heads, madness, tom waits, electric light orchestra, they might be giants, lou reed, pixies, james brown, ella fitzgerald, the velvet underground, nick cave and the bad seeds, ramones, elvis presley, johnny cash, pavement, pj harvey
nine inch nails, heaven shall burn, mando diao, jamie cullum, jimmy eat world, kings of leon, manu chao, sentenced, metallica, in flames, the subways, die apokalyptischen reiter, amon amarth, muse, type o negative, opeth, children of bodom, rammstein, dimmu borgir, caliban, atb, dope, seeed, electric six, system of a down, paradise lost, all that remains, die toten hosen, deichkind, amy winehouse, mot?rhead, ska-p, enter shikari, soulfly, machine head
black flag, dead kennedys, the clash, bee gees, bad brains, descendents, misfits
muse, radiohead, ben harper, modest mouse, the killers, nirvana, my chemical romance, death cab for cutie, staind, andrew bird, the beatles, red hot chili peppers, the new pornographers, jeff buckley, scissor sisters, eminem, ray lamontagne, oasis, the decemberists, coldplay, iron & wine, band of horses, the national, the shins, billy talent, afi, shiny toy guns, james blunt, linkin park, placebo, imogen heap, bon iver, pearl jam, counting crows, ben folds, damien rice, the rasmus, matisyahu, johnny cash, snow patrol
kylie minogue, duffy, katy perry, onerepublic, kelly clarkson, lily allen, kate nash, lady gaga, the ting tings, ashlee simpson, girls aloud, leona lewis, pink, miley cyrus, britney spears, jennifer lopez, adele, simple plan, the fray, natasha bedingfield, avril lavigne, t.a.t.u., my chemical romance
bat for lashes, amy winehouse, alicia keys, the cardigans, foo fighters, the breeders, queens of the stone age, the gossip, ladytron, pj harvey, basement jaxx, koЯn
crystal castles, high contrast, the smashing pumpkins, r?yksopp, muse, notorious b.i.g., the prodigy, the knife, justice, coheed and cambria, journey, burial, lcd soundsystem, ludacris, the streets, queens of the stone age, lupe fiasco, mgmt, tenacious d
angra, die apokalyptischen reiter, the offspring, ensiferum, gamma ray, amon amarth
slayer, pantera, black sabbath, metallica, jimi hendrix, carcass, megadeth, death, morbid angel, sodom, sepultura, queen, nile, cannibal corpse, ozzy osbourne, amon amarth, mot?rhead, gojira, misfits, ac/dc, nirvana, cream, vader, testament, slipknot, the doors, apocalyptica, opeth
sia, ray lamontagne, the decemberists, the beatles, iron & wine, pink floyd, the album leaf, rufus wainwright, sufjan stevens, alanis morissette, keane, coldplay, beck, the shins, zero 7, queen, death cab for cutie, rush, interpol, snow patrol, cat power, ben harper, jack johnson, damien rice, my morning jacket, scorpions, jethro tull, led zeppelin, porcupine tree, paolo nutini, live, lamb, jeff buckley, barenaked ladies, band of horses, dave matthews band
radiohead, editors, the chemical brothers, the cure, thom yorke, joy division, burial, einstürzende neubauten, sonic youth, aphex twin, beirut, four tet, squarepusher, autechre, orbital, mylo, underworld, booka shade, the smiths, kings of convenience, u2
slayer, miles davis, marilyn manson, rage against the machine, john coltrane, kmfdm, fatboy slim, the chemical brothers, the crystal method, soundgarden, the flaming lips, audioslave, foo fighters, combichrist, metallica, ella fitzgerald, beck, garbage, moby, arctic monkeys, beastie boys
guano apes, my dying bride, godspeed you! black emperor, sepultura, koЯn
dir en grey, muse, the doors, mgmt, system of a down, the wombats, the beatles, adema, cream, placebo, led zeppelin, apocalyptica, serj tankian, gojira
soundtrack, john williams, nightwish, lordi, scar symmetry, hans zimmer, therion, children of bodom, sentenced, sonata arctica, in flames, marilyn manson, sirenia, thievery corporation, thomas newman, evanescence, [unknown], céline dion, massive attack, danny elfman, epica, santana, rammstein, sade
the doors, chris brown, kanye west, ludacris, t.i., akon, snoop dogg, jay-z, the pussycat dolls, common, ne-yo, gym class heroes, lupe fiasco, lil wayne, rihanna, jason mraz, the game, the roots
jason mraz, system of a down, rage against the machine, manowar, fort minor, green day, the offspring, children of bodom, pearl jam, colbie caillat, dragonforce, guano apes, audioslave, nirvana, foo fighters, rihanna, rhapsody of fire, katy perry, nightwish, goo goo dolls, dire straits, coldplay, iced earth, 3 doors down, lostprophets, nickelback, the white stripes, michael jackson, jack johnson
megadeth, anthrax, metallica, trivium, gojira, sepultura, children of bodom, slayer, machine head, mastodon, lamb of god, chimaira, pink floyd, afi, the haunted, sodom, kreator, koЯn, testament, slipknot, tool, meshuggah, the offspring, van halen, apocalyptica, benny benassi, kiss, avenged sevenfold, system of a down, iron maiden, led zeppelin, at the gates, opeth, elvis presley, black sabbath, linkin park, rob zombie
prince, amy winehouse, gotan project, bj?rk, koop, boards of canada
jimi hendrix, faith no more, alice in chains, rage against the machine, the jimi hendrix experience, led zeppelin, snoop dogg, james brown, stevie wonder, nine inch nails, janet jackson, public enemy, jamiroquai, radiohead, red hot chili peppers, herbie hancock, pink floyd
subway to sally, in extremo, ill ni?o, sabaton, incubus, drowning pool, dave matthews band, 3 doors down, linkin park, static-x, lacuna coil, b?hse onkelz, dio, paradise lost, breaking benjamin, jimi hendrix, adema, schandmaul, disturbed, slipknot, p.o.d., bob marley, kanye west, billy talent, skid row, trivium, hammerfall, good charlotte, alice in chains, apocalyptica, system of a down
mono, max richter, clap your hands say yeah, god is an astronaut, mogwai, portishead, godspeed you! black emperor, antony and the johnsons, deus, the album leaf, alanis morissette, the doors, the prodigy, m83, burial
eric clapton, the beatles, coldplay, red hot chili peppers, tom petty and the heartbreakers, peter gabriel, the rolling stones, 3 doors down, queen, matchbox twenty, lynyrd skynyrd, creedence clearwater revival, goo goo dolls, phil collins, bruce springsteen, paul simon, kings of leon, eagles, the who, billy joel, johnny cash, simon & garfunkel, the fray, weezer, bob dylan, maroon 5
the raconteurs, the hellacopters, foo fighters, red hot chili peppers, queens of the stone age, ryan adams, the white stripes, the beatles, the rolling stones, radiohead, jens lekman, flight of the conchords, kiss, led zeppelin, sigur rós, jimi hendrix, josé gonzález, tenacious d, a perfect circle, elvis presley, the strokes, queen, ray charles, devendra banhart, gorillaz, deep purple, audioslave
matisyahu, ladytron, the kooks
elvis costello, the beatles, me first and the gimme gimmes, fleet foxes, nofx, paramore, bon iver, descendents, dethklok, minus the bear, radiohead, sonic youth, the go! team, beastie boys, bloc party, flight of the conchords, adam green, arctic monkeys, kanye west, erykah badu, the beach boys, bad religion, fall out boy, the roots, blonde redhead, the last shadow puppets, vampire weekend, the police, a tribe called quest, architecture in helsinki, ramones, david bowie
blackfield, david gray, akurat, happysad, coma, [unknown], damien rice, kult, sabaton
coldplay, editors, queen, death cab for cutie, u2, the album leaf, joy division, interpol, depeche mode, bloc party, sigur rós, muse, the beatles, mika, linkin park, 30 seconds to mars, blink-182, the doors, broken social scene, the killers, the national, system of a down, belle and sebastian, louis armstrong, the strokes, red hot chili peppers, nirvana, david bowie, good charlotte, snow patrol, frank sinatra, aerosmith, avril lavigne, cascada, metallica, oasis, the postal service, blind guardian
in flames, the cranberries, flo rida, within temptation, blank & jones, slipknot, limp bizkit, bloodhound gang, 36 crazyfists, lacuna coil, helloween
killswitch engage, jethro tull, theatre of tragedy, lacuna coil, groove coverage
pearl jam, myslovitz, epica, eddie vedder, the beatles, pink floyd, pid?ama porno, scorpions, ray charles, bob marley, muse, hey, nirvana, aerosmith, simon & garfunkel, eric clapton, lenny kravitz, coma, stevie wonder, alicia keys, john mayer, alice in chains, sarah mclachlan, ennio morricone, placebo, oasis, death from above 1979, led zeppelin, jimi hendrix
kaiser chiefs, patrick wolf, keane, max?mo park, late of the pier, kings of leon, franz ferdinand, kasabian, the last shadow puppets, vampire weekend, paramore, linkin park, arctic monkeys, travis, foals, the pigeon detectives, the cribs, britney spears, justice, feeder, elbow, kelly clarkson, queen, bloc party, the fratellis
paul simon, bj?rk, jack johnson, relient k, fischerspooner, the shins, travis, imogen heap, philip glass, fiona apple, anberlin, incubus, the flaming lips, john coltrane, ok go, elliott smith, the postal service, muse, regina spektor, foo fighters, dave matthews band
led zeppelin, massive attack, ac/dc, skid row, black sabbath, van halen, disturbed, iron maiden, the police, kiss, deep purple, marillion, queen, mot?rhead
air, helloween, edguy, gorillaz, scorpions, sonata arctica, immortal technique, korpiklaani, they might be giants, johann sebastian bach, r?yksopp, rammstein, leonard cohen, system of a down, equilibrium, jedi mind tricks, rainbow
múm, the album leaf, sigur rós, bj?rk, hot chip, bonobo, devendra banhart, broken social scene, of montreal, richard cheese, chico buarque, moby, junior boys, animal collective, architecture in helsinki, aphex twin, pavement, sneaker pimps, camera obscura, pj harvey, thom yorke, los hermanos, belle and sebastian, hooverphonic, the prodigy, the smashing pumpkins, hercules and love affair, snow patrol
bj?rk, aphex twin, squarepusher, burial, low, radiohead, autechre, the books, mf doom, the blood brothers, billie holiday, tom waits, elliott smith, venetian snares, pj harvey, four tet, ryan adams, bonnie prince billy, the smashing pumpkins, j dilla, john coltrane, nick drake, bauhaus, the fall, portishead, david bowie, madvillain, final fantasy, battles
modest mouse, boards of canada, bright eyes, vnv nation, dream theater, queen, muse, radiohead, the smashing pumpkins, system of a down, coldplay, red hot chili peppers, r?yksopp, linkin park, lordi, blink-182, placebo, green day, the smiths, feist, foo fighters, scissor sisters, stone temple pilots, jimmy eat world, the beatles, beck, the killers, the postal service, staind
system of a down, refused, alesana, minor threat, silverstein, the used, from autumn to ashes, underoath, senses fail, guano apes, a day to remember, circa survive, alexisonfire, 36 crazyfists, chiodos, panic at the disco, bring me the horizon, metro station, funeral for a friend, as i lay dying, saosin, atreyu
john legend, al green, alicia keys, the roots, mary j. blige, seal, outkast, james brown, ray charles, erykah badu, common, aretha franklin, kanye west, jamiroquai, usher, craig david, prince
emilie simon, amy winehouse, iamx, coldplay, 44, maroon 5, chromeo, my chemical romance, the white stripes, the kooks, arctic monkeys, dead kennedys, morcheeba, jamiroquai, adele, le tigre, green day, sublime, lily allen, rancid, fatboy slim, gwen stefani, afi, jason mraz, nofx, the used, billy talent, less than jake, hooverphonic, placebo, hellogoodbye, manu chao, the libertines, madonna, garbage, the killers, the postal service
depeche mode, infected mushroom, kent, james blunt, sufjan stevens, télépopmusik, max richter, michael jackson, r?yksopp, public enemy, roxette, gnarls barkley, pet shop boys, iron & wine, zero 7, rage against the machine
iron & wine, booka shade, the smiths, vampire weekend, bonnie prince billy
coldplay, pendulum, gotan project, david guetta, armin van buuren, ferry corsten
metallica, machine head, red hot chili peppers, anthrax, scooter, ac/dc, faith no more, megadeth, aerosmith
the books, justice, bon iver, nick drake, the national, the white stripes
incubus, santana, killswitch engage, the killers, foo fighters, eels, coheed and cambria, alkaline trio, oasis, fall out boy, damien rice, alexisonfire, garbage, jimmy eat world, coldplay, the cure, radiohead, nelly furtado, manic street preachers, madonna, creed, george michael, guano apes, moby, fergie, kylie minogue, 30 seconds to mars, afi
jennifer lopez, céline dion, britney spears, beyoncé, mariah carey
30 seconds to mars, paramore, my chemical romance, saosin, breaking benjamin, bring me the horizon, taking back sunday, iamx, the kooks, placebo, r.e.m., avril lavigne, muse, alesana, evanescence, afi, slipknot, a perfect circle, three days grace, billy talent, the fratellis, funeral for a friend, sum 41, marilyn manson, senses fail, sugarcult
pendulum, high contrast, kosheen, the streets, gym class heroes, bob marley, johnny cash, adele, the future sound of london, nickelback, chamillionaire
disturbed, nightwish, avril lavigne, rammstein, pet shop boys, michael jackson, r.e.m., the corrs, papa roach, lacuna coil, abba
black label society, dio, kiss, ozzy osbourne, therion, nile, sodom, kreator, ensiferum, megadeth, manowar, carcass, pink floyd, judas priest, the jimi hendrix experience, system of a down, dethklok, metallica, antonio vivaldi
the whitest boy alive, foo fighters, kings of convenience, jeff buckley, los hermanos, john frusciante, gotan project, josé gonzález, the beatles, jamie cullum, green day, ramones, kings of leon, the who, nofx, the clash, bon iver, nirvana, oasis, red hot chili peppers, calexico, john mayer, paolo nutini, zero 7, cat power, iggy pop
the who, simon & garfunkel, the decemberists, dave matthews band, miles davis, pink floyd, jimi hendrix, the postal service, radiohead, creedence clearwater revival, the rolling stones, belle and sebastian, justin timberlake, cat stevens, gorillaz, rilo kiley, otis redding, dj shadow, louis armstrong, norah jones, m. ward, the doors, coldplay, led zeppelin, michael jackson
therion, opeth, children of bodom, dream theater, moonspell, scar symmetry, edguy, dethklok, tool, dimmu borgir, louis armstrong, blackfield, lacuna coil
bring me the horizon, parkway drive, taking back sunday, from first to last, anti-flag, brand new, the mars volta, crystal castles, metallica, neutral milk hotel, paramore, bad religion, misfits, chiodos, slayer, thrice, from autumn to ashes, social distortion, red hot chili peppers, bloodhound gang, coheed and cambria, at the drive-in, system of a down, say anything, modest mouse, against me!, alexisonfire, descendents, m83
jack johnson, dave matthews band, iron maiden, porcupine tree, dream theater, pink floyd, ramones, metallica, eminem, led zeppelin, placebo, the cure, the cranberries, arctic monkeys, red hot chili peppers, richard cheese, blink-182, ac/dc, king crimson, within temptation, die toten hosen, the beatles, lenny kravitz, rammstein, pearl jam, bob marley & the wailers, system of a down
rise against, blink-182, disturbed, good charlotte, guns n roses, the offspring, 3 doors down, nickelback, bad religion, bullet for my valentine, pink, breaking benjamin, bowling for soup, red.jumpsuit.apparatus, marilyn manson, katy perry, sum 41, paramore, cobra starship, flyleaf, kelly clarkson, from first to last, fall out boy, senses fail, story of the year, in flames, three days grace, bloodhound gang, seether, bon jovi, trivium, slipknot, billy talent, jimmy eat world, stone sour, james blunt, the rasmus, my chemical romance, 44, the ataris, amy winehouse, 30 seconds to mars
deerhoof, ramones, aphex twin, nick drake, dead kennedys, nine inch nails, dinosaur jr., múm, neutral milk hotel, pixies, portishead
prince, the roots, rufus wainwright, ray lamontagne, erykah badu, stevie wonder, nas, tori amos, al green, lil wayne, ella fitzgerald, elton john, common, bruce springsteen, cat stevens, billy joel, jay-z, ludwig van beethoven, ben folds, aretha franklin, kanye west, notorious b.i.g., feist, elvis costello, bob dylan, scissor sisters
nas, bob marley & the wailers, the doors, jay-z, the beatles, jimi hendrix, pink floyd, cypress hill, lupe fiasco, pantera, n*e*r*d, finntroll, 2pac, led zeppelin, kanye west, the roots, gang starr, talib kweli, the white stripes, frank sinatra, mobb deep, the police, dead kennedys, dimmu borgir, damian marley, mark ronson, pendulum, common
morphine, dredg, emilie simon, pearl jam, a perfect circle, faith no more, r.e.m., metallica, primus, tool, depeche mode, michael jackson, john lennon, amy winehouse, breaking benjamin, archive, massive attack, maroon 5, nine inch nails, soundtrack, thievery corporation, thom yorke, incubus, coldplay, oasis, tricky, kate bush, audioslave, johnny cash, radiohead, james blunt, bj?rk, metric, goldfrapp, chris cornell, morcheeba, 3 doors down, the vines, the postal service
kt tunstall, jason mraz, jack johnson, the postal service, city and colour, gavin degraw, feist, coldplay, good charlotte, james blunt, jamie cullum, george michael, franz ferdinand, damien rice, goo goo dolls, fall out boy, michael bublé, eric clapton, keane, nelly furtado, broken social scene, green day, maroon 5, linkin park, billy joel
josé gonzález, thievery corporation, massive attack, zero 7, bonobo, air, daft punk, genesis, jamiroquai, moby, nightmares on wax, mr. scruff, hooverphonic, james morrison, frou frou, ray lamontagne, sublime, amon tobin, the police, lamb, moloko, jack johnson, blur, garbage, manu chao, iggy pop, lenny kravitz, michael jackson, sting, black eyed peas, the rolling stones
arcade fire, mf doom, system of a down, cake, modest mouse, daft punk, neutral milk hotel, beck, madvillain, primus, wu-tang clan, bj?rk, the flaming lips, coheed and cambria, cradle of filth, jay-z, iron maiden, portishead, soundgarden, mastodon, a perfect circle, fiona apple, flogging molly, rage against the machine, tenacious d
devo, kraftwerk, joy division, danny elfman, sonic youth, captain beefheart & his magic band, david bowie, the sisters of mercy, pixies, antony and the johnsons, faith no more, combichrist, skinny puppy
taylor swift, hilary duff, [unknown], kelly clarkson, lady gaga, groove coverage, basshunter, abba
goldfrapp, siouxsie and the banshees, kate bush, einstürzende neubauten, santogold, m.i.a., bauhaus, cat power, low, nine inch nails, tegan and sara, blondie, slowdive, lady gaga, the cure, the raveonettes, the kills, bat for lashes, sonic youth, madonna, iamx, the smashing pumpkins, garbage
ennio morricone, howard shore, hans zimmer, vangelis, abba, louis armstrong, john williams
alanis morissette, marilyn manson, nine inch nails, no doubt, pet shop boys, michael jackson, scissor sisters, depeche mode, kelly clarkson, lily allen, phil collins, elvis presley, pink floyd, madonna, the pussycat dolls, beastie boys
james blunt, scooter, oasis, red hot chili peppers, bad religion, mindless self indulgence, snow patrol, nelly furtado, disturbed, black eyed peas, flyleaf, madonna, three days grace, kelly clarkson, hilary duff, kanye west
bob dylan, black flag, minor threat, elvis presley, descendents, napalm death, misfits, elliott smith, joy division, my bloody valentine, blink-182, mogwai, the cure, the distillers, nick drake, the smiths, the mountain goats, black sabbath, buzzcocks
john williams, queen, farin urlaub, tenacious d, helloween, die ?rzte, iced earth, pantera, scar symmetry, the beatles, opeth, nightwish, soilwork, apocalyptica, gamma ray, edguy, kamelot, manowar, arch enemy, howard shore, trivium, ayreon, evanescence, volbeat
akurat, a fine frenzy, jason mraz, moloko, happysad, jem, tracy chapman, joss stone, lamb, myslovitz, norah jones, sarah mclachlan, air, joshua radin, pid?ama porno, portishead, de-phazz, ray lamontagne, koop, jazzanova, massive attack, katie melua
sublime, rage against the machine, nofx, audioslave, incubus, the fall of troy, three days grace, the offspring, in flames, nine inch nails, megadeth, led zeppelin, senses fail, slipknot, nirvana, ac/dc, disturbed, saosin, children of bodom, tool, guns n roses, breaking benjamin, angels & airwaves, as i lay dying, mastodon, papa roach, deftones, queens of the stone age
nightwish, black sabbath, creedence clearwater revival, the offspring, deep purple, manowar, daft punk, rammstein, infected mushroom, papa roach, ac/dc, guns n roses, godsmack, scorpions, various artists, linkin park
iron & wine, coldplay, ben folds five, joni mitchell, david gray, the new pornographers, yann tiersen, loreena mckennitt, the beatles, spoon, andrew lloyd webber, nada surf, beirut, camera obscura
nightwish, anathema, lacuna coil, therion, cradle of filth, type o negative
linkin park, oasis, epica, nirvana, seal
incubus, iron maiden, led zeppelin, porcupine tree, megadeth, enya, kyuss, sigur rós, apocalyptica, velvet revolver, mot?rhead, serj tankian, bullet for my valentine, pain of salvation, king crimson, isis, sonata arctica, the offspring
janis joplin, jimi hendrix, joy division, skinny puppy, captain beefheart & his magic band, bob marley & the wailers, bob dylan, foo fighters, the killers, apoptygma berzerk, lagwagon, cream, deep purple, lou reed, nirvana, moby, vangelis, bad religion, the smiths, pearl jam, anathema, muse, the beach boys, pink floyd, the birthday massacre, ac/dc
gorillaz, dj shadow, the blood brothers, dr. dre, depeche mode, devo, the future sound of london, korpiklaani, iron maiden, elton john, nine inch nails, opeth, massive attack, bob dylan, tricky, pendulum, skinny puppy, nirvana, rammstein, cypress hill, ladytron, the smiths, peter bjorn and john, nofx, the dresden dolls, marilyn manson, the clash, beastie boys, joy division, the white stripes
the notwist, bloc party, cocorosie, the sounds, deerhoof, hot chip, digitalism, feist, the knife, architecture in helsinki, david bowie, devo, the chemical brothers, nofx, tv on the radio, r?yksopp, soundtrack, the faint
u2, elbow, coldplay, radiohead, blur, pearl jam, the who, marillion, morrissey, the verve, rush, iron maiden, tori amos, manic street preachers, r.e.m., johnny cash, pj harvey, the beatles, rammstein, bat for lashes, faith no more, the rolling stones, depeche mode, the white stripes, ray lamontagne, snow patrol, porcupine tree, tool, metallica, portishead, sigur rós, muse, nine inch nails, david bowie, marilyn manson, mgmt
erykah badu, gwen stefani, kylie minogue, sade, mary j. blige, missy elliott, lady gaga, ashlee simpson, christina aguilera, john legend
radiohead, king crimson, led zeppelin, genesis, the white stripes, supertramp, bob marley, andrew lloyd webber, camel, jimi hendrix, marillion, oasis, herbie hancock, pearl jam, hans zimmer, miles davis, howard shore, the doors, jefferson airplane, sigur rós, the rolling stones, janis joplin, ennio morricone, coldplay
within temptation, linkin park, loreena mckennitt, nightwish, evanescence, nickelback, [unknown], michael jackson, in extremo, schandmaul, phil collins, lynyrd skynyrd, apocalyptica, afi, pain, rise against, amy macdonald, bullet for my valentine, three days grace
kmfdm, emilie autumn, apocalyptica, loreena mckennitt
ratatat, beirut, girl talk, the byrds, the national, pavement, sufjan stevens, elliott smith, stars, the magnetic fields, andrew bird, neko case, final fantasy, built to spill, mgmt, modest mouse, the arcade fire, band of horses, bon iver, bob marley & the wailers, sublime, feist, belle and sebastian, spoon, josé gonzález, kings of leon, the new pornographers
wilco, the album leaf, bob dylan, radiohead, ani difranco, bon iver, andrew bird, beirut, broken social scene, múm, joni mitchell, four tet, sufjan stevens, herbie hancock, miles davis, damien rice, nick drake, joanna newsom, calexico, john coltrane, tool
dream theater, ayreon, megadeth, hypocrisy, stratovarius, anthrax, manowar, metallica, cradle of filth, amorphis, pain of salvation, sonata arctica, symphony x, children of bodom, in flames, opeth, blind guardian, epica, anathema, brian eno, jethro tull, therion
sepultura, down, ramones, the gathering
chamillionaire, snoop dogg, the game, jay-z, kanye west, notorious b.i.g., t.i., nas, dr. dre, ludacris, nelly, the roots, chris brown, jurassic 5, akon
snow patrol, coldplay, u2, eric clapton, deus
bj?rk, róisín murphy, lamb, sigur rós, moloko, damien rice, emilie simon, múm, radiohead, imogen heap, gwen stefani, madonna, m.i.a., air, nelly furtado, alanis morissette, justin timberlake, apparat, ladytron, thom yorke, bat for lashes, four tet, jem, lykke li
faithless, philip glass, r?yksopp, the beatles, linkin park, rihanna, benny benassi, robyn, katy perry, johnny cash, scooter, opeth, the prodigy, limp bizkit, rammstein, evanescence, depeche mode, nelly furtado, zero 7, apocalyptica, kylie minogue, system of a down, enigma, david guetta, foo fighters, pendulum, michael jackson, queens of the stone age, disturbed, the cardigans, metallica, imogen heap
beck, the beatles, ben folds five, radiohead, andrew bird, the beach boys, talking heads, the velvet underground, built to spill, elvis costello, tom waits, paul simon, john lennon, billy joel, elliott smith, stevie wonder, david bowie, bob dylan, the police, gorillaz
jethro tull, judas priest, nofx, thin lizzy, leonard cohen, rammstein, cat stevens, beatsteaks, sex pistols, the specials
blonde redhead, four tet, aphex twin, sigur rós, built to spill, pavement, beck, calvin harris, múm, radiohead, crystal castles, sufjan stevens, immortal technique, sonic youth, kings of convenience, the beatles, belle and sebastian, my bloody valentine, animal collective, justice, broken social scene, the brian jonestown massacre, hot chip, joanna newsom, the smashing pumpkins, mgmt, beirut, the faint, the streets, pinback, m.i.a., death cab for cutie, the album leaf, david bowie, the shins, mirah, atmosphere, bright eyes, the magnetic fields
kosheen, seeed, louis armstrong, asian dub foundation, massive attack, limp bizkit, faithless, moby, jurassic 5, the flashbulb, morcheeba, red hot chili peppers, the prodigy, jack johnson, pendulum, manu chao, jimi hendrix, trentem?ller, muse, amon tobin, sneaker pimps, peter bjorn and john, dj shadow, hans zimmer, hooverphonic, the offspring, coldplay, tricky, the beatles, eddie vedder, the crystal method, notorious b.i.g.
jason mraz, amy macdonald, coldplay, duffy, the killers, onerepublic, kanye west, mika, nelly furtado, kaiser chiefs, rihanna, james morrison, groove armada, jack johnson, fall out boy, the hives, editors, mgmt, keane, the kooks, maroon 5, linkin park, john mayer, michael jackson, r.e.m., santogold, manu chao, robyn, scooter, air
radiohead, the decemberists, ben folds, regina spektor, death cab for cutie, the magnetic fields, sufjan stevens, rilo kiley, tom waits, interpol, elliott smith, the weakerthans, iron & wine, the smiths, stars, damien rice, pj harvey, the white stripes, ryan adams, arcade fire, fiona apple, the streets, the cure, cat power, tori amos, the new pornographers, the shins, portishead, bright eyes, ramones, kings of leon, bloc party, the gossip, the postal service, ben folds five, queen, ani difranco, of montreal, belle and sebastian, clap your hands say yeah, the strokes, death from above 1979, travis
the cure, yann tiersen, pixies, siouxsie and the banshees, bauhaus, she wants revenge, the dresden dolls, kent, the velvet underground, joy division
morcheeba, thievery corporation, massive attack, air, the killers, lamb, portishead, hooverphonic, franz ferdinand, tricky, the white stripes, tosca, the strokes, de-phazz, al green, moloko, radiohead, pixies, st. germain, moby
the flaming lips, the roots, built to spill, flight of the conchords, sonic youth, my bloody valentine, explosions in the sky, beck, mogwai, venetian snares
machine head, massive attack, the gathering, system of a down, dead can dance, moonspell, sepultura, nightwish, therion, theatre of tragedy, howard shore, lacuna coil, hooverphonic, tristania, hey, radiohead, enigma, dethklok, orbital, marilyn manson, metallica, faithless, koЯn, papa roach, portishead, the future sound of london, mike oldfield, lamb, kult, queen, fear factory, lenny kravitz, the prodigy
air, madonna, carla bruni, jack johnson, die ?rzte, nouvelle vague, feist, pet shop boys, james blunt, johnny cash, stevie wonder, santogold, the smiths, amy winehouse, kings of convenience, morrissey, coldplay, the cure, édith piaf, the beatles, depeche mode, sade, nina simone, kaiser chiefs, marvin gaye, keane, billy joel, the shins
pink floyd, the mars volta, flogging molly, bad religion, porcupine tree, of montreal, rufus wainwright, system of a down, the beatles, sublime, tenacious d, tv on the radio, jurassic 5, dropkick murphys, sigur rós, ani difranco, green day, sufjan stevens, iron & wine, cake, stars, the postal service, the new pornographers, pennywise, spoon, ratatat, at the drive-in, nofx, simon & garfunkel, tool, anti-flag, bon iver, creedence clearwater revival, deerhunter
red hot chili peppers, millencolin, dropkick murphys, flogging molly, bob dylan, led zeppelin, jack johnson, jason mraz, n*e*r*d, immortal technique, fall out boy, simple plan, goo goo dolls, rage against the machine, jamie cullum, as i lay dying, jedi mind tricks, pantera, coldplay, gym class heroes, kanye west, killswitch engage, foo fighters, blink-182, him, the fray, creedence clearwater revival, parkway drive, ignite, death cab for cutie, 3 doors down, audioslave, t.i., hatebreed, sum 41
brian eno, pj harvey, blonde redhead, bonobo, the beatles, the velvet underground, depeche mode, the doors, nouvelle vague, beirut, nirvana
the offspring, pixies, muse, abba, antonio vivaldi, above & beyond, jimmy eat world, paul van dyk, cake, paul oakenfold, blondie, moby, armin van buuren, mgmt, u2, dido, dire straits, atb
tom waits, queen, bob dylan, charlie parker, bj?rk, carla bruni, nirvana, the clash, pink floyd, the strokes, the jimi hendrix experience, frank zappa, led zeppelin, sigur rós, pixies
jay-z, tool, kanye west, pantera, led zeppelin, megadeth, black label society, meshuggah, jedi mind tricks, immortal technique, anthrax, in flames, cannibal corpse, onerepublic, metallica, chimaira, morbid angel, foals, interpol, system of a down, mando diao, trivium, common, hatebreed, slayer, lamb of god, all that remains
my chemical romance, simple plan, fall out boy, bullet for my valentine, blink-182, all time low, arctic monkeys, billy talent, panic at the disco, motion city soundtrack, 30 seconds to mars
talking heads, goldfrapp, air, thievery corporation, johnny cash, new order, pet shop boys, massive attack, gotan project, portishead, richard cheese, pulp, michael bublé, black rebel motorcycle club, lynyrd skynyrd, placebo, stone temple pilots, beck, david gray, plaid, calexico, franz ferdinand, daft punk, supertramp, maroon 5, the velvet underground, groove armada, creedence clearwater revival, the cure, joss stone, george michael, jamie cullum
metallica, disturbed, madonna, rob zombie, the crystal method, the verve, thomas newman, avril lavigne, the vines, cypress hill
vader, johann sebastian bach, korpiklaani, epica, behemoth, finntroll, in extremo, avantasia
faith no more, david bowie, iggy pop, massive attack, the prodigy, public enemy, the dillinger escape plan, beastie boys, michael jackson, franz ferdinand, tiamat, richard cheese, primus, nine inch nails, depeche mode, mastodon, nirvana, ulver, placebo, chimaira, tricky, dropkick murphys, peter gabriel, sepultura, seal
riverside, archive, the cure, depeche mode, michael jackson, p.o.d., bon jovi, imogen heap, staind, daft punk, lamb, poets of the fall, 30 seconds to mars, enigma, avril lavigne, goo goo dolls, metallica, kelly clarkson, timbaland, michael bublé, nelly furtado, maroon 5, r?yksopp, faithless, evanescence, porcupine tree, soundtrack, justin timberlake, katy perry, madonna, kylie minogue, pendulum, nelly
james blunt, coldplay, justin timberlake, rihanna, the beatles, usher, keane, red hot chili peppers, death cab for cutie, lifehouse, the fray, snow patrol, jack johnson, sufjan stevens, david guetta, mariah carey, kylie minogue, enrique iglesias, jem, black rebel motorcycle club, kanye west, benny benassi, john mayer, craig david, michael jackson, fatboy slim, beck, shakira, ben folds five, r.e.m., beyoncé, the dandy warhols
happysad, nightwish, children of bodom, korpiklaani, iron maiden, metallica, black sabbath, dimmu borgir, infected mushroom, green day, within temptation, system of a down, cradle of filth, sigur rós, apoptygma berzerk, múm, marilyn manson, dead can dance, coma
metallica, system of a down, farin urlaub, tool, incubus, genesis, foo fighters, muse, nightwish, pendulum, in extremo, queens of the stone age, serj tankian, oomph!, in flames, she wants revenge, shiny toy guns, linkin park, phil collins, ...and you will know us by the trail of dead, koЯn, porcupine tree, emilie autumn, the postal service, kaiser chiefs, marilyn manson, rammstein, slipknot, bush, the prodigy, opeth, apocalyptica, the strokes, air, mogwai, limp bizkit, aerosmith, die toten hosen, the killers
morrissey, david bowie, muse, him, patrick wolf, the smiths, the beatles, portishead, the strokes, air, slipknot, arctic monkeys, u2, reel big fish, placebo, le tigre, joy division, garbage, the doors, nirvana, richard cheese, misfits, the distillers, blur
the notwist, stars, tv on the radio, death cab for cutie, bright eyes, arcade fire, the shins, broken social scene, interpol, phoenix, sufjan stevens, cursive, shout out louds, radiohead, yo la tengo, cat power, hot chip, beck, metric, of montreal, foals, the decemberists, bloc party, the whitest boy alive, regina spektor, yann tiersen, elliott smith, incubus, yeah yeah yeahs, fleet foxes, mgmt, digitalism, the libertines, bon iver, placebo, the dresden dolls, nada surf
bob marley & the wailers, manu chao, alanis morissette, blink-182, kings of convenience, coldplay, green day, jamiroquai, linkin park, nofx
the prodigy, norah jones, high contrast
the future sound of london, blank & jones, orbital, ferry corsten, armin van buuren
weezer, motion city soundtrack, death cab for cutie, john mayer, the academy is..., say anything, kings of leon, rise against, the shins, minus the bear, incubus, the killers, ben folds, anberlin, kanye west
porcupine tree, eels, coldplay, marillion, sting, prince, dire straits, jamiroquai, dave matthews band, pink floyd, underworld, eric clapton, beck, genesis, johnny cash, radiohead, david bowie, van morrison, badly drawn boy, seal, gotan project, peter gabriel, the gathering, kraftwerk, frank sinatra, massive attack, queen, john legend, bj?rk, groove armada, thievery corporation, u2, daft punk, george michael, deus
creed, dream theater, metallica, p.o.d., stratovarius, oasis, los hermanos, live, nickelback, slipknot, radiohead, travis, 3 doors down, silverchair
fall out boy, jack johnson, ben harper, mika, kelly clarkson, lady gaga, gavin degraw, relient k, jason mraz, avril lavigne, the beatles, john mayer, panic at the disco, leona lewis, the fray, britney spears, a fine frenzy, backstreet boys, yellowcard, death cab for cutie, lifehouse, the all-american rejects, céline dion, cascada, hilary duff, james blunt
max richter, mf doom, j dilla, vangelis, marvin gaye
therion, nightwish, gamma ray, rhapsody of fire, samael, ayreon, lacrimosa, ensiferum, blind guardian, sabaton, epica, finntroll, children of bodom, haggard, muse, amorphis, angra, sonata arctica
santana, no doubt, coldplay, system of a down, bob marley, miles davis, rammstein, pearl jam, pid?ama porno, nickelback, elvis presley, alicia keys, scorpions, abba, placebo, queen, kult, alice cooper, aerosmith, cream, kiss, queens of the stone age, social distortion, the smashing pumpkins
aesop rock, modest mouse, bob marley & the wailers, elliott smith, 311, my morning jacket, neil young, boards of canada, incubus, the beatles, sublime, radiohead, shpongle, the jimi hendrix experience, diana krall, jack johnson, junior boys, atmosphere, jimi hendrix, the flaming lips, led zeppelin, kings of convenience, madvillain, the fall of troy
john coltrane, miles davis, herbie hancock, charlie parker, chet baker, ella fitzgerald, diana krall, pink floyd, louis armstrong
michael jackson, nelly furtado, the kinks, katie melua, booka shade, moby, the beatles, air, los hermanos, r?yksopp, the rolling stones, buena vista social club, m.i.a., kraftwerk, frank sinatra
radiohead, portishead, massive attack, dave matthews band, jack johnson, ben harper, r.e.m., u2, keane, sting, coldplay, the cranberries, air, nirvana, asian dub foundation
the offspring, lostprophets, alexisonfire, limp bizkit, bullet for my valentine, afi, red hot chili peppers, blink-182, linkin park, rise against, good charlotte, 30 seconds to mars, static-x, papa roach, muse, billy talent, funeral for a friend, foo fighters, deftones, dj shadow, red.jumpsuit.apparatus, bloodhound gang, system of a down, ill ni?o, the used, bob marley & the wailers, panic at the disco, avenged sevenfold, evanescence, chevelle, the kooks, three days grace
clueso, linkin park, the kooks, sum 41, arctic monkeys, ac/dc, hans zimmer, rise against, the fratellis, jack johnson, the offspring, papa roach, oasis, the hives, beatsteaks, jet, farin urlaub, jimmy eat world, third eye blind, red hot chili peppers, razorlight, foo fighters, the white stripes, billy talent, bowling for soup, lostprophets, fort minor, aerosmith, audioslave, bloc party
radiohead, elbow, boards of canada, the cinematic orchestra, sting, sigur rós, jeff buckley, herbie hancock, prince, erykah badu, kings of leon, miles davis, the roots, stevie wonder, john mayer, deus, johann sebastian bach, john coltrane
busta rhymes, alicia keys, 2pac
paramore, nirvana, coldplay, marilyn manson, evanescence, red hot chili peppers, the rolling stones, pixies, the cranberries, blink-182, dragonforce, slipknot, rage against the machine, in flames, koЯn, social distortion, system of a down, pink floyd, massive attack, at the gates
dir en grey, in flames, killswitch engage, mando diao, morrissey, chimaira, static-x, deichkind, lostprophets, caliban, children of bodom, disturbed, hatebreed
tegan and sara, the decemberists, bright eyes, feist, sufjan stevens, spoon, m. ward, broken social scene, the shins, red hot chili peppers, final fantasy, andrew bird, beck, badly drawn boy, belle and sebastian, dave matthews band, radiohead, of montreal, beirut, vampire weekend, elliott smith, ani difranco, the dresden dolls, nouvelle vague, damien rice, the new pornographers, m.i.a., fleet foxes, pinback, johnny cash, the cribs, kimya dawson, dashboard confessional, stars, emery, thursday
escape the fate, the prodigy, jason mraz, fort minor, nickelback, red.jumpsuit.apparatus, scooter, disturbed, fall out boy, anberlin, subway to sally, simple plan, good charlotte, rise against, danny elfman, flo rida, linkin park, serj tankian, seether, hans zimmer, lostprophets, pendulum, staind, yellowcard, green day, josé gonzález, 3 doors down, in flames, skillet, 30 seconds to mars, peter fox
wilco, cat power, caetano veloso, elliott smith, coldplay, amy winehouse, the beatles, kings of convenience, death cab for cutie, johann sebastian bach, ella fitzgerald, iron & wine, morcheeba, billie holiday, yann tiersen, arctic monkeys, john mayer, corinne bailey rae, louis armstrong, air, chico buarque, paul mccartney, frank sinatra, adele, feist, radiohead
soundtrack, system of a down, papa roach, john williams, johnny cash, mot?rhead, disturbed, pink floyd, the corrs, creedence clearwater revival, marilyn manson, howard shore, rob zombie, bon jovi, elton john, godsmack, metallica, linkin park, the rolling stones, the prodigy, nirvana, u2, the beatles, danny elfman, queen, guano apes, hans zimmer, eminem, thomas newman, staind, deftones, the killers, sepultura, rihanna
[ludwig van beethoven]
gentleman, sublime, asian dub foundation, foo fighters, incubus, matisyahu, the specials, the smashing pumpkins, nina simone, red hot chili peppers, the strokes, bob marley, the killers, bad religion, the chemical brothers, janis joplin, queens of the stone age, muse, creedence clearwater revival, the clash, ben harper, rage against the machine, john coltrane, guns n roses, radiohead, nirvana, the doors, eminem, linkin park, metallica, dire straits, miles davis, massive attack, tool
nelly furtado, myslovitz, blink-182, ska-p, the killers, lily allen, gwen stefani, hey, koop, norah jones, akurat, the knife, asian dub foundation, the cure, jamiroquai, télépopmusik, kult, seeed, moloko
[eminem]
kanye west, 50 cent, cunninlynguists, jay-z, talib kweli, nas
rage against the machine, metallica, bob dylan, rise against, bruce springsteen, coldplay, anna ternheim, tom petty and the heartbreakers, volbeat, the rolling stones, the hives, linkin park, bob marley & the wailers, kent, the smashing pumpkins, the prodigy, turbonegro, bon jovi, manic street preachers, faith no more, nirvana, pink floyd, red hot chili peppers, the jimi hendrix experience, guns n roses, the offspring, nada surf, creedence clearwater revival, depeche mode, ozzy osbourne, david bowie, helloween, jason mraz, bob marley, soundgarden, alice cooper
metallica, red hot chili peppers, bob marley & the wailers, rage against the machine, tool, asian dub foundation, soulfly, keane, coldplay, lostprophets, flogging molly, alkaline trio, rise against, counting crows, the mars volta, mando diao, audioslave, alter bridge, the hives, thrice, green day, millencolin, system of a down, the crystal method, billy talent, david gray, the specials, franz ferdinand, robbie williams, hot hot heat, creed, ska-p, dave matthews band, die ?rzte
hatebreed, system of a down, iron maiden
black flag, fugazi, blonde redhead, ennio morricone, lupe fiasco
garbage, fear factory, static-x, marilyn manson, soulfly, system of a down, the offspring, the chemical brothers, the prodigy, slipknot, nirvana, sepultura, the birthday massacre, my dying bride, cradle of filth, katatonia, darkthrone
nine inch nails, daft punk, air, boards of canada, they might be giants, beck, girl talk, nirvana, linkin park, iamx, cake, koЯn, the beatles, crystal castles, gorillaz, red hot chili peppers, muse, sneaker pimps, interpol, the smashing pumpkins, system of a down, kaiser chiefs, avenged sevenfold, digitalism, beastie boys, incubus, justice, le tigre, panic at the disco
the who, bob dylan, wilco, rufus wainwright, devendra banhart, jeff buckley, the rolling stones, bruce springsteen, t. rex, the hives, talking heads, cat stevens, simon & garfunkel, david bowie, arcade fire, girl talk
joss stone, common, chris brown, maroon 5, jamiroquai, daft punk, amy winehouse, corinne bailey rae, lupe fiasco, kanye west
sepultura, led zeppelin, armin van buuren, cradle of filth, slayer, misfits, the doors, madonna, napalm death, paradise lost, ozzy osbourne, death, nirvana, soulfly, ac/dc, anathema, above & beyond, manowar, frédéric chopin, blind guardian, carcass, pantera, the cardigans, frank sinatra, megadeth
cake, dire straits, eric clapton, fleetwood mac, peter gabriel, simon & garfunkel, talking heads, supertramp, tom waits, the beatles, santana, queen, the kinks, kaiser chiefs, norah jones, paul simon, jack johnson, elvis costello, coldplay, the police, the rolling stones, joss stone, katie melua, electric light orchestra, blondie
evanescence, michael jackson, lacuna coil, within temptation, nightwish, him, epica, guano apes, tristania, flyleaf, sirenia, after forever, tarja turunen, theatre of tragedy, the 69 eyes, the rasmus, system of a down, lacrimosa, linkin park, marilyn manson, papa roach, breaking benjamin, coldplay, staind, avril lavigne, disturbed, foo fighters
joy division, mindless self indulgence, pj harvey, dead kennedys, sex pistols, devo, the dresden dolls, arctic monkeys, the libertines, flogging molly, the clash, the kooks, iggy pop, franz ferdinand, dirty pretty things, babyshambles, buzzcocks, nirvana, the pogues, misfits, talking heads, the cure, the last shadow puppets, system of a down, ramones, ska-p, new order
the mountain goats, broken social scene, tegan and sara, arcade fire, m83, architecture in helsinki, santogold, cold war kids, andrew bird, crystal castles, the magnetic fields, bon iver, cocorosie, the knife, feist, cut copy, fleetwood mac, sufjan stevens, the gossip, iron & wine, joanna newsom, band of horses, fleet foxes, cansei de ser sexy, tv on the radio, sigur rós, radiohead, beirut, scissor sisters, okkervil river
plaid, boards of canada, autechre, the flashbulb, jamiroquai, nightmares on wax, squarepusher, high contrast, zero 7, pendulum, aphex twin
st. germain, morcheeba, andrew bird, bob dylan, seeed, nina simone, sublime, dj krush, shpongle, ella fitzgerald, massive attack, the rolling stones, pink floyd, gentleman, rjd2, asian dub foundation, [unknown], ac/dc, primus
sage francis, tom waits, aesop rock, iron & wine, tv on the radio, pinback, michael jackson, philip glass, system of a down, bob marley, the roots, beck, the jimi hendrix experience, nine inch nails, clint mansell, rjd2, blonde redhead
depeche mode, nirvana, blur, queens of the stone age, lou reed, devendra banhart, r.e.m., aphex twin, talking heads, babyshambles, interpol, adam green, kyuss, the white stripes, the mars volta, the velvet underground, bauhaus, the clash, max?mo park, foo fighters, pink floyd, ramones, jefferson airplane, travis, manu chao, bloc party, carla bruni
pink floyd, madonna, alanis morissette, queen, scorpions, goo goo dolls, bryan adams, bon jovi, deep purple
paradise lost, bonobo, stone temple pilots, thievery corporation, calexico, the offspring, hooverphonic, dj krush, gorillaz, sneaker pimps
interpol, yeah yeah yeahs, modest mouse, death cab for cutie, band of horses, the who, jefferson airplane, billie holiday, wu-tang clan, cat power
mariah carey, common, bj?rk, ghostface, sade, lupe fiasco, david bowie, marvin gaye, charlie parker, the clash, aretha franklin, nas
los hermanos, dream theater, ramones, pink floyd, reel big fish, janis joplin, ska-p, pearl jam, the jesus and mary chain, chico buarque, black sabbath, counting crows
die ?rzte, the hives, the killers, u2, travis, ok go, linkin park, franz ferdinand, gorillaz, the fratellis, the ting tings, die toten hosen, james blunt, black eyed peas, fall out boy, red hot chili peppers, gnarls barkley, oasis, the kooks
hey, placebo, the cranberries, myslovitz, radiohead, tori amos, dir en grey, dead can dance, moloko, róisín murphy, pid?ama porno, erykah badu, nirvana, the knife, guano apes, madonna, happysad
public enemy, gym class heroes, aesop rock, the beatles, the hives, tv on the radio, ani difranco, nick cave and the bad seeds, bob dylan, amy winehouse, elliott smith, james brown, blur, pj harvey, justin timberlake, pixies, the fall, the white stripes, the killers, belle and sebastian, dj shadow, nina simone, bj?rk, the flaming lips, ghostface, the cardigans, the beach boys, the clash, camera obscura, the smiths, arctic monkeys, stevie wonder, sonic youth, daft punk, the magnetic fields, the shins, johnny cash, prince, snoop dogg
kings of leon, interpol, kings of convenience, coldplay, metallica, ac/dc, nick cave and the bad seeds, mgmt, cocorosie, foals, portishead, the raconteurs, tegan and sara, snow patrol, róisín murphy, radiohead, the kooks, dead can dance, the beatles, fleet foxes, apocalyptica, koop, placebo, beastie boys, porcupine tree
edguy, iced earth, him, katatonia, the 69 eyes
manu chao, damian marley, the prodigy, bob marley & the wailers, tenacious d, asian dub foundation, no doubt, santana, counting crows, kings of leon, ben harper, stevie wonder, the specials, 3 doors down
king crimson, pink floyd, ludwig van beethoven, neutral milk hotel, death from above 1979, tom waits, animal collective, agalloch, burzum, captain beefheart & his magic band, queens of the stone age, the velvet underground, joanna newsom, frank zappa, godspeed you! black emperor, nick drake, led zeppelin, interpol, boards of canada, the beatles
u2, the corrs, dave matthews band, sufjan stevens, snow patrol, janet jackson, madonna, spoon, incubus, beck, evanescence, mae, coldplay, cake, the new pornographers, death cab for cutie, radiohead, the white stripes, doves, franz ferdinand, the all-american rejects, the flaming lips, keane, cold war kids, modest mouse, the raconteurs, belle and sebastian
kiss, the hellacopters, placebo, him, m?tley crüe, elvis presley, social distortion, afi, manic street preachers, the 69 eyes, depeche mode
diana krall, amy winehouse, corinne bailey rae, stevie wonder, marvin gaye, aretha franklin, common, prince
die ?rzte, bad religion, nofx, die toten hosen, millencolin, green day, the offspring, farin urlaub, me first and the gimme gimmes, rammstein, good charlotte, system of a down, evanescence, rise against, placebo, sum 41
muse, arctic monkeys, the last shadow puppets, editors, maroon 5, placebo, the verve, justin timberlake, fergie, the killers, coldplay, travis, incubus, pink, avril lavigne, paramore
guided by voices, the magnetic fields, fleetwood mac, the mountain goats, boards of canada, four tet, the album leaf, neil young, the books, iron & wine, tortoise, cat power, animal collective, grizzly bear, final fantasy, the gossip
evanescence, dream theater, nightwish, aerosmith, damien rice, iron maiden, metallica, stratovarius, stone sour, him, marilyn manson, madonna, enya, elton john, ludwig van beethoven, paradise lost, foo fighters, rainbow, megadeth, the cranberries, bon jovi, hoobastank
mariah carey, 3 doors down, avril lavigne, stereophonics, hooverphonic, sarah mclachlan, jennifer lopez, kylie minogue
jack johnson, nickelback, jason mraz, amy winehouse, m?tley crüe, rammstein, david guetta, fatboy slim, keane, damien rice, moby, breaking benjamin, rihanna, three days grace, elvis presley, incubus, snow patrol
hammerfall, red hot chili peppers, nightwish, metallica, phil collins, incubus, gnarls barkley, disturbed, [unknown], lordi, genesis, kelly clarkson, amy macdonald, system of a down, iron maiden, joss stone, children of bodom, elton john, iced earth, the offspring, madonna, dio, r.e.m., stratovarius, avril lavigne, maria mena, rammstein, limp bizkit, nickelback, scooter, him, justin timberlake, travis
die ?rzte, rammstein, farin urlaub, jet, papa roach, beatsteaks, b?hse onkelz, deichkind, coldplay, in extremo, system of a down, green day, koЯn, muse, ok go, red hot chili peppers, foo fighters, moby, david gray, the police, the hives
beirut, richard cheese, philip glass, amy winehouse, louis armstrong, diana krall, maroon 5, sean paul, n*e*r*d, the beatles, manu chao, system of a down, the doors, pink martini, daft punk, leonard cohen
madonna, beyoncé, céline dion, rihanna, pink, girls aloud, the pussycat dolls, christina aguilera, janet jackson, hilary duff, gwen stefani, amy winehouse, fergie, black eyed peas, lily allen, paramore, mika, colbie caillat, justin timberlake, avril lavigne, sugababes, alicia keys, panic at the disco, katy perry
kanye west, stevie wonder, busta rhymes, lil wayne, snoop dogg, t.i., the roots, the game, common, j dilla, 2pac, ne-yo, ghostface, craig david, jamiroquai, john legend, chamillionaire, red hot chili peppers, notorious b.i.g., 50 cent, akon, usher, outkast
the veronicas, imogen heap, leona lewis, nelly furtado, rihanna, dido, kylie minogue, madonna, alanis morissette, the rasmus
sepultura, dio, iron maiden, pink floyd, testament, rammstein, kyuss, kmfdm, megadeth, rage against the machine, slayer, ministry, manowar, marilyn manson, arch enemy, dead kennedys, tool, ac/dc, death, deep purple, black sabbath, rob zombie, fugazi, the smashing pumpkins, metallica, amon amarth, enigma, judas priest, ozzy osbourne
backstreet boys, britney spears, madonna, justin timberlake, black eyed peas, philip glass, james blunt, kelly clarkson, maroon 5, avril lavigne, dido, linkin park, benny benassi, ne-yo, evanescence, snow patrol, alanis morissette, keane, mariah carey, enrique iglesias, kylie minogue, coldplay
comeback kid, parkway drive, ignite, nofx, johnny cash, clueso
switchfoot, ti?sto
abba, joni mitchell, myslovitz, [unknown], u2, jethro tull, deep purple, sarah mclachlan, cat power
yellowcard, paramore, no doubt, my chemical romance, the used, muse, vampire weekend, sublime, the white stripes, red hot chili peppers, black eyed peas, gnarls barkley, electric six, death cab for cutie, anberlin, reel big fish, hellogoodbye, shakira, system of a down, queens of the stone age, the beatles, green day, motion city soundtrack, the killers, kelly clarkson, coheed and cambria, incubus, lifehouse, blink-182, gwen stefani
dethklok, amon amarth, children of bodom, madonna, cradle of filth
the doors, tom waits, john coltrane
flying lotus, foals, death from above 1979, the jam, the rapture, late of the pier, junior boys, joy division, digitalism, the blood brothers, hot chip, beastie boys, the whitest boy alive, crystal castles
the beatles, antony and the johnsons, mariah carey, death cab for cutie, arcade fire, rufus wainwright, radiohead, alicia keys, adam green, josé gonzález, stevie wonder, damien rice, david bowie, belle and sebastian, lou reed, the magnetic fields, the pipettes, alanis morissette, massive attack, iron & wine, mika, amy winehouse, cocorosie, franz ferdinand
foo fighters, frank sinatra, queen, keane, kasabian, arcade fire, supergrass, manic street preachers, razorlight, van morrison, the strokes, jack johnson, the ting tings, feeder, the corrs, blink-182, coldplay, t. rex, the pigeon detectives, barenaked ladies, blur
the magnetic fields, deerhunter, of montreal, camera obscura, the shins, cansei de ser sexy, late of the pier
sodom, kreator, amon amarth, b?hse onkelz, judas priest, testament, dimmu borgir, metallica, megadeth, slayer
placebo, matisyahu, babyshambles, billy talent, bloc party, franz ferdinand, 65daysofstatic, muse, arctic monkeys, the kooks, green day, the last shadow puppets, the killers, the hives
róisín murphy, bj?rk, katie melua, oasis
basshunter, [unknown], armin van buuren, timbaland, danny elfman, atb, ti?sto, scooter, paul oakenfold, andrew lloyd webber, 30 seconds to mars, britney spears
in flames, iron maiden, dragonforce, mindless self indulgence, nightwish, marilyn manson, him, the rasmus, jimmy eat world, the offspring, lacuna coil, linkin park, lordi, joshua radin, billy talent, panic at the disco, kent, evanescence, kaiser chiefs, the shins, bloodhound gang, mew, oomph!, say anything, hoobastank, the fray, basshunter, p.o.d., my chemical romance, razorlight, system of a down, papa roach, arctic monkeys, dark tranquillity, enya, groove coverage
sigur rós, bonobo, sufjan stevens, crystal castles, the books, architecture in helsinki, cocorosie, ella fitzgerald, justice, andrew bird, miles davis, air, jens lekman, rufus wainwright, animal collective, django reinhardt
incubus, slipknot, infected mushroom, sublime, guns n roses, stone sour, rage against the machine, foo fighters, n*e*r*d, soulfly, ill ni?o, the smashing pumpkins, blink-182, goo goo dolls, lenny kravitz, cypress hill, jamiroquai, ti?sto, green day, koЯn, red hot chili peppers, matisyahu, snoop dogg, atb, aerosmith, third eye blind, a perfect circle, maroon 5, sepultura, jay-z, deftones, john mayer, the doors
feist, u2, vangelis, antony and the johnsons
the cinematic orchestra, nightmares on wax, the crystal method, the prodigy, booka shade, bonobo, de-phazz
pink floyd, jethro tull, black sabbath, led zeppelin, the jimi hendrix experience, dio, deep purple, iron maiden, cream, pearl jam
eminem, pink, beyoncé, sublime, the police
queen, babyshambles, the strokes, stereophonics, led zeppelin, bloc party, arctic monkeys, the libertines, the clash, the rolling stones, muse, the pigeon detectives, amy winehouse, nirvana, keane, bob marley, adam green, klaxons, supergrass, travis, blur, the hives, dire straits, the verve, pulp, the police, pink floyd, madness, kt tunstall, radiohead, rammstein
chevelle, muse, tool, in flames, audioslave, breaking benjamin, 30 seconds to mars, soundgarden, maroon 5, the haunted, the hives, dark tranquillity, opeth, cannibal corpse, the mars volta, the used, natasha bedingfield
death cab for cutie, coldplay, the prodigy, the dresden dolls, patrick wolf, portishead, imogen heap, the dandy warhols, damien rice, massive attack, tegan and sara, regina spektor, goldfrapp, radiohead, mae, the fratellis, emilíana torrini, rufus wainwright, broken social scene, jamiroquai, [unknown]
a perfect circle, arctic monkeys, porcupine tree, muse, radiohead, explosions in the sky, dredg, queens of the stone age, oasis, mew, tool, jeff buckley, nightwish, mogwai, blackfield, riverside
koЯn, static-x, apocalyptica, linkin park, muse, pendulum, system of a down, rammstein, frou frou, the prodigy, blind guardian, arch enemy, t.a.t.u.
of montreal, animal collective, phoenix, grizzly bear, tv on the radio, the beatles, the shins, interpol, blonde redhead, sufjan stevens, arcade fire, dirty pretty things, the libertines, the rapture, radiohead, the vines, the white stripes, coldplay, pavement, the strokes, pink floyd, air, franz ferdinand, modest mouse, black rebel motorcycle club, deerhunter, broken social scene, the kinks, fleet foxes, band of horses, david bowie, max?mo park, clap your hands say yeah, the hives, the raconteurs, beirut, belle and sebastian, queens of the stone age, the brian jonestown massacre
the magnetic fields, city and colour, rilo kiley, devendra banhart, feist, alexisonfire, sufjan stevens, the hush sound, joshua radin, damien rice, bruce springsteen, the white stripes, minus the bear, ryan adams, john mayer, tegan and sara, ray lamontagne, carla bruni, misfits
modest mouse, broken social scene, stars, belle and sebastian, the shins, spoon, neutral milk hotel, mogwai, grizzly bear, sigur rós, feist, pink floyd, the postal service, clap your hands say yeah, band of horses, architecture in helsinki, arcade fire, sublime, ben folds five, barenaked ladies, bloc party, bob dylan, bright eyes, the white stripes, tv on the radio, death from above 1979, reel big fish, say anything, battles, red hot chili peppers, the blood brothers, kings of leon, okkervil river, ...and you will know us by the trail of dead, crystal castles, streetlight manifesto
subway to sally, the cure, queen, placebo, nirvana, anathema, guns n roses, loreena mckennitt, the sisters of mercy, type o negative, farin urlaub, apocalyptica, schandmaul, lacrimosa, silverchair
apoptygma berzerk, clint mansell, faith no more, ulver, system of a down, megadeth, lordi, samael, tiamat, nile, amorphis, metallica, cradle of filth, skinny puppy, therion, dark tranquillity, moonspell, strapping young lad, electric six, rob zombie, hypocrisy, bathory, bloodbath, the haunted, rammstein, marilyn manson, ministry
rhapsody of fire, joe satriani, danny elfman, eluveitie, antonio vivaldi, nightwish, blind guardian, avantasia, children of bodom, tenacious d, kamelot, howard shore, era, avril lavigne, ludwig van beethoven, ayreon, therion, john williams, black sabbath, iron maiden, hammerfall, turisas
jack johnson, panic at the disco, arctic monkeys, system of a down, franz ferdinand, fall out boy, angra, slipknot, kaiser chiefs, simple plan, red hot chili peppers, black eyed peas, good charlotte, the offspring, serj tankian, akon
howard shore, andrew lloyd webber, simon & garfunkel, céline dion
nirvana, hammerfall, [unknown], korpiklaani, in extremo, lacuna coil
amy winehouse, led zeppelin, stevie wonder, van halen, duran duran, aerosmith
red hot chili peppers, blonde redhead, daft punk, nick drake, moloko, the ting tings, led zeppelin, sarah mclachlan
chico buarque, radiohead, pink floyd, caetano veloso, janis joplin, elliott smith, jefferson airplane, coldplay, bj?rk, red hot chili peppers, pj harvey, the beatles, the doors, placebo, muse, nirvana, queens of the stone age, r.e.m., cocorosie, dire straits, the who, inxs, audioslave, the cure, king crimson, sigur rós, aimee mann, alanis morissette, the smiths, queen, soundgarden, genesis, alice in chains, led zeppelin, bob marley, gorillaz, cat stevens
the prodigy, o.s.t.r., burial, bob marley, alicia keys, pendulum, high contrast, r?yksopp, beyoncé, timbaland, matisyahu, atmosphere, rihanna, the chemical brothers, avril lavigne, frédéric chopin, kosheen
disturbed, dead can dance, rammstein, tool, [unknown], rhapsody of fire, infected mushroom, a perfect circle, nightwish, linkin park, guano apes, blind guardian, eminem, coma, ayreon, mike oldfield, creed, papa roach, deathstars, bathory, tori amos, apocalyptica, koЯn, fiona apple, lacuna coil, limp bizkit, metallica, system of a down, lordi, godsmack, strapping young lad, samael, rage against the machine, rob zombie, leonard cohen, static-x, daft punk
apoptygma berzerk, belle and sebastian, shout out louds, h?kan hellstr?m, combichrist, the shins, infected mushroom, the hives, ladytron, animal collective, arcade fire, iamx, bright eyes, the new pornographers, the rolling stones, justice
adele, beirut, kate nash, amy winehouse, of montreal, madonna, fiona apple, christina aguilera, kaiser chiefs, bat for lashes, vampire weekend, radiohead, lily allen, regina spektor, the strokes, sia, arctic monkeys, the bravery, sara bareilles, corinne bailey rae, ashlee simpson, mgmt, hot hot heat, kings of leon, peter bjorn and john, britney spears, édith piaf, the ting tings, lady gaga, santogold, m.i.a., rilo kiley, cut copy, jens lekman, the libertines, the postal service
feeder, brand new, funeral for a friend, thursday, taking back sunday, bj?rk, biffy clyro, death cab for cutie, the blood brothers, alexisonfire, bloc party, the killers, hot chip, the kooks, jimmy eat world, the beatles, arctic monkeys, the cure, editors, alkaline trio, minus the bear, new found glory, the fall of troy, the postal service, finch, explosions in the sky, saves the day, sigur rós, joy division
joy division, the beatles, eels, the brian jonestown massacre, pink floyd, the velvet underground, echo & the bunnymen, electric light orchestra, the mars volta, my bloody valentine, interpol, slowdive, beastie boys, public enemy, the kooks
red hot chili peppers, linkin park, rammstein, eminem, bloodhound gang, good charlotte, coldplay, the offspring, fall out boy, three days grace, limp bizkit, green day, nelly furtado, simple plan, iron maiden, katie melua, avril lavigne, story of the year, system of a down, the dandy warhols, the rolling stones, arctic monkeys, snow patrol
lacrimosa, placebo, the cure
at the gates, dimmu borgir, flogging molly, ministry, system of a down, slayer, joe satriani, iced earth, sublime
[akira yamaoka]
modest mouse, amon amarth, death cab for cutie, tom waits, converge, bloc party, yeah yeah yeahs, mirah, blind guardian, m.i.a., philip glass, the black dahlia murder, the cure, bright eyes, tortoise, fugazi, the shins, dinosaur jr., devendra banhart, black sabbath, neutral milk hotel, ladytron, elliott smith
against me!, converge, animal collective, bright eyes, the blood brothers, sage francis, joanna newsom, the flashbulb, the mountain goats, the smiths, the weakerthans, atmosphere, neutral milk hotel, 65daysofstatic, gorillaz, modest mouse
dark tranquillity, sentenced, in flames, schandmaul, amon amarth, amorphis, norther, metallica, disturbed, killswitch engage, sabaton, system of a down, three days grace, bullet for my valentine, breaking benjamin, kamelot, haggard, opeth, scar symmetry, soilwork, equilibrium, eluveitie, ill ni?o, epica, rammstein, the haunted
blink-182, fall out boy, architecture in helsinki, ok go, the all-american rejects, katy perry, paramore, all time low, the wombats, kaiser chiefs, foo fighters, billy talent, motion city soundtrack, taking back sunday
infected mushroom, shpongle, delerium, moby, ludacris, rammstein, scooter, linkin park
babyshambles, 3 doors down, pid?ama porno, kult, the libertines, relient k, david bowie, guano apes
slayer, sodom, bathory, kreator, vader, death, sepultura, testament, morbid angel, children of bodom, carcass, amon amarth, judas priest, metallica, iron maiden, megadeth, samael, anthrax
pid?ama porno, hey, myslovitz, happysad, coma, akurat, kult
no doubt, nightwish, foo fighters, antonio vivaldi, anti-flag, koЯn, tool, evanescence, system of a down, red hot chili peppers, gwen stefani, lifehouse, a perfect circle, 3 doors down, loreena mckennitt
ella fitzgerald, vampire weekend, chris brown, rihanna, sufjan stevens, feist
jem, shiny toy guns, sara bareilles
devildriver, norther, in flames, mot?rhead, hammerfall, slayer, dragonforce, slipknot, moonspell, blind guardian, iron maiden
hard-fi, chicane, the killers, coldplay, armin van buuren, paul van dyk, ti?sto, bloc party, delerium, kate nash, snow patrol, keane, depeche mode, editors, james blunt, ferry corsten, muse, hellogoodbye, jack johnson, moby, def leppard, amy winehouse, razorlight, faithless, madonna, new order, pet shop boys
slayer, opeth, led zeppelin, kreator, at the gates, david bowie, dead kennedys, machine head, darkthrone, katatonia, black sabbath, nile, metallica, meshuggah, death, megadeth, napalm death, burzum, the jimi hendrix experience, rush, the dillinger escape plan, buckethead, ac/dc, bloodbath
breaking benjamin, yellowcard, skillet, papa roach, jimmy eat world, 44, chevelle, him, disturbed, limp bizkit
jason mraz, hoobastank, imogen heap, kelly clarkson, skillet, frou frou, evanescence, linkin park, maroon 5, britney spears, the beatles, goo goo dolls, fall out boy, kt tunstall, gorillaz, backstreet boys, flogging molly
afi, a day to remember, parkway drive, death cab for cutie, imogen heap, escape the fate, circa survive, sufjan stevens, sum 41, bring me the horizon, blink-182, paramore, brand new, taking back sunday
céline dion, édith piaf, scissor sisters, kylie minogue, madonna, aretha franklin
the knife, mirah, ratatat, arcade fire, architecture in helsinki, kings of convenience, blonde redhead, cat power, cocorosie, of montreal, the whitest boy alive, elliott smith, devendra banhart, metric, air, fugazi, peaches, the smashing pumpkins, death cab for cutie, thom yorke, bat for lashes, broken social scene, crystal castles, pj harvey
mot?rhead, pantera, tenacious d, deep purple, bon jovi, iron maiden, m?tley crüe, ozzy osbourne, scorpions, thin lizzy, judas priest, queen, black sabbath, alice cooper, metallica, def leppard, velvet revolver
sum 41, kanye west, metallica, eminem, iron maiden, t.i., notorious b.i.g., nickelback, breaking benjamin, the game, turbonegro, linkin park, audioslave, 50 cent, red hot chili peppers, black label society, cypress hill, damian marley, jet, gang starr, eagles, lynyrd skynyrd, snoop dogg, ice cube, creedence clearwater revival, billy talent, coldplay, johnny cash, godsmack, jay-z, the beach boys, fort minor
metallica, ac/dc, disturbed, koЯn, nightwish, rammstein, blind guardian, green day, megadeth, enya, marilyn manson, eric clapton, red hot chili peppers, rob zombie, sirenia, linkin park, the rolling stones, queen, elvis presley, amorphis, iron maiden, ozzy osbourne, judas priest, the offspring, bruce springsteen, apocalyptica, aerosmith, epica, seether
r.e.m., saves the day, jimmy eat world, breaking benjamin, thursday, my chemical romance, grateful dead, foo fighters, linkin park, the beatles, paramore, mae, misfits, fall out boy
the fall of troy, bloc party, the smashing pumpkins, the brian jonestown massacre, the wombats, 36 crazyfists, the subways, alkaline trio, misfits, enter shikari, late of the pier, funeral for a friend, converge, finch
eric clapton, the cinematic orchestra, johann sebastian bach, de-phazz, dire straits, gotan project, nouvelle vague, calexico, jazzanova, radiohead, bruce springsteen, joanna newsom, muse, regina spektor, death cab for cutie, dido, emilíana torrini, incubus, the white stripes, porcupine tree, sneaker pimps, rjd2, bj?rk, air, erykah badu, lamb
iron maiden, metallica, queensr?che, pink floyd, queen, muse, guns n roses, van halen, dragonforce, guano apes, megadeth, def leppard, scorpions, norah jones, nightwish, pearl jam, system of a down, moonspell, the offspring, ac/dc, louis armstrong, porcupine tree, bryan adams, judas priest, slayer, michael jackson, ray charles, fatboy slim, jimi hendrix, rammstein, stevie wonder, limp bizkit, mastodon, inxs, mot?rhead, marilyn manson, stratovarius, koЯn
dave matthews band, the killers, john mayer, sting, angels & airwaves, plain white ts, boys like girls, foo fighters, the police, dashboard confessional, counting crows, fall out boy, keane, ben folds, new found glory, badly drawn boy, blink-182, the academy is..., hard-fi
the bouncing souls, against me!, beirut, neutral milk hotel, bad religion, flogging molly, millencolin, nofx, rancid, a tribe called quest, jack johnson, devendra banhart, lagwagon, iron & wine, of montreal, the distillers, serj tankian, atmosphere, gogol bordello, sufjan stevens
prince, bob dylan, ani difranco, tori amos, tom waits, goldfrapp, neil young, billie holiday, michael jackson, fiona apple, nick drake, alanis morissette, ella fitzgerald, nina simone, muse, lenny kravitz, nirvana, gogol bordello
feist, incubus, air, los hermanos, édith piaf, télépopmusik, yann tiersen, imogen heap, circa survive, deftones, kings of leon, nouvelle vague, red hot chili peppers
marvin gaye, the roots, janet jackson, rihanna, cunninlynguists, nas, 2pac, maria mena, ne-yo, abba, backstreet boys, leona lewis, de la soul, usher, jordin sparks, beyoncé, talib kweli, eminem, onerepublic, chris brown, jurassic 5, akon, alicia keys, the game, nelly, justin timberlake, t.i.
ray charles, 50 cent, the prodigy, kanye west, alicia keys, eminem, goldfrapp, system of a down, mylo, akon, pixies, infected mushroom, rammstein, snoop dogg, unkle
iron maiden, metallica, james brown, bon jovi, depeche mode, stevie wonder, the streets, ac/dc, genesis, nirvana, gogol bordello, m?tley crüe, girl talk, oasis, eagles, r.e.m.
yann tiersen, morcheeba, enigma, parov stelar, dead can dance, moby, sigur rós, beirut, massive attack, air, eddie vedder, max richter, vangelis, lamb, cat power, leonard cohen, portishead
aerosmith, bon jovi, matchbox twenty, skid row, the hellacopters, the rolling stones
nickelback, simple plan, immortal technique, akon, fort minor, three days grace, the all-american rejects, breaking benjamin, seether, onerepublic, taking back sunday, p.o.d., pink, jason mraz, gavin degraw, green day, skillet, foo fighters, the prodigy, rise against, slipknot, jedi mind tricks
lady gaga, lily allen, the cardigans, r?yksopp, franz ferdinand, cansei de ser sexy, abba, the smiths, jennifer lopez, garbage, sugababes, michael bublé, the killers, carla bruni, shiny toy guns, flight of the conchords, britney spears, girls aloud, madonna, ok go
rammstein, maroon 5, good charlotte, beastie boys, daft punk, avril lavigne, panic at the disco, paramore, franz ferdinand, him, ashlee simpson, james blunt, rihanna, fort minor, cobra starship, kelly clarkson, three days grace, simple plan, blink-182, red hot chili peppers, the offspring, dmx, the killers, snoop dogg, bloodhound gang, the fray, chamillionaire, limp bizkit, mika, green day, foo fighters, kanye west, 30 seconds to mars, richard cheese
vampire weekend, pixies, death cab for cutie, of montreal, mgmt, nouvelle vague, belle and sebastian, calexico, bat for lashes, eels, m. ward, nick drake, architecture in helsinki, camera obscura, goldfrapp, bright eyes, the cure, beck, cut copy, jamiroquai, modest mouse, hot chip, cansei de ser sexy, animal collective, the stone roses, jack johnson, bonnie prince billy, gorillaz, ladytron, kimya dawson, the knife, adam green, the shins, bob marley & the wailers, basement jaxx, the notwist, feist
disturbed, ensiferum, heaven shall burn, ska-p, sum 41, die toten hosen, nine inch nails, the beatles, red hot chili peppers
nirvana, placebo, coldplay, him, red hot chili peppers, blondie, foo fighters, metallica, damien rice
the beatles, radiohead, mgmt, coldplay, tv on the radio, modest mouse, lcd soundsystem, arctic monkeys, the last shadow puppets, kanye west, interpol, low, the smashing pumpkins, tom waits, the shins, band of horses, lil wayne, the white stripes, kings of leon, cold war kids, the killers, the raconteurs, the smiths, editors, blonde redhead, bloc party, the wombats, blink-182, devendra banhart, pixies, david gray, sufjan stevens, beirut, sigur rós, rilo kiley, the rolling stones
the beatles, oasis, radiohead, notorious b.i.g., brand new, nirvana, madonna, incubus, system of a down, tool, r.e.m., dave matthews band, red hot chili peppers, sigur rós, brian eno, pj harvey, coldplay, missy elliott, u2, bj?rk, ani difranco, slayer, metallica, sarah mclachlan, christina aguilera, the cure, britney spears, rage against the machine, eminem, aphex twin, koЯn, iron & wine, talib kweli, marilyn manson, fiona apple, alanis morissette, michael jackson, feist, the smashing pumpkins, daft punk, janet jackson
ensiferum, my dying bride, children of bodom, sabaton, avenged sevenfold, cradle of filth, nile, edguy, sonata arctica, death, black sabbath, morbid angel, hammerfall, immortal, bloodbath, burzum, dark tranquillity, anathema, katatonia
miles davis, o.s.t.r., amy winehouse, charlie parker, billie holiday, the streets, a tribe called quest, aretha franklin, beastie boys, rancid, the herbaliser, ray charles, erykah badu, outkast, lily allen, chet baker, de la soul, the offspring, the roots, adele, gang starr, kimya dawson, django reinhardt, chromeo, descendents, basement jaxx, eminem, otis redding, santogold, dizzee rascal, frédéric chopin
in flames, hans zimmer, eluveitie, sentenced, behemoth, katatonia, danny elfman, finntroll, korpiklaani, pain, vader, gojira, pantera, slipknot, ensiferum, the killers, nightwish, kent, burzum, rob zombie, blind guardian, lordi, alice in chains, bathory, hypocrisy, norther
thievery corporation, de-phazz, mr. scruff, lamb, massive attack, tosca, bonobo, groove armada, air, nightmares on wax, r?yksopp, hooverphonic, koop, st. germain, faithless, goldfrapp, télépopmusik, parov stelar, jazzanova
the strokes, tenacious d, the beatles, disturbed, green day, muse, linkin park, nirvana, arctic monkeys, queen, paramore, metallica, rage against the machine, jimi hendrix, ac/dc, franz ferdinand, 3 doors down, the doors, led zeppelin, papa roach, ramones, anberlin, three days grace, kings of leon, incubus, seether, the fratellis, breaking benjamin, the offspring, bob marley, staind, the smashing pumpkins, red hot chili peppers, mae, megadeth, p.o.d., iron maiden, interpol, the white stripes, system of a down, black sabbath, stone temple pilots, the mars volta, lynyrd skynyrd
radiohead, bonobo, roots manuva, explosions in the sky, sigur rós, four tet, mogwai, devendra banhart, prefuse 73, boards of canada, wilco, thievery corporation, the album leaf, flying lotus, portishead, arcade fire, massive attack, the flaming lips, max richter, j dilla, mr. scruff, god is an astronaut, animal collective, dj shadow, the herbaliser, iron & wine, rjd2
devildriver, nine inch nails, marilyn manson, deichkind, combichrist, rammstein
pink floyd, the zombies, the rolling stones, elvis presley, abba, the jimi hendrix experience, simon & garfunkel, queen, the kinks, led zeppelin, ramones, bee gees, t. rex, the byrds, bob dylan, dire straits, the velvet underground, mgmt
the distillers, rancid, madonna, social distortion, no doubt, the clash, blondie, the beatles, red hot chili peppers, bad religion, the offspring, ramones, the bouncing souls, gwen stefani, ac/dc, frank sinatra, girls aloud, green day, dead kennedys, the velvet underground, britney spears, prince, the police, new order, ti?sto, nofx, shakira, jimi hendrix, nirvana, johnny cash, the rolling stones, david bowie, bruce springsteen, spice girls, nouvelle vague, lady gaga
sage francis, all shall perish, senses fail, alexisonfire, alesana, a day to remember, enter shikari, all that remains, fall out boy, from first to last, all time low, notorious b.i.g.
pixies, prince, the knife, tv on the radio, the national, architecture in helsinki, arcade fire, devendra banhart, neutral milk hotel, justice, broken social scene, cocorosie, patrick wolf, final fantasy, flight of the conchords, hot chip, modest mouse, animal collective, belle and sebastian, sufjan stevens, the go! team, le tigre, the velvet underground, m.i.a., of montreal, ben folds five, girl talk, cat power, kate bush, cansei de ser sexy, bj?rk, regina spektor, sonic youth
the beatles, david bowie, the cure, john mayer, oasis, the kooks, jimi hendrix, james brown, editors
fiona apple, los hermanos, blonde redhead, anna ternheim, the killers, radiohead, bj?rk, manu chao, regina spektor, carla bruni, depeche mode, the smiths, echo & the bunnymen, joy division, the strokes, gogol bordello, kraftwerk, amy winehouse, franz ferdinand, bloc party, four tet, the beatles, the beach boys, incubus, r?yksopp, queen, the white stripes, chico buarque, david bowie, pink floyd
cradle of filth, slipknot, nightwish, volbeat, abba, lady gaga, breaking benjamin, britney spears, mogwai
sigur rós, múm, the album leaf, explosions in the sky, m83, air, boards of canada, mono, moby, r?yksopp, brian eno, mogwai, massive attack, bj?rk, enigma, four tet, aphex twin, godspeed you! black emperor, thievery corporation, 65daysofstatic, god is an astronaut, the future sound of london
snow patrol, beyoncé, nightwish, leona lewis, adele, coldplay, céline dion, michael jackson, james blunt, maria mena, journey, peter fox, amy macdonald, the gossip, avril lavigne, james morrison, a fine frenzy, evanescence, tegan and sara, onerepublic, muse, linkin park, razorlight, mika, dido, katy perry, kelly clarkson, madonna, christina aguilera, lady gaga, the fray, lifehouse, beatsteaks, a day to remember, jason mraz, mary j. blige
snow patrol, the killers, ben folds, editors, bob dylan, razorlight, max?mo park, r?yksopp, kings of leon, david gray, jack johnson, the pigeon detectives, damien rice, keane, dire straits, hellogoodbye, hoobastank, a-ha, bloc party, death cab for cutie, hard-fi, the fratellis, the kooks, the strokes, john legend, gang starr, andrew lloyd webber, fall out boy, lamb, pendulum, hot hot heat, counting crows, orbital, phoenix
linkin park, the clash, bob marley & the wailers, the rolling stones, the beach boys, otis redding, elvis presley, marvin gaye, die toten hosen, ramones, the offspring, james brown, michael jackson, johnny cash, the jimi hendrix experience, jack johnson, gentleman, bob dylan, green day, limp bizkit, red hot chili peppers, ray charles, sex pistols, bruce springsteen, seeed, the hives, cat stevens, ac/dc, john legend, jay-z, 2pac, foo fighters, eric clapton, the cure, the white stripes, louis armstrong, rihanna, akon, the libertines, the killers, alicia keys, jimmy eat world, creedence clearwater revival, koЯn, system of a down, sean paul
eagles, dire straits, eric clapton, phil collins, journey, john williams, genesis, bruce springsteen, a-ha, elton john, michael jackson, queen, the beatles, sting, alanis morissette, billy joel, dave matthews band, christina aguilera, the police, pink floyd, bryan adams, frank sinatra, limp bizkit, the cranberries, tracy chapman, die toten hosen, bee gees, seal
aphex twin, high contrast, led zeppelin, mylo, massive attack, squarepusher, m83, apparat, broken social scene, múm, amon tobin, manic street preachers, lcd soundsystem, autechre, flying lotus, bonobo, róisín murphy, counting crows, orbital, stereophonics, kate bush, o.s.t.r., burial
in flames, meshuggah, system of a down, muse, sepultura, panic! at the disco, the smashing pumpkins, slipknot, the cure, cannibal corpse, bring me the horizon, dream theater, koЯn, the birthday massacre, saosin, regina spektor, slayer, mika, stone sour, bj?rk, soulfly, the haunted, metallica, ill ni?o, h?kan hellstr?m, all shall perish, dark tranquillity, carla bruni, audioslave
belle and sebastian, dead kennedys, the white stripes, beastie boys, arcade fire, tool, adam green, le tigre, system of a down, bloc party, calexico, hot hot heat, elliott smith, die ?rzte, the strokes, max?mo park, the vines, incubus, the postal service, the gossip, the raconteurs, tom waits, clap your hands say yeah, queens of the stone age, the shins, foo fighters, sufjan stevens, the faint, feist, yann tiersen, tegan and sara, death cab for cutie, joanna newsom, the new pornographers, pj harvey, against me!, ben folds five, weezer, death from above 1979
amon tobin, thievery corporation, nouvelle vague, faithless, nightwish, hans zimmer, louis armstrong, various artists, massive attack, moby, placebo, green day, sarah mclachlan, shakira, clint mansell, red hot chili peppers, mike oldfield, portishead, dido, the kinks, depeche mode, vangelis, oasis, herbie hancock
all time low, good charlotte, the used, cute is what we aim for, afi, senses fail, motion city soundtrack, taking back sunday, hellogoodbye, brand new, panic at the disco, alesana, sum 41, my chemical romance, saosin, fall out boy, from first to last, cobra starship, atreyu, sugarcult, third eye blind, chiodos
bob marley & the wailers, within temptation, rhapsody of fire, him, black sabbath, bob marley, ac/dc, manu chao, pendulum, mindless self indulgence, cocorosie, iron maiden, kult, sublime, the offspring, dj shadow, michael jackson, high contrast, alice cooper, missy elliott, u2, bad religion, ti?sto, nelly furtado
of montreal, panic at the disco, elliott smith, phoenix, beck, ok go, rufus wainwright, ben folds, sigur rós, air
30 seconds to mars, placebo, mindless self indulgence, skillet, akira yamaoka, the killers, massive attack, dir en grey, a perfect circle, lostprophets, t.a.t.u., franz ferdinand, good charlotte
oasis, bob dylan, coldplay, damien rice, muse, soundtrack, depeche mode, the fratellis, system of a down, blur, michael jackson, the cranberries, ryan adams, travis
édith piaf, chico buarque, the doors, the kinks, david bowie, janis joplin, the killers, mika, kimya dawson
explosions in the sky, 65daysofstatic, god is an astronaut, mogwai, mono, the album leaf, sigur rós, godspeed you! black emperor, prince, tortoise, immortal technique, bad religion, boards of canada, dead kennedys, broken social scene, muse
serge gainsbourg, hooverphonic, cocorosie, t.a.t.u., the beatles, madonna, britney spears, abba, gorillaz
linkin park, the cranberries, delerium, madonna, the offspring, slayer
junior boys, the knife, boards of canada, r?yksopp, orbital, morcheeba, booka shade, chromeo, simian mobile disco
the cinematic orchestra, boards of canada, bonobo, jefferson airplane, the rolling stones, the fall of troy, pink floyd, lynyrd skynyrd, four tet
the clash, ramones, the velvet underground, the rolling stones, aretha franklin, john lennon, pink floyd, bob dylan, metallica, jimi hendrix, the smashing pumpkins, chico buarque, elvis presley, nina simone, the beatles, billie holiday, carla bruni, ella fitzgerald, u2, andrew bird, miles davis, frank zappa, herbie hancock
damian marley, kult, hey, gentleman, matisyahu, coma, akurat, sean paul, bob marley, pid?ama porno, bob marley & the wailers, tori amos, happysad, the cranberries
beirut, radiohead, beck, muse, josé gonzález, cat power, placebo, hard-fi, moby, counting crows, interpol
the hives, nofx, simple plan, pennywise, linkin park, from autumn to ashes, sum 41, erykah badu
mariah carey, red hot chili peppers, [unknown], eminem, matchbox twenty
dashboard confessional, saosin, brand new, coheed and cambria, fall out boy, underoath, circa survive, from autumn to ashes, new found glory, gym class heroes, comeback kid, the cure, converge, escape the fate, the fall of troy, emery, paramore, taking back sunday, blink-182, chiodos, anberlin, coldplay, the mars volta, from first to last, thrice, modest mouse, jay-z
a day to remember, metallica, all time low, blink-182, ignite, slipknot, rise against, killswitch engage, as i lay dying, tenacious d, b?hse onkelz, city and colour, atreyu, coldplay, saosin, sonic syndicate, gym class heroes
fall out boy, the all-american rejects, blink-182, kelly clarkson, red.jumpsuit.apparatus, avenged sevenfold, paramore, nickelback, september, panic! at the disco, the used, evanescence, the academy is..., frank sinatra
avantasia, finntroll, lacuna coil, nightwish, the gathering, ensiferum, after forever, judas priest, theatre of tragedy, audioslave, testament, haggard, tristania, moonspell, amon amarth, amorphis, tarja turunen, norther, stratovarius, hammerfall, opeth, in extremo
michael bublé, chet baker, jack johnson, damien rice, jason mraz, britney spears, soundtrack, corinne bailey rae, craig david, linkin park, prince, justin timberlake
erykah badu, kings of leon, michael jackson, john mayer, the jimi hendrix experience, the beach boys, justin timberlake, jason mraz, r?yksopp, queen, sia, gavin degraw, david bowie, cat stevens, james blunt, nelly furtado, the rolling stones, muse, madonna, bon iver, kings of convenience, john legend, britney spears, depeche mode, moby, michael bublé, the whitest boy alive, kent, ratatat, the gossip, radiohead, katy perry, dire straits, a-ha, zero 7, band of horses, leona lewis, genesis, coldplay, daft punk
linkin park, asian dub foundation, the pussycat dolls, fischerspooner, outkast, benny benassi, shiny toy guns, limp bizkit, justin timberlake, dj shadow, evanescence, nickelback, the chemical brothers, 50 cent, blur, pendulum, fort minor, bloodhound gang
elvis presley, muse, alice in chains, red hot chili peppers, soundtrack, janis joplin
red hot chili peppers, modest mouse, lupe fiasco, air, bloc party, 2pac, coldplay, nas, kanye west, ludacris, massive attack, rage against the machine, arctic monkeys, moby, r?yksopp, groove armada, mos def, the prodigy, john mayer, manu chao, the killers, dizzee rascal, busta rhymes, common, nickelback, jamiroquai, the beatles, justin timberlake, nirvana, jay-z, the jimi hendrix experience, alicia keys, pendulum, asian dub foundation, corinne bailey rae, sean paul, bob marley & the wailers, snoop dogg, cypress hill, akon, maroon 5
mot?rhead, thin lizzy, led zeppelin, judas priest, queens of the stone age, rush, pink floyd, iron maiden, nick cave and the bad seeds, black label society, pearl jam, the sisters of mercy, ac/dc, antony and the johnsons, kiss, frank zappa, rainbow
the flaming lips, alice in chains, the beatles, tool, black sabbath, the mars volta, melvins, pearl jam, kyuss, aphex twin, portishead, soundgarden
nofx, sublime, gogol bordello, ozzy osbourne
pearl jam, ramones, godsmack, linkin park, a perfect circle, disturbed, staind, bob dylan, garbage, 30 seconds to mars, nofx, papa roach, 3 doors down, my chemical romance, the beatles, the beach boys, mudvayne, flogging molly, guano apes, the hives, marilyn manson, drowning pool, chevelle, neil young, pink floyd, system of a down, koЯn, rage against the machine, red hot chili peppers, audioslave, seether, enigma, ozzy osbourne
guano apes, avril lavigne, linkin park, die toten hosen, the offspring, rihanna, britney spears, billy talent, eminem, fall out boy, story of the year, sonata arctica, bullet for my valentine, subway to sally
elliott smith, morphine, the black keys, andrew bird, neko case, the brian jonestown massacre, tv on the radio, calexico, radiohead, sufjan stevens, beirut, the notwist, m. ward, deerhunter, cut copy, the dandy warhols
miles davis, the beatles, the zombies, beck, charlie parker, nouvelle vague, feist, leonard cohen, serge gainsbourg, cat power, the smashing pumpkins, m.i.a., air, the velvet underground, johnny cash, sigur rós, joanna newsom, radiohead, bj?rk, eels, rilo kiley, carla bruni, chet baker, t. rex, édith piaf, bright eyes, the cardigans, múm, rufus wainwright, arcade fire, elvis presley, blonde redhead
cypress hill, nouvelle vague, nirvana, matisyahu, bonobo, thievery corporation, the prodigy, rage against the machine, o.s.t.r., apocalyptica, gogol bordello, air
paul van dyk, the beatles, moby, u2, dave matthews band, coldplay, armin van buuren, jethro tull, queen, matisyahu, the corrs, john mayer
nickelback, dream theater, joe satriani, nightwish, porcupine tree, ac/dc, aerosmith, the subways
the cure, metallica, bright eyes, neil young, bob marley & the wailers, coheed and cambria, ac/dc, the used, grateful dead, weezer, black flag, circa survive, kanye west, the decemberists, iron maiden, interpol, against me!, nirvana, the beatles, judas priest, the smashing pumpkins, sublime, tool, r.e.m., jimi hendrix, the black dahlia murder, chiodos, cake, koЯn, deftones, led zeppelin, slayer, seether, beastie boys, benny benassi, bob marley, joe satriani, atreyu, bad religion, beck
nickelback, happysad, lostprophets, the used, fall out boy, sabaton, good charlotte, nightwish, enya, three days grace, within temptation, avenged sevenfold, daft punk, guano apes, alter bridge, manowar, tenacious d, 30 seconds to mars, hellogoodbye, evanescence, green day
underworld, coldplay, death cab for cutie, daft punk, beck, placebo, orbital, sneaker pimps, sonic youth, spoon, the postal service, the cranberries
hammerfall, stratovarius, judas priest, kiss, kreator, theatre of tragedy, megadeth, epica, sirenia, tristania, helloween, mot?rhead, cannibal corpse, sonata arctica, scorpions, nightwish, apocalyptica, avantasia, carcass, therion
rancid, ramones, nofx, johnny cash, descendents, the bouncing souls, misfits, dead kennedys, the clash, flogging molly
the smiths, interpol, the beatles, anberlin, city and colour, porcupine tree, radiohead, the cure, bloc party, editors, afi, stone temple pilots, r.e.m., tokyo police club, blink-182, modest mouse, alice in chains, coldplay, foo fighters, incubus, mew, hot hot heat, dashboard confessional, alexisonfire, angels & airwaves, ben harper, staind, arcade fire, the shins, nirvana
apparat, simian mobile disco, bloc party, bon iver, amon tobin, rammstein, the shins, crystal castles
joe satriani, santana, jimi hendrix, the rolling stones, eric clapton, cream, deep purple, led zeppelin, the jimi hendrix experience, buckethead, van halen, lynyrd skynyrd, dream theater, bob dylan, fleetwood mac, neil young, lou reed, david bowie, dire straits
a perfect circle, nine inch nails, manu chao, metallica, bob marley, good charlotte, rammstein, system of a down, simple plan, depeche mode, gorillaz, nirvana, green day, the prodigy, guns n roses, hoobastank, tool, marilyn manson, papa roach, sonata arctica, basshunter, muse, jason mraz, slipknot, alkaline trio, coldplay, three days grace
nickelback, fall out boy, the offspring, daft punk, avril lavigne, hellogoodbye, green day, high contrast, linkin park, damien rice, papa roach, my chemical romance, coldplay, basshunter, amy winehouse, bon jovi, queens of the stone age, jet, pink, social distortion, scooter, katy perry, ac/dc
a tribe called quest, j dilla, cunninlynguists, immortal technique, nas
bon jovi, blink-182, simple plan, avantasia, linkin park, sabaton, green day, nightwish, sonata arctica, kiss, dragonforce, hans zimmer, 30 seconds to mars, gamma ray, good charlotte, helloween, edguy, manowar, rhapsody of fire, blind guardian, iced earth, bryan adams, kamelot, stratovarius, angra
nas, pj harvey, sonic youth, talking heads, a tribe called quest, the rolling stones, brian eno, talib kweli, beck, black flag, busta rhymes, dinosaur jr., mos def, blink-182, common, mf doom, mobb deep, public enemy, radiohead, sade, the hellacopters, the jimi hendrix experience
fort minor, limp bizkit, rammstein, pink, t.a.t.u., slipknot, bloodhound gang, rihanna
enrique iglesias, craig david, armin van buuren, beyoncé, lady gaga, robbie williams, kelly clarkson, rihanna, pink, black eyed peas, nickelback, 3 doors down, justin timberlake, ti?sto, flo rida, jordin sparks, britney spears, metro station, katy perry, hoobastank, green day, bon jovi, taylor swift, david guetta, sum 41
[johnny cash]
jack johnson, coldplay, queen, norah jones, kt tunstall, damien rice, manic street preachers, billy joel
m?tley crüe, metallica, helloween, skid row, edguy, judas priest, atb, armin van buuren, cradle of filth, def leppard, black sabbath, kylie minogue, goo goo dolls, depeche mode, stratovarius, guns n roses, kiss, dream theater, slipknot
roots manuva, flying lotus, the prodigy, adele, pendulum, three days grace, the haunted
porcupine tree, dimmu borgir, amon amarth, opeth, slayer, metallica, cannibal corpse, nine inch nails, satyricon, marilyn manson, arch enemy, iron & wine, lamb of god, nile, gojira, bloodbath, meshuggah, dark tranquillity, behemoth
king crimson, jethro tull, loreena mckennitt, anathema, camel, porcupine tree, the doors, johnny cash, pink floyd
the who, jethro tull, r?yksopp, cream, janis joplin, supertramp, the rolling stones, rush, led zeppelin, genesis, the jimi hendrix experience, infected mushroom, camel, john lennon, system of a down, dire straits, scorpions, creedence clearwater revival, eagles, electric light orchestra, grateful dead, porcupine tree
jack johnson, panic at the disco, pantera, jason mraz, the kooks, taylor swift, red.jumpsuit.apparatus, coldplay, bob marley & the wailers, new found glory, incubus, the fratellis, the ting tings, the veronicas, rage against the machine, foals, arctic monkeys, damian marley, all time low, anberlin, the academy is...
the beatles, the rolling stones, frank sinatra, the kinks, the beach boys, the who, elvis presley, eric clapton, simon & garfunkel, eagles, john lennon, led zeppelin, david bowie, creedence clearwater revival, ella fitzgerald, cream, queen, the doors, bob dylan, jimi hendrix, the byrds, billie holiday, louis armstrong, neil young, billy joel, elton john, lynyrd skynyrd, ray charles
dimmu borgir, in flames, paradise lost, dark tranquillity, cradle of filth, amon amarth, pantera, sonata arctica, iced earth, blind guardian, iron maiden, ozzy osbourne, strapping young lad, satyricon, ayreon, opeth, katatonia, system of a down, soilwork
epica, katatonia, lacuna coil, dir en grey, nightwish, theatre of tragedy, within temptation, the gathering, evanescence, [unknown], tiamat
bob dylan, the cranberries, johnny cash, r.e.m., jack johnson, bruce springsteen, dire straits, barenaked ladies, dave matthews band, david bowie, joni mitchell, they might be giants, the doors, beck
goo goo dolls, creed, norah jones, ac/dc, ne-yo, los hermanos, scorpions, santana, colbie caillat, james morrison, guns n roses, madonna
armin van buuren, ti?sto, depeche mode, timbaland, moby, alanis morissette, the prodigy, ferry corsten, atb, david guetta, jennifer lopez, madonna, the offspring, paul oakenfold, nelly furtado
[groove coverage]
bj?rk, within temptation, opeth, archive, my dying bride, queen, strapping young lad, nightwish, faithless, tool, rammstein, underworld, vnv nation, koЯn, placebo, anathema, phil collins, radiohead, after forever, the prodigy, foo fighters, a perfect circle, massive attack, ministry, dredg, silverchair, riverside, ayreon, oasis, the chemical brothers, interpol, regina spektor, johann sebastian bach, scooter, r?yksopp
keane, mylo, she wants revenge, the postal service, enter shikari, deftones, koop, télépopmusik, air, phoenix, r?yksopp, static-x, meshuggah, isis, venetian snares, digitalism, [unknown], the flashbulb, tool
sonic youth, pavement, yo la tengo, flying lotus, elliott smith, prefuse 73, the cure, venetian snares, deerhoof, the smiths, the fall, fugazi, autechre
rilo kiley, tegan and sara, imogen heap, frou frou, jem, kings of convenience, stars, death cab for cutie, metric, feist, sia, interpol, hard-fi, the shins
barenaked ladies, jimmy eat world, death cab for cutie, ben folds five, cake, reel big fish, new found glory, bob dylan, the decemberists, the postal service, simon & garfunkel, fatboy slim, oasis, ben folds, beck, third eye blind, sublime, tori amos, the weakerthans, iron & wine, something corporate, billie holiday, johnny cash, aimee mann, ella fitzgerald, rufus wainwright, the beach boys, red hot chili peppers, eagles, frou frou, beastie boys, green day, ok go, the rolling stones, modest mouse, the velvet underground, lifehouse, mika, the kinks
regina spektor, the gathering, paradise lost, sentenced, moonspell, depeche mode, within temptation, lacuna coil, sirenia, turisas, kamelot, anna ternheim, opeth, the cardigans, my dying bride, therion, pain, pj harvey, placebo, sonata arctica, alanis morissette, type o negative, the sisters of mercy
hatebreed, high contrast, the prodigy, nirvana, depeche mode, cake
lcd soundsystem, barenaked ladies, doves, pavement, rufus wainwright, kings of leon, klaxons, the killers, black rebel motorcycle club, coldplay, u2
eluveitie, skillet, metallica, nightwish, bullet for my valentine, dimmu borgir, system of a down, iron maiden, manowar, cradle of filth, breaking benjamin, tenacious d, three days grace, theatre of tragedy, deep purple, him, evanescence, serj tankian, ac/dc, led zeppelin, korpiklaani, coma, disturbed, placebo, phoenix, nirvana, the cranberries, ensiferum, scorpions, anathema, rammstein
paolo nutini, girls aloud, calvin harris, lily allen, coldplay, the verve, snow patrol, razorlight, vampire weekend, kanye west, keane, kings of leon, the killers, the kooks, tracy chapman, lady gaga, david guetta, the all-american rejects, u2, scooter, yeah yeah yeahs, josé gonzález, enrique iglesias, foo fighters, imogen heap, timbaland, black eyed peas, pink, oasis
thievery corporation, jennifer lopez, r?yksopp, lily allen, basement jaxx, róisín murphy, sade, sugababes, nina simone, madonna, télépopmusik, bat for lashes, crystal castles, enrique iglesias, gotan project, gnarls barkley, nouvelle vague, morcheeba, goldfrapp, beck, amy winehouse, ladytron, the shins, mew, rihanna, moloko, michael bublé, portishead, the flaming lips, britney spears, cat power, bj?rk, dido, lady gaga, m.i.a., santana, céline dion, koop, jason mraz, air, leonard cohen, coldplay
hatebreed, nine inch nails, hans zimmer, aphex twin, tricky, dj shadow, massive attack, depeche mode, portishead, bj?rk, gorillaz, unkle, koЯn, the chemical brothers, amon tobin, red hot chili peppers, a perfect circle, the crystal method, the future sound of london, nouvelle vague, chet baker, green day, deftones, pj harvey, tool, dj krush, the prodigy, marilyn manson, cypress hill, miles davis, iron maiden, rage against the machine, placebo
opeth, radiohead, in flames, anathema, ayreon, pink floyd, dark tranquillity, iron maiden, pain of salvation, incubus, dream theater, damien rice, katatonia, blind guardian, dredg, stratovarius, the cranberries, godsmack, nightwish, porcupine tree, moonspell, paradise lost, iced earth, the doors, cradle of filth, blackfield, symphony x, riverside, led zeppelin, morcheeba, children of bodom, coldplay, ensiferum, my dying bride, portishead, mot?rhead, r?yksopp, soilwork
taking back sunday, bright eyes, panic at the disco, the postal service, kings of leon, kings of convenience, fall out boy, say anything, blink-182, tegan and sara, chiodos, hellogoodbye, bloc party, foals, jimmy eat world, motion city soundtrack, michael jackson, coheed and cambria, lostprophets, the blood brothers, weezer, emery, final fantasy, the academy is..., the beatles, red hot chili peppers, hoobastank, journey, the strokes, the shins, mae, mindless self indulgence, the cure, hot hot heat, paramore, anberlin
depeche mode, rammstein, tool, tiamat, placebo, metallica, tori amos, pain, kult, guns n roses, dream theater, black sabbath, hans zimmer, the cranberries, pink floyd, nick cave and the bad seeds
skinny puppy, shiny toy guns, the smashing pumpkins, combichrist, vnv nation, siouxsie and the banshees, coldplay, tool, aphex twin, dead kennedys, nine inch nails, unkle, depeche mode, boards of canada, new order, ladytron, a-ha, the birthday massacre, infected mushroom, kyuss, apoptygma berzerk, bauhaus, sneaker pimps, theatre of tragedy
pink floyd, king crimson, frank zappa, anathema, portishead, placebo, porcupine tree, black sabbath, lacrimosa, massive attack, the beatles, riverside, the doors, radiohead, katatonia, my dying bride, opeth, the who, led zeppelin, genesis, apocalyptica, jethro tull, frédéric chopin, ayreon, rammstein, blackfield, therion, metallica, muse, jefferson airplane, bloodbath, johann sebastian bach, camel, iron maiden, the gathering, nouvelle vague, antonio vivaldi
alkaline trio, emery, anti-flag, the ataris, johnny cash, reel big fish, the bouncing souls, dashboard confessional, bowling for soup, ramones, all time low, me first and the gimme gimmes, miley cyrus
the 69 eyes, mot?rhead, misfits, turbonegro, kiss, aerosmith, children of bodom, electric six, guns n roses, elvis presley, type o negative, m?tley crüe, him, pain, the clash, thin lizzy, ac/dc, the beatles, led zeppelin, skid row, audioslave
snoop dogg, madlib, ludacris, the roots, j dilla, madvillain
madonna, linkin park, michael jackson, abba, elton john, bee gees, [unknown], supertramp, kylie minogue, pink floyd, dire straits, diana krall, george michael, scissor sisters
the pussycat dolls, michael jackson, rihanna
black sabbath, anthrax, megadeth, sodom, ac/dc, the doors
the beatles, belle and sebastian, pearl jam, r.e.m., radiohead, nirvana, blur, mogwai, iron & wine, death cab for cutie, the smashing pumpkins, massive attack, manu chao, camera obscura, modest mouse, badly drawn boy, pixies, garbage, leonard cohen, amy winehouse, boards of canada, tori amos, joni mitchell, foo fighters, portishead, vampire weekend, air, david bowie, neil young, kt tunstall, led zeppelin, explosions in the sky
deep purple, pink floyd, captain beefheart & his magic band, jethro tull, led zeppelin, john coltrane, the rolling stones, frank zappa
the clash, thievery corporation, django reinhardt, me first and the gimme gimmes, fugazi, daft punk, tom waits, dead kennedys, the byrds, gogol bordello, against me!, neutral milk hotel, radiohead, the pogues, justice, dj shadow, the fall
mot?rhead, ac/dc, johnny cash, a perfect circle, the strokes, creedence clearwater revival, joy division, daft punk, pink floyd, portishead, radiohead, the smashing pumpkins, ramones, new order, queen, van halen, iggy pop, nirvana, alice in chains, deep purple, bauhaus, queens of the stone age, audioslave, kyuss, talking heads, blur, the cure, the jimi hendrix experience
rammstein, air, bush, massive attack, queens of the stone age, nine inch nails, enigma, jack johnson, johann sebastian bach, coldplay, muse, sigur rós, radiohead, the cure, faithless, system of a down, the chemical brothers, marilyn manson, pink floyd, megadeth, frank sinatra, gorillaz, the prodigy, boards of canada, rage against the machine, the verve, cream, moby, death cab for cutie, beck, doves, red hot chili peppers, rilo kiley, u2, nirvana, snow patrol
bloc party, schandmaul, backstreet boys, die ?rzte, subway to sally, red hot chili peppers, the smiths, lacrimosa, kylie minogue, hard-fi, justin timberlake, the ting tings, coldplay, lifehouse, maroon 5
johann sebastian bach, miles davis, cat power
my bloody valentine, pixies, therion, strapping young lad, amon tobin, manowar, primus, kreator, the smashing pumpkins, the breeders, nirvana, oasis, pink floyd, radiohead, iron maiden, asian dub foundation, dimmu borgir, kraftwerk, depeche mode, air, the beatles, the chemical brothers, the verve, pantera, megadeth
judas priest, machine head, iron maiden, in flames, apocalyptica, dio, nickelback, ac/dc, opeth, the offspring, stone sour, rush, rammstein, children of bodom, anthrax, pantera, koЯn, in extremo, kreator
the strokes, architecture in helsinki, sufjan stevens, rilo kiley, radiohead, damien rice, death cab for cutie, andrew bird, iron & wine, outkast, rufus wainwright, beck, kanye west, the new pornographers, amy winehouse, devendra banhart, david bowie, bob dylan, say anything, the beatles, regina spektor, bright eyes, spoon, modest mouse, feist, bloc party, talking heads, new order, mika, t.i., ratatat, arcade fire, timbaland, ben folds, ryan adams, justin timberlake
r?yksopp, moby, the cranberries, the beatles, architecture in helsinki, the killers, gnarls barkley, fatboy slim, u2, thievery corporation, coldplay, radiohead, the cinematic orchestra, amy winehouse, moloko, apparat, tosca, katy perry, dido, michael jackson, madonna, paolo nutini, daft punk, the postal service, alanis morissette, lamb, ladytron
gorillaz, rammstein, limp bizkit, 50 cent, system of a down, coldplay, gentleman, black eyed peas, evanescence, the prodigy, static-x, marilyn manson, papa roach
oasis, calexico, band of horses, beirut, belle and sebastian, elliott smith, bj?rk, incubus, pearl jam, manu chao, mgmt, the shins, death cab for cutie, the last shadow puppets, moby, badly drawn boy
skinny puppy, beastie boys, black flag, turbonegro, combichrist, mindless self indulgence, dead kennedys, dir en grey, scooter, einstürzende neubauten
sum 41, incubus, 3 doors down, system of a down, stone sour, evanescence, afi, simple plan, machine head, staind, david guetta, rise against, placebo, die toten hosen, avril lavigne, good charlotte, papa roach, leona lewis, christina aguilera, die ?rzte, billy talent
enigma, mike oldfield, vangelis, era, loreena mckennitt, emilie simon, enya
beatsteaks, die ?rzte, max?mo park, die toten hosen, mando diao
frank zappa, the beatles, led zeppelin, eric clapton, pink floyd, jimi hendrix, cream, the doors, the rolling stones, bob dylan, the who, grateful dead, miles davis
nofx, ramones
misfits, millencolin, kraftwerk, bad religion, vnv nation, infected mushroom, edguy, ramones, the pogues, lagwagon, rancid, sonata arctica, anti-flag, the cure, rhapsody of fire, bloodhound gang, dragonforce, less than jake, lynyrd skynyrd, the offspring, flogging molly, ludwig van beethoven, shpongle
nile, bloodbath, metallica, meshuggah, lamb of god, in flames, cannibal corpse, godsmack, slipknot
portishead, o.s.t.r., happysad, bob marley, high contrast, akurat, andrew bird, pid?ama porno, the beatles, matisyahu
pixies, interpol, patrick wolf, of montreal, lou reed, the mars volta, david bowie, the pipettes, the velvet underground, at the drive-in, queens of the stone age, devendra banhart, the hives, neutral milk hotel, arcade fire, lcd soundsystem, eagles of death metal, daft punk, spoon, animal collective, cansei de ser sexy, justice
darkthrone, turisas, blind guardian, johann sebastian bach, depeche mode, eluveitie, ulver, die apokalyptischen reiter
modest mouse, the smiths, neutral milk hotel, elvis costello, andrew bird, the black keys, the decemberists, tegan and sara, clap your hands say yeah, metric, regina spektor, rilo kiley, the flaming lips, david bowie, the beatles, brand new, arctic monkeys, animal collective, tv on the radio, patrick wolf, tom waits, radiohead, the hush sound, the mountain goats, arcade fire, bob dylan, tori amos, they might be giants, bloc party, lykke li, m83, cat power, joanna newsom, yeah yeah yeahs, the national, girl talk, sonic youth
converge, immortal technique, sage francis, ignite, aesop rock, the smiths, atmosphere
iron maiden, kiss, the beatles, pearl jam, u2, the doors, deep purple, red hot chili peppers, metallica, led zeppelin, aerosmith, avantasia, scorpions, the who, alice cooper, ac/dc, angra, franz ferdinand
lacrimosa, siouxsie and the banshees, iamx, nightwish, dead can dance, garbage, after forever, morrissey, bauhaus, within temptation, the gathering, the sisters of mercy, haggard
deep purple, nirvana, foo fighters, van halen, aerosmith, judas priest, m?tley crüe, audioslave, limp bizkit, skid row, stone temple pilots, black sabbath, black label society, volbeat, pearl jam, soundgarden, alice in chains, oasis, stone sour, kiss, ozzy osbourne, lenny kravitz, def leppard, red hot chili peppers, die ?rzte, die toten hosen, linkin park, alice cooper, chris cornell, rage against the machine, led zeppelin
george michael, jason mraz, jack johnson, billy joel, billie holiday, tom waits, coldplay, amy winehouse, 2pac, abba
bryan adams, aerosmith, 3 doors down, seether, u2, the offspring, metallica, red hot chili peppers, in extremo, papa roach, moby, nirvana, dropkick murphys, sting, nickelback, the rolling stones, bon jovi, tenacious d, queen, sonata arctica, the doors
the beatles, oasis, the clash, the smiths, dirty pretty things, blur, morrissey, the strokes, arctic monkeys, franz ferdinand, neil young, the kinks, supergrass, radiohead, razorlight, the specials, nirvana, ramones, arcade fire
razorlight, cobra starship, miley cyrus, the killers, something corporate, feeder, the veronicas, justin timberlake, robbie williams, girls aloud, arctic monkeys, jonas brothers, panic at the disco, placebo, britney spears, ashlee simpson, jet, kaiser chiefs, hard-fi, the fratellis, the libertines, backstreet boys
from autumn to ashes, good charlotte, the used, all shall perish, 36 crazyfists, my chemical romance, jimmy eat world, avenged sevenfold, alexisonfire, silverstein, from first to last, atreyu, the black dahlia murder, funeral for a friend, oasis, evanescence, cute is what we aim for, flyleaf, fall out boy, lostprophets, bullet for my valentine, p.o.d.
the kills, the raconteurs, the knife, the sounds, weezer, metric, ladytron, tegan and sara, the new pornographers, regina spektor, tori amos, maria mena, the white stripes, goldfrapp, le tigre, the shins, crystal castles, muse, against me!, arcade fire, imogen heap, death cab for cutie
phoenix, the strokes, kings of leon, josé gonzález, sufjan stevens, lykke li, daft punk, bj?rk, calvin harris, crystal castles, digitalism, doves, justice, jay-z, the whitest boy alive, elliott smith, belle and sebastian, r?yksopp, muse, boys noize, mando diao, simian mobile disco, feist, h?kan hellstr?m, sigur rós, franz ferdinand, the wombats, vampire weekend, depeche mode, razorlight
elbow, ray lamontagne, john mayer, biffy clyro, bj?rk, imogen heap, brand new, fleet foxes, minus the bear, eric clapton, iron & wine, mae, josé gonzález, bon iver, the beatles, radiohead, daft punk, motion city soundtrack, jurassic 5, rufus wainwright, coheed and cambria, bright eyes, deftones, the raconteurs, foo fighters, jimmy eat world, ben folds, jack johnson, incubus, jeff buckley, the postal service, mylo, circa survive, saves the day, queens of the stone age, atreyu, sting, tracy chapman, m83, muse, paolo nutini, dave matthews band
queen, pink floyd, the beatles, nofx, the smashing pumpkins, jethro tull, the cardigans, kiss, radiohead, los hermanos, genesis, andrew lloyd webber, manic street preachers, ac/dc, frank zappa, aerosmith, rush
less than jake, iron maiden, billy joel, the killers, dropkick murphys, elton john, bad religion, the bouncing souls, kaiser chiefs, no doubt, bob marley, gogol bordello, [unknown], radiohead, creedence clearwater revival
of montreal, belle and sebastian, interpol, neutral milk hotel, pulp, sigur rós, elliott smith, radiohead, sufjan stevens, nirvana, babyshambles, the beatles, the velvet underground, death from above 1979, franz ferdinand, girl talk, pixies, patrick wolf, beck, fall out boy, gogol bordello, devendra banhart, the national, animal collective, the smiths, the strokes, the fratellis, the blood brothers, the shins, sex pistols, adam green, the decemberists, the clash, bright eyes, sonic youth, max?mo park, architecture in helsinki
nofx, lagwagon, me first and the gimme gimmes, django reinhardt, bob dylan, jack johnson, foo fighters, bad brains, less than jake, millencolin, the rolling stones, john frusciante, the beatles, bad religion, descendents, red hot chili peppers, arctic monkeys, ramones, cat stevens, nirvana
jack johnson, flogging molly, matchbox twenty, panic! at the disco, bowling for soup, alanis morissette, santana
[tom petty and the heartbreakers]
in flames, placebo, turbonegro, system of a down, howard shore, mot?rhead, slipknot, therion, rammstein, r?yksopp
h?kan hellstr?m, bruce springsteen, bright eyes, death cab for cutie, depeche mode, placebo, beirut, belle and sebastian, andrew bird, the smiths, the national, joni mitchell, eddie vedder, morrissey, the postal service, elliott smith, the radio dept., radiohead, daft punk, bj?rk, the knife, jens lekman, the pogues, elton john, the cure, interpol, nick drake, counting crows, regina spektor, iron & wine
garbage, depeche mode, eminem, blur, bj?rk, britney spears, radiohead, the smashing pumpkins, nirvana, beastie boys, coldplay, daft punk, no doubt
amon amarth, korpiklaani, blind guardian, in extremo, dark tranquillity, vader, apocalyptica, fear factory, children of bodom, flogging molly, finntroll, metallica, jack johnson, anthrax, slayer, kreator, arch enemy, ensiferum, in flames, dimmu borgir, eluveitie, cannibal corpse, slipknot
in flames, snow patrol, 3 doors down, red.jumpsuit.apparatus, alesana, escape the fate, coldplay, switchfoot, nickelback, stone sour, taking back sunday, serj tankian, kings of leon, pink, city and colour, p.o.d., papa roach, saosin, all time low, the used, katy perry, the pussycat dolls, seether, system of a down
shakira, céline dion, britney spears, christina aguilera, michael bublé, beyoncé, kylie minogue, gwen stefani, mika, coldplay, bryan adams, hilary duff, nelly furtado, u2, lenny kravitz, maroon 5, avril lavigne, enrique iglesias, mariah carey, the cranberries
enrique iglesias, coldplay, disturbed, sara bareilles, lily allen, the rasmus, in flames, dido, deathstars, apocalyptica, linkin park, metallica, lady gaga, the haunted, dark tranquillity, nightwish, amy macdonald, him, sonata arctica, katie melua
tool, king crimson, autechre, amon tobin, dead can dance, therion, akira yamaoka, nine inch nails, gojira, a perfect circle, ayreon, aphex twin, radiohead, clint mansell
coldplay, the shins, corinne bailey rae, death cab for cutie, kanye west, red hot chili peppers, alicia keys, jack johnson, arcade fire, ne-yo, modest mouse, yann tiersen, missy elliott, black eyed peas, outkast, shakira, elvis presley, nelly furtado, imogen heap, britney spears, chris brown, john mayer, the postal service, andrew lloyd webber, m.i.a., beyoncé, justin timberlake, bloc party, frou frou, the beatles
sabaton, ulver, megadeth, pid?ama porno, satyricon
mike oldfield, thomas newman, wolfgang amadeus mozart, frank zappa, vangelis, the beatles, frédéric chopin, emilie simon, abba, deerhoof, snoop dogg, joe satriani, ludwig van beethoven, clint mansell
slayer, metallica, carcass, cannibal corpse, iron maiden, behemoth, children of bodom, dimmu borgir, system of a down, amon amarth, napalm death, hypocrisy, death, pain, chimaira, kreator, norther, immortal, anthrax, pantera
rainbow, dark tranquillity, ac/dc, deep purple, ramones, judas priest, the clash, bob marley, eric clapton, foo fighters, led zeppelin, black label society, neil young, bob dylan, red hot chili peppers, therion, john frusciante, black sabbath, cream, sex pistols, anthrax, green day, iced earth, santana
the kooks, muse, flogging molly, mando diao, coldplay, jack johnson, millencolin, beyoncé, alkaline trio, radiohead, bloc party, peter bjorn and john, slipknot, feist, gorillaz, koЯn, kings of leon, paolo nutini, the ting tings, john mayer, the streets, lykke li, black eyed peas, rise against, amy macdonald, bob dylan, green day, sean paul, amy winehouse, misfits, the mars volta
damien rice, coldplay, rise against, counting crows, live, 3 doors down, pink, the fray, editors, rihanna, the killers, metallica, paramore, cascada, kelly clarkson, nickelback, maroon 5, mgmt, the cranberries, hooverphonic, alanis morissette, deus, robbie williams, emilíana torrini
the faint, apparat, digitalism, boys noize, depeche mode, tv on the radio, sage francis, archive, autechre, ladytron, bonobo, dj shadow, four tet, klaxons
the strokes, metric, ramones, dj shadow, bonobo, prefuse 73, bloc party, kings of leon, joy division, neutral milk hotel, enter shikari, mgmt, crystal castles, lcd soundsystem, the beatles, vampire weekend, modest mouse, pendulum, death cab for cutie, alexisonfire, the books, pixies, the postal service, thrice, late of the pier, tv on the radio, battles, death from above 1979, cansei de ser sexy, the go! team, justice, klaxons
she wants revenge, funeral for a friend
immortal technique, rammstein, black eyed peas, billy talent, fort minor, chamillionaire, the killers, scooter, cascada, kraftwerk, chris brown, michael jackson
nickelback, rush, nightwish, matisyahu, rammstein, type o negative, disturbed, koЯn, lacuna coil, the beatles, green day, linkin park, def leppard, modest mouse, pennywise, black sabbath, metallica, the pogues, dark tranquillity, nofx, iron maiden
muse, black rebel motorcycle club, queens of the stone age, the new pornographers, janis joplin, pearl jam, band of horses, radiohead, mew
pearl jam, nirvana, cake, deep purple, nine inch nails, paul oakenfold, paul van dyk, cat stevens, santana, massive attack, megadeth, ozzy osbourne, interpol, led zeppelin, him
jack johnson, john mayer, yann tiersen, michael bublé, eagles, eric clapton, coldplay, norah jones, daft punk, al green, jason mraz, elvis costello, wolfgang amadeus mozart, django reinhardt, otis redding, aretha franklin, dave matthews band, jamiroquai, dire straits, ludwig van beethoven, gavin degraw, akon, creedence clearwater revival, james morrison, louis armstrong, ella fitzgerald, craig david, lenny kravitz, buena vista social club, corinne bailey rae, phil collins
billie holiday, amy winehouse, johnny cash, david bowie, cat power, simon & garfunkel, the flaming lips, radiohead, the rolling stones, the velvet underground, eric clapton, the beatles
fort minor, good charlotte, hey, the offspring, guano apes, papa roach, atb, nirvana, happysad, t.a.t.u., evanescence, tori amos, my chemical romance, akurat, dido, alkaline trio, pid?ama porno, 30 seconds to mars, fall out boy, myslovitz, drowning pool, [unknown], avril lavigne, skillet, disturbed, taking back sunday, depeche mode, a perfect circle, james blunt, arctic monkeys, billy talent, sum 41, the used, red hot chili peppers
yann tiersen, animal collective, antonio vivaldi, nightmares on wax, danny elfman, four tet, feist, r?yksopp, crystal castles, metric, air, gotan project, prefuse 73, johnny cash, daft punk, the chemical brothers, devendra banhart, tegan and sara, amy winehouse, tosca, cocorosie, nina simone, édith piaf, blonde redhead, justice
bruce springsteen, kent, the fray, guns n roses, snow patrol, james blunt, three days grace, rise against, eagles, anna ternheim, the killers, linkin park, anberlin, within temptation, coldplay, journey, green day, my chemical romance, sheryl crow, kelly clarkson, ryan adams, lynyrd skynyrd, mary j. blige, breaking benjamin, def leppard, david gray, john mayer, dire straits
pixies, r.e.m., muse, 3 doors down, radiohead, the prodigy, moby, red hot chili peppers, the verve, bob marley & the wailers, franz ferdinand, the cranberries, the clash, snow patrol, james blunt, lenny kravitz, keane, the who, placebo, eric clapton, pendulum, kate nash, the police, coldplay, led zeppelin, sting, pink floyd
nine inch nails, the beatles, radiohead, animal collective, the smiths, clap your hands say yeah, the cure, justice, jefferson airplane, daft punk, morrissey, lil wayne, koЯn, joy division, aphex twin, interpol, the smashing pumpkins, queen, bj?rk, sigur rós, nick cave and the bad seeds, the doors, digitalism, tegan and sara, belle and sebastian, depeche mode, pink floyd, a tribe called quest, the presets, afi, cat power, kimya dawson, marilyn manson
the last shadow puppets, fall out boy, the beatles, panic at the disco, evanescence, the cribs, paramore, boys like girls, muse, the fratellis, the academy is..., the pigeon detectives, the strokes, my chemical romance, red hot chili peppers, klaxons, dizzee rascal, the white stripes, the all-american rejects, the clash, the streets, late of the pier, bloc party, oasis, foo fighters, cute is what we aim for, vampire weekend, the kills, hard-fi, michael jackson, taking back sunday, cobra starship
cursive, the cure, dashboard confessional, the postal service, elliott smith, thrice, underoath, taking back sunday, mogwai, john mayer, bloc party, tool, fleet foxes, sufjan stevens, elbow, arcade fire, bon iver, clap your hands say yeah, a perfect circle, sigur rós
pink floyd, bob marley & the wailers, jethro tull, the rolling stones, led zeppelin, the jimi hendrix experience, the doors, van morrison, bob marley, jefferson airplane, frank zappa, fleet foxes, ratatat, cream, neil young, david bowie, creedence clearwater revival, the zombies, louis armstrong, frank sinatra, elliott smith, santana, the who
christina aguilera, miley cyrus, janet jackson, black eyed peas, jennifer lopez, britney spears, nelly furtado, mariah carey, kelly clarkson, sugababes, lily allen, madonna, emilíana torrini, david guetta, beyoncé, jordin sparks, shakira, the pussycat dolls, calvin harris, no doubt, september, dizzee rascal, kylie minogue, the cranberries
counting crows, disturbed, 50 cent, black eyed peas, guns n roses, sting, lady gaga, enya, taylor swift, eric clapton, céline dion
linkin park, cascada, rammstein, dope, snow patrol, akon, kelly clarkson, eminem, timbaland, bloodhound gang, rihanna, groove coverage
arctic monkeys, pj harvey, mindless self indulgence, the offspring, marilyn manson, radiohead, led zeppelin, deftones, nirvana, richard cheese, isis, blur, muse, apocalyptica, the decemberists, the hives, metallica, dead kennedys, stone temple pilots, placebo, the doors, bloc party, red hot chili peppers, the white stripes, death cab for cutie, nine inch nails, anathema, ladytron, jimi hendrix, koЯn
of montreal, elliott smith, death cab for cutie, the white stripes, brand new, the shins, radiohead, spoon, the decemberists, regina spektor, coldplay, taking back sunday, cat power, the beatles, cold war kids, girl talk, bright eyes, sufjan stevens, bloc party, fiona apple, arctic monkeys, ok go, arcade fire, led zeppelin, gnarls barkley, the postal service, santogold, m.i.a., the jimi hendrix experience, ben harper, amy winehouse, stars, beck, 311, lcd soundsystem, placebo, shout out louds, the mountain goats, the new pornographers
iron maiden, the gathering, megadeth, helloween, metallica, evanescence, pain, cradle of filth, bullet for my valentine, hammerfall, dragonforce, slipknot, in extremo, blind guardian, paul van dyk, afi, papa roach, gamma ray, lacuna coil, dimmu borgir, 30 seconds to mars, hypocrisy, static-x, nightwish, slayer, disturbed, avantasia, sirenia, sonata arctica
dethklok, peter gabriel, beastie boys, frank zappa, dream theater, moby, barenaked ladies
atb, chicane, rihanna, moby, blank & jones, delerium
kanye west, dio, the kooks, kate nash, santogold, ne-yo, the fray, lily allen, john legend, lykke li, the killers, a fine frenzy, bloc party, jordin sparks
alicia keys, ne-yo, kanye west, leona lewis, chris brown, mary j. blige, fergie, maroon 5
ac/dc, frank sinatra, the shins, modest mouse, the beatles, of montreal, jack johnson, air
linkin park, anberlin, rihanna, panic at the disco, relient k, serj tankian, chris brown, britney spears, dragonforce
bloodhound gang, the prodigy, pendulum, infected mushroom, massive attack, fall out boy, depeche mode, the chemical brothers, blondie, nelly furtado, no doubt, dmx
blink-182, system of a down, misfits, rancid, sex pistols, rammstein, black flag, descendents, placebo
the offspring, guano apes, rammstein, scorpions, lacrimosa
nouvelle vague, arcade fire, the beatles, the kills, radiohead, the velvet underground, the cure, the verve, the dresden dolls, klaxons, arctic monkeys, joy division, the strokes, iamx, the libertines, andrew lloyd webber, muse, crystal castles, placebo, sigur rós, nirvana, john lennon, cansei de ser sexy, ok go, peter bjorn and john, the smashing pumpkins, tokyo police club, danny elfman, bat for lashes, the doors, the white stripes, animal collective, beck, the vines, le tigre
oasis, coldplay, the kooks, the chemical brothers, daft punk, the strokes, jet, the verve, the killers, r.e.m., stereophonics, keane, death cab for cutie, kanye west, michael jackson, radiohead, kaiser chiefs, r?yksopp, razorlight, travis, fatboy slim, limp bizkit, maroon 5, mariah carey, red hot chili peppers, blur, mgmt, cut copy, the prodigy, u2, alanis morissette, kasabian, linkin park, bloc party, max?mo park
the prodigy, nirvana, lacuna coil, the cure, billy talent, linkin park, depeche mode, breaking benjamin, system of a down, slipknot
metric, m83, a fine frenzy, neko case, radiohead, blondie, the decemberists, rush, death cab for cutie, fleet foxes, the who, led zeppelin, iron maiden, blonde redhead
radiohead, koЯn, disturbed, slipknot, red hot chili peppers, coma, guano apes, the prodigy, tool, godsmack, the chemical brothers, a perfect circle, bullet for my valentine, him, metallica, pid?ama porno, system of a down, depeche mode, the smashing pumpkins, fear factory, happysad, o.s.t.r., limp bizkit, dope, muse, alicia keys, cypress hill, sepultura, massive attack, p.o.d., adema, mudvayne, amy winehouse, foo fighters, tricky, breaking benjamin, pj harvey, static-x
manu chao, devendra banhart, franz ferdinand, buena vista social club, daft punk, bob marley & the wailers, amy winehouse, supertramp, the chemical brothers, moby, frédéric chopin, pink floyd, radiohead, beirut, keane, nirvana, moloko, ludwig van beethoven, mika, gorillaz, antonio vivaldi, ben harper, frank sinatra, jack johnson, jamiroquai, billy joel, the beatles, gogol bordello, jason mraz, red hot chili peppers, air
soundtrack, [unknown], david bowie, elton john, kt tunstall, tori amos, electric six, lady gaga, madonna, blondie, garbage, sheryl crow, amy winehouse, marilyn manson, elvis costello, nick cave and the bad seeds, le tigre, social distortion
linkin park, fatboy slim, audioslave, muse, red hot chili peppers, the chemical brothers, cake, stone sour, ben harper, oasis, koЯn, the killers, fort minor, beck, the offspring, mika, black eyed peas, gorillaz, papa roach, r.e.m., james blunt, system of a down, limp bizkit, justice, beastie boys, massive attack, moby, daft punk, m.i.a., foo fighters, asian dub foundation
garbage, a-ha, keane, atb, lady gaga, radiohead, armin van buuren, coldplay, ashlee simpson, ti?sto, cansei de ser sexy, muse
the beatles, the libertines, blur, dirty pretty things, johnny cash, depeche mode, the kills, maria mena, interpol, the rolling stones, britney spears, amy macdonald, placebo, the raconteurs, clueso, mew, belle and sebastian, editors, the bravery, david bowie, janis joplin, the kooks, lily allen, babyshambles, jack johnson, patrick wolf, elliott smith
pink martini, queen, norah jones
gym class heroes, jay-z, the bravery, moby, pendulum, justice, the killers, rise against, the presets, red hot chili peppers, metric, girl talk, coldplay, metro station, simian mobile disco, armin van buuren, katy perry, linkin park, tokyo police club, hard-fi, the hives, david guetta, timbaland, the subways, the fray, vampire weekend, hot chip
manu chao, the beatles, bob marley, jack johnson, she wants revenge, incubus, kimya dawson, placebo, damien rice
system of a down, dream theater, tool, finntroll, die apokalyptischen reiter, seether, dark tranquillity, ensiferum, devildriver, iced earth, paradise lost, in flames, amon amarth, lostprophets, sirenia, 30 seconds to mars, fear factory, killswitch engage, apocalyptica, rise against, lamb of god, bloodbath, tristania, three days grace, emilie autumn, afi, foo fighters, metallica, hammerfall, eluveitie, linkin park, turisas
tom waits, ray lamontagne, david bowie, neil young, incubus, queens of the stone age, scorpions, jimi hendrix, norah jones, john coltrane, rufus wainwright, iron maiden, the black dahlia murder
ramones, the clash, manu chao, red hot chili peppers, the doors, black flag, led zeppelin, the rolling stones, metallica, camera obscura, the flaming lips, david bowie, kiss, van halen, aerosmith, kings of leon, sex pistols, pink floyd, iron maiden, the national, megadeth, the wombats, max?mo park, bob marley & the wailers, michael jackson, pantera, queen, testament
michael jackson, the offspring, phil collins
bat for lashes, black eyed peas, nightmares on wax, mos def, zero 7, flying lotus, thievery corporation, erykah badu, jazzanova
clint mansell, louis armstrong, the cinematic orchestra, santogold, talking heads, hercules and love affair, james brown, mr. scruff, air
apparat, the books, sigur rós, the knife, joanna newsom, hot chip, radiohead, architecture in helsinki, josé gonzález, múm, chromeo, the album leaf
black rebel motorcycle club, okkervil river, mando diao, the white stripes, oasis, the libertines, arcade fire, mgmt, babyshambles, bright eyes, the killers, queens of the stone age, beirut, muse, the bravery, the brian jonestown massacre, the cure, the strokes, shout out louds, radiohead, travis, the vines, nada surf, the kooks, the rolling stones, bob dylan, elliott smith, adam green, arctic monkeys, johnny cash, the velvet underground, the doors, franz ferdinand, david bowie, the fratellis, morrissey, the raconteurs
korpiklaani, soilwork, judas priest, megadeth, manowar, sentenced, dark tranquillity, turisas, finntroll, iced earth, in extremo, blind guardian, alice cooper, children of bodom, skid row, anthrax, metallica, scar symmetry, mot?rhead, slayer, equilibrium, hammerfall, moonspell, nile, bathory, scorpions, opeth, at the gates, tool, pink floyd, dio, black sabbath, bloodhound gang, kamelot
the beatles, coldplay, jack johnson, belle and sebastian, john mayer, the whitest boy alive, radiohead, the radio dept., of montreal, mgmt, nouvelle vague, jamiroquai, incubus, ben harper, jason mraz, beck, sade, bloc party, kings of convenience, arctic monkeys, thom yorke, oasis, feist, lily allen, cut copy
incubus, jason mraz, arctic monkeys, silverchair, jay-z, 311, oasis, stone temple pilots, ill ni?o, john mayer, jamiroquai, godsmack, alice in chains, foo fighters, metallica, the raconteurs, koЯn, jack johnson, green day, alicia keys, radiohead, soulfly, matisyahu, 3 doors down, staind
neutral milk hotel, circa survive, fugazi, bring me the horizon, converge, bright eyes, pink floyd, neil young, feist, streetlight manifesto, the mars volta, bob marley, nirvana, coldplay, at the drive-in, kings of leon, dave matthews band, saosin, pearl jam, tortoise, coheed and cambria, comeback kid, dredg, billy joel, king crimson, tom petty and the heartbreakers, fleetwood mac
r?yksopp, the notwist, the knife, ladytron, nouvelle vague, coldplay, robbie williams, hot chip, cocorosie, moby, black eyed peas, air, sugababes, the postal service, sufjan stevens, dido, the whitest boy alive, goldfrapp, scissor sisters, madonna, cat power
mindless self indulgence, the cure, burial, tricky, autechre, boards of canada, morcheeba, pixies, m.i.a., hot chip, joy division, ladytron, asian dub foundation, beastie boys, santogold, air, the faint, crystal castles, the prodigy, bloc party, klaxons, massive attack
the flashbulb, spoon, bonobo, fiona apple, the album leaf, andrew bird, bon iver, band of horses, nine inch nails, boards of canada
converge, heaven shall burn, parkway drive, minor threat, comeback kid, dropkick murphys, the black dahlia murder, caliban, all shall perish, hatebreed
aphex twin, de-phazz, bonobo, the doors, venetian snares, atmosphere, the rolling stones, plaid, squarepusher, massive attack, boards of canada, metallica, the beatles, dj krush, amon tobin, dead kennedys, the flashbulb, madlib, nightmares on wax, nas, bob dylan, jamiroquai, apparat, hooverphonic
sufjan stevens, my bloody valentine, pixies
leonard cohen, bob dylan, depeche mode, david bowie, the kinks, kate bush, lou reed, siouxsie and the banshees, the rolling stones, jefferson airplane, joy division, billie holiday, janis joplin, genesis, john lennon, the decemberists, charlie parker, bee gees, the velvet underground, the beatles, nick drake, cat stevens, moby, simon & garfunkel, amy winehouse, captain beefheart & his magic band, frank zappa
the radio dept., the killers, death cab for cutie, u2, feist, phoenix, rilo kiley, david gray, kings of convenience, the cardigans, dido, coldplay, the smashing pumpkins, shout out louds, kate bush, counting crows, ryan adams, john williams, bruce springsteen, josé gonzález, tracy chapman, thomas newman, snow patrol, stereophonics
ac/dc, guns n roses, counting crows, green day, tom petty and the heartbreakers, avril lavigne, lily allen, def leppard, rihanna, dropkick murphys, bon jovi, goldfrapp, kt tunstall, van halen, cake, blink-182, sum 41, the beatles, creedence clearwater revival, something corporate, regina spektor, cream
amy macdonald, red hot chili peppers, céline dion, coldplay, incubus, u2, the prodigy, alice cooper, creedence clearwater revival, david gray, gavin degraw, metallica, evanescence
cat power, elliott smith, the beatles, the white stripes, belle and sebastian, the national, yann tiersen, radiohead, the gathering, portishead, sonic youth, beck, the velvet underground
parkway drive, eminem, limp bizkit, dmx, slipknot, papa roach, foo fighters, incubus, linkin park, afi, motion city soundtrack
joe satriani, iron maiden, breaking benjamin, good charlotte, creed, eagles, dream theater, the corrs, pearl jam, nirvana, john mayer, the beatles, coldplay, blackfield, aerosmith, pain of salvation, nick drake, opeth, ac/dc, nickelback, avril lavigne, imogen heap, eric clapton, scorpions, bob dylan, bon jovi, led zeppelin, nightwish, flyleaf, sum 41, u2, godsmack, ozzy osbourne, poets of the fall, bee gees
[unknown], various artists, a tribe called quest, nas, de la soul, gang starr, herbie hancock, serge gainsbourg, jedi mind tricks
shpongle, the future sound of london, bj?rk, infected mushroom
depeche mode, m83, nouvelle vague, minus the bear, ladytron, massive attack, mogwai, portishead, mew, stars, explosions in the sky, the knife, deerhunter, brand new, death from above 1979, justice, animal collective, digitalism, the new pornographers, editors, spoon, the rapture, interpol, the weakerthans, rush, the national, anberlin, múm, broken social scene, porcupine tree, deftones, kings of convenience, radiohead, ratatat, refused, beck, my bloody valentine, kasabian, deerhoof, the fall of troy
flyleaf, enigma, the prodigy, massive attack
kreator, iron maiden, judas priest, immortal, carcass, death, sodom, anthrax, slayer, sepultura, deep purple, mot?rhead, bathory, pink floyd
manu chao, metric, the beatles, muse, r?yksopp, eels, the rolling stones, kt tunstall, travis, bat for lashes, green day, pj harvey, the killers, sonic youth, lily allen
opeth, beck, the doors, king crimson, metric, muse, a perfect circle, the smiths, sublime, circa survive, guano apes, sigur rós, the shins, radiohead, brand new, cunninlynguists, mastodon, a tribe called quest, symphony x
ramones, david bowie, the jam, nirvana, sonic youth, the jesus and mary chain, tom waits, pixies, elvis presley, the beatles, prince, steely dan, wilco, the prodigy, dinosaur jr., the clash, george michael, the smashing pumpkins
diana krall, garbage, the cardigans, janis joplin, norah jones, kate bush, [unknown], elvis presley, katie melua, ray charles
lacrimosa, theatre of tragedy, marilyn manson, lacuna coil
thievery corporation, nine inch nails, bonobo, air, pink floyd, massive attack, tool, tosca, timbaland, radiohead, ti?sto, boards of canada, beck, moby, nirvana, eels, delerium, a perfect circle, alice in chains, morcheeba, r.e.m., dj shadow, rage against the machine, nightmares on wax, eminem, groove armada, justin timberlake
late of the pier, the smiths, cut copy, electric light orchestra, josé gonzález, architecture in helsinki, cansei de ser sexy, sigur rós, daft punk, sonic youth, the smashing pumpkins
alkaline trio, clint mansell, myslovitz, the offspring, r.e.m., interpol, hans zimmer, bullet for my valentine, seether, the beatles, red hot chili peppers, story of the year, bush, soundtrack, godsmack, thrice, john williams, howard shore, papa roach
tom waits, the beatles, blondie, bruce springsteen, rilo kiley, bob dylan, barenaked ladies, johnny cash, simon & garfunkel, lou reed, rufus wainwright, james brown, nouvelle vague, billy joel, paul simon, nick cave and the bad seeds, the kinks, ben folds, queen, genesis, regina spektor, the rolling stones, pj harvey, the police, the white stripes, kate bush
rilo kiley, bright eyes, something corporate, the faint, radiohead, daft punk, air, broken social scene, spoon, elliott smith, architecture in helsinki, death from above 1979, explosions in the sky, girl talk, ratatat, mae, cat power, ladytron, death cab for cutie, fischerspooner, justice, peaches, sigur rós, hot chip, devendra banhart, lcd soundsystem, calvin harris, minus the bear, chromeo, metric, the arcade fire, le tigre, regina spektor, jimmy eat world, simian mobile disco, the beatles, kings of leon
edguy, helloween, stratovarius, gamma ray, blind guardian, rhapsody of fire, angra, ayreon, less than jake, the bouncing souls, feist, cake, rise against, sonata arctica, hammerfall, arcade fire, anti-flag, arctic monkeys, reel big fish, avantasia, architecture in helsinki, streetlight manifesto, rancid, sabaton, queen, symphony x
the smashing pumpkins, radiohead, muse, foo fighters, pearl jam, queens of the stone age, nirvana, red hot chili peppers, silverchair, u2, deftones, a perfect circle, tool, metallica, morcheeba, guns n roses, kings of leon, oasis, system of a down, the cranberries, sonic youth, the killers, portishead, the white stripes, garbage
portishead, emilie simon, blonde redhead, the white stripes, ladytron, enya, emilie autumn, cocorosie, bj?rk, cocteau twins, mogwai, dead can dance, venetian snares, the mars volta, pixies, isis, trentem?ller, bloc party, the rapture, the cranberries
descendents, black flag, pixies
evanescence, kate nash, seether, elvis presley, soundtrack, flyleaf, system of a down, pink floyd, def leppard, within temptation, mika, jack johnson, akira yamaoka, skillet, koЯn, linkin park, oomph!, the cranberries, coldplay, enrique iglesias, ska-p, bob marley, the kooks, portishead, papa roach, era, the fray, foo fighters, hans zimmer, kimya dawson, christina aguilera, chris cornell, gnarls barkley
radiohead, the roots, the arcade fire, massive attack, jeff buckley, air, feist, kings of leon, r?yksopp, erykah badu, bloc party, the go! team, bj?rk, a tribe called quest, miles davis, thomas newman, goldfrapp, the strokes, the beatles, nina simone, common, the shins
[george michael]
trivium, avenged sevenfold, bullet for my valentine, him, killswitch engage, in flames, nightwish, bad religion, the offspring, u2, machine head, paradise lost, sentenced, ozzy osbourne, katatonia, norther, 50 cent, atreyu, good charlotte, dark tranquillity, nelly furtado, justin timberlake, linkin park, james blunt, evanescence, sonic syndicate, red hot chili peppers, staind, akira yamaoka, alicia keys, sum 41
the beatles, megadeth, jethro tull, black sabbath, ac/dc, king crimson, metallica, led zeppelin, chris cornell, genesis, pink floyd, queen, audioslave, the doors, black label society, cream
nirvana, death cab for cutie, green day, barenaked ladies, the white stripes, panic at the disco, the who, black sabbath, nickelback, genesis, jethro tull, the kinks, leonard cohen, pink floyd, ramones, live, tom petty and the heartbreakers, stone sour, metallica, ac/dc, the clash, the offspring, audioslave, cake, the rolling stones, foo fighters, jimmy eat world, queen, billy joel, bowling for soup, led zeppelin, queens of the stone age, thin lizzy, aerosmith, disturbed, fleetwood mac
alice in chains, thin lizzy, primus, stevie wonder, 2pac, marillion, electric light orchestra, marvin gaye, faith no more, judas priest, ray charles, rage against the machine, helloween, king crimson, kiss
isis, god is an astronaut, carcass, the white stripes, boards of canada
[unknown], dethklok, my chemical romance, red hot chili peppers, the white stripes, led zeppelin, linkin park, green day, jimi hendrix, the doors, slipknot, the beatles, evanescence, system of a down, muse, blink-182, ac/dc, black sabbath, pink floyd, van halen, tenacious d, lenny kravitz, justin timberlake, the hives, rammstein, bob marley, coheed and cambria
crystal castles, cut copy, burial, beck, radiohead, portishead, lcd soundsystem, the rolling stones, air, boards of canada, the arcade fire
madonna, kelly clarkson, hilary duff, britney spears, paramore, leona lewis, the killers, jonas brothers, damien rice, rihanna, maroon 5, imogen heap, the pussycat dolls, mika, linkin park, shakira, beyoncé, the ting tings
paradise lost, rammstein, sonata arctica, delerium, tiamat, apoptygma berzerk, sirenia, soundtrack
bloodhound gang, children of bodom, flogging molly, the offspring, korpiklaani, scooter, red hot chili peppers, finntroll, rage against the machine, tenacious d, metallica, linkin park
myslovitz, the killers, van halen, sum 41, sabaton, system of a down, queen, michael jackson, akurat, red hot chili peppers
apoptygma berzerk, eagles, vnv nation, enya, my chemical romance, def leppard, bryan adams, abba, avril lavigne, evanescence, lacrimosa, sonic youth, enter shikari, combichrist, electric light orchestra, the gathering, the cure, t.a.t.u., portishead
green day, cascada, dido, linkin park
alexisonfire, chiodos, the blood brothers, enter shikari, atreyu, the fall of troy, underoath
pink floyd, the killers, nina simone, parov stelar, matisyahu, tom waits, simon & garfunkel, gogol bordello, joy division, frank zappa, yann tiersen, ac/dc, iggy pop, damien rice, louis armstrong, ray charles, kiss, phoenix, the velvet underground
